##FastQC	0.11.8
>>Basic Statistics	pass
#Measure	Value
Filename	Virus-2-2_enriched_mRNA_S15_L001_R2_001.fastq.gz
File type	Conventional base calls
Encoding	Sanger / Illumina 1.9
Total Sequences	1450415
Sequences flagged as poor quality	0
Sequence length	35-300
%GC	49
>>END_MODULE
>>Per base sequence quality	fail
#Base	Mean	Median	Lower Quartile	Upper Quartile	10th Percentile	90th Percentile
1	31.68403043266927	34.0	34.0	34.0	24.0	34.0
2	31.82882071682932	34.0	34.0	34.0	24.0	34.0
3	31.844406600869405	34.0	34.0	34.0	27.0	34.0
4	31.897031539249113	34.0	34.0	34.0	27.0	34.0
5	32.12701537146265	34.0	34.0	34.0	27.0	34.0
6	35.03651713475109	38.0	36.0	38.0	27.0	38.0
7	34.87546391894733	38.0	36.0	38.0	27.0	38.0
8	34.498842745007465	38.0	34.0	38.0	24.0	38.0
9	35.03106283374069	38.0	36.0	38.0	27.0	38.0
10-14	35.13145699679057	38.0	36.0	38.0	27.0	38.0
15-19	35.123103939217394	38.0	36.0	38.0	27.0	38.0
20-24	35.15294850094628	38.0	36.0	38.0	27.0	38.0
25-29	35.182218882182	38.0	36.0	38.0	27.0	38.0
30-34	35.18431248987359	38.0	36.0	38.0	27.0	38.0
35-39	35.08382537997196	38.0	36.0	38.0	27.0	38.0
40-44	35.01172532012562	38.0	36.0	38.0	27.0	38.0
45-49	34.76351987308682	38.0	35.0	38.0	26.4	38.0
50-54	34.659490402695724	38.0	35.0	38.0	25.8	38.0
55-59	34.57262270271063	38.0	34.8	38.0	25.2	38.0
60-64	34.47225044900882	38.0	34.2	38.0	25.0	38.0
65-69	34.39268666035976	37.2	34.0	38.0	24.2	38.0
70-74	34.20966134704015	37.0	34.0	38.0	24.0	38.0
75-79	34.228605056791416	37.0	34.0	38.0	24.0	38.0
80-84	34.11842619304683	37.0	34.0	38.0	24.0	38.0
85-89	33.96901455039394	37.0	34.0	38.0	23.8	38.0
90-94	33.71934312865337	37.0	34.0	38.0	23.0	38.0
95-99	33.52761589411792	37.0	33.4	38.0	22.8	38.0
100-104	33.44304890201839	37.0	33.0	38.0	22.6	38.0
105-109	33.2665751411439	37.0	32.4	38.0	22.0	38.0
110-114	33.0811147908637	37.0	32.0	38.0	21.4	38.0
115-119	32.76366757193299	37.0	31.4	38.0	19.8	38.0
120-124	32.65059523131829	37.0	31.0	38.0	20.0	38.0
125-129	32.454205044890486	37.0	30.6	38.0	19.2	38.0
130-134	32.235191715239225	37.0	30.0	38.0	18.6	38.0
135-139	32.06397931059093	37.0	29.6	38.0	17.4	38.0
140-144	31.813854138548397	36.4	28.4	38.0	13.4	38.0
145-149	31.523335053384123	36.0	28.0	38.0	11.0	38.0
150-154	31.18066554535481	36.0	27.0	38.0	11.0	38.0
155-159	30.83778903812682	35.2	26.0	38.0	11.0	38.0
160-164	30.47420037398003	35.0	24.6	37.6	11.0	38.0
165-169	30.10680945322202	35.0	24.0	37.0	11.0	38.0
170-174	29.641275656329988	34.0	23.4	37.0	11.0	38.0
175-179	29.229666884276003	34.0	23.0	37.0	11.0	38.0
180-184	28.809013374607026	34.0	22.6	37.0	11.0	38.0
185-189	28.235637182544036	32.0	21.2	37.0	11.0	38.0
190-194	27.680260939080778	31.0	20.8	37.0	10.8	38.0
195-199	26.71705704166906	29.4	18.8	36.0	10.0	38.0
200-204	26.140844020334935	28.0	17.6	35.8	10.0	38.0
205-209	25.583875723109543	27.6	17.0	35.0	9.6	37.6
210-214	24.81124965092574	25.6	15.6	34.6	9.0	37.0
215-219	23.942456980685776	24.4	14.6	34.0	9.0	37.0
220-224	23.094924449684378	23.8	12.8	33.0	9.0	37.0
225-229	22.279979418848068	22.4	10.8	32.0	8.8	37.0
230-234	21.419486853357345	21.6	10.2	30.8	8.8	36.8
235-239	20.621929970517492	20.0	10.0	29.2	8.0	36.0
240-244	19.763311380177658	19.0	9.6	28.0	8.0	34.6
245-249	18.780914199544522	17.8	9.0	25.8	8.0	33.0
250-254	17.958336545503634	16.4	9.0	25.0	7.4	32.2
255-259	17.35875111687664	15.6	8.8	24.0	7.6	31.6
260-264	16.50013379796301	14.6	8.0	22.6	7.6	30.2
265-269	15.497573585225059	13.0	8.0	21.0	7.0	28.6
270-274	15.028001611885424	13.0	8.0	20.4	7.0	27.4
275-279	14.417281518738495	12.0	8.0	19.0	7.0	26.2
280-284	14.03549829180561	12.0	8.0	19.0	7.0	25.2
285-289	13.471089949742222	11.2	8.0	18.4	7.0	24.4
290-294	13.117633690256223	11.0	8.0	17.6	7.0	23.6
295-299	12.873004827712114	11.0	7.8	16.6	7.0	22.8
300	13.305818741871713	12.0	8.0	16.0	7.0	23.0
>>END_MODULE
>>Per tile sequence quality	pass
#Tile	Base	Mean
1101	1	0.17268992789703574
1101	2	0.1171320413078405
1101	3	0.18244910493493904
1101	4	-0.06903910707005068
1101	5	0.06844529606678407
1101	6	0.2668044796593847
1101	7	0.45443603313848513
1101	8	0.5406321218433732
1101	9	0.17344721362221094
1101	10-14	0.21081275025058233
1101	15-19	0.26234844563099813
1101	20-24	0.23649462729276394
1101	25-29	0.17175727064665836
1101	30-34	0.18859183928536538
1101	35-39	0.24470168323806973
1101	40-44	0.10760584171229226
1101	45-49	0.46187061742183033
1101	50-54	0.36347785030346813
1101	55-59	0.3260200340109023
1101	60-64	0.41388067731028144
1101	65-69	0.4097880489558605
1101	70-74	0.5070029264819027
1101	75-79	0.35743376361347856
1101	80-84	0.394769506194244
1101	85-89	0.2541808272749009
1101	90-94	0.40363501275157176
1101	95-99	0.3929454791330045
1101	100-104	0.35544215245334243
1101	105-109	0.4867036380559
1101	110-114	0.6002049526886069
1101	115-119	0.6054770091433639
1101	120-124	0.5349470374854022
1101	125-129	0.4798298029489203
1101	130-134	0.6418762285322828
1101	135-139	0.42044399759267037
1101	140-144	0.4377775204501333
1101	145-149	0.21459238970746597
1101	150-154	0.16276503786574992
1101	155-159	0.48839708958462325
1101	160-164	0.5274615758223753
1101	165-169	0.4897787542662613
1101	170-174	0.06225806072063378
1101	175-179	0.2505850605542861
1101	180-184	0.3266884033957709
1101	185-189	-0.09171288910475184
1101	190-194	-0.011180320457430781
1101	195-199	0.28449614195925577
1101	200-204	0.43929575940340015
1101	205-209	-0.09694243514098844
1101	210-214	-0.0344385325748533
1101	215-219	-0.02753171055641701
1101	220-224	0.22093887253157263
1101	225-229	-0.21906445205302205
1101	230-234	-0.7918181014539272
1101	235-239	-0.6050884961245337
1101	240-244	-1.2229538028486608
1101	245-249	-0.9618701990065261
1101	250-254	-0.8699030222030011
1101	255-259	-0.7812835657449213
1101	260-264	-0.37936013297529314
1101	265-269	-0.1963054393934467
1101	270-274	-0.189781141318889
1101	275-279	-0.03780351991296449
1101	280-284	-0.27370970706939524
1101	285-289	-0.25082322667635104
1101	290-294	-0.22767167340357908
1101	295-299	-0.5485888623691544
1101	300	-0.53233521141272
1102	1	-0.012662755455888686
1102	2	0.277371082354648
1102	3	0.26833596038889596
1102	4	0.2929922576253965
1102	5	0.1485546483395339
1102	6	0.38423809066666337
1102	7	0.18140107178751919
1102	8	0.3259629192472673
1102	9	0.07636850361490843
1102	10-14	0.24050462320361277
1102	15-19	0.2686546978462232
1102	20-24	0.1858770755363679
1102	25-29	-0.1042086647452507
1102	30-34	-0.07684288732426836
1102	35-39	0.01573863658034469
1102	40-44	0.39662315793221836
1102	45-49	0.5010100916250195
1102	50-54	0.42212947889838404
1102	55-59	0.29400830313015547
1102	60-64	0.2602804725198524
1102	65-69	0.29675885232838795
1102	70-74	0.5373379837512786
1102	75-79	0.5306687738346554
1102	80-84	0.42071122973982256
1102	85-89	0.5033962547686386
1102	90-94	0.43072269388014917
1102	95-99	0.5310993126946002
1102	100-104	0.5553681021742634
1102	105-109	0.9057037304805107
1102	110-114	0.7843281191865756
1102	115-119	0.8593830644982674
1102	120-124	0.986131343818542
1102	125-129	0.5663169334426996
1102	130-134	0.8941125195932784
1102	135-139	0.8618143696285827
1102	140-144	0.7498101296704647
1102	145-149	0.8193428856693785
1102	150-154	1.106760019943188
1102	155-159	1.2728268581194584
1102	160-164	1.2459971864483776
1102	165-169	1.0259312910814096
1102	170-174	1.1981330777101746
1102	175-179	0.9971016766787031
1102	180-184	1.3371803468144279
1102	185-189	1.0811965375677097
1102	190-194	0.9587327289318957
1102	195-199	1.437718557710582
1102	200-204	1.254320564147804
1102	205-209	1.2701954285719594
1102	210-214	1.1109555241329616
1102	215-219	0.9913621229663043
1102	220-224	1.6241326292013802
1102	225-229	1.720149313681901
1102	230-234	1.1157417094904893
1102	235-239	1.7360392683031485
1102	240-244	0.9653265519740621
1102	245-249	1.1976541767082622
1102	250-254	0.940508256694411
1102	255-259	0.7331196154575252
1102	260-264	0.9577295316046737
1102	265-269	0.903277346053132
1102	270-274	0.8439993378660144
1102	275-279	0.6668906441982205
1102	280-284	0.4002170684204227
1102	285-289	0.4663840123065661
1102	290-294	0.14951812348096638
1102	295-299	-0.06718687859710215
1102	300	-0.44609353770974636
1103	1	-0.029381928173481953
1103	2	0.09180660801612106
1103	3	0.03588561679218216
1103	4	0.007246028889650091
1103	5	0.07954328485375584
1103	6	0.04522854751463967
1103	7	-0.34261931316076044
1103	8	-0.20433503660859031
1103	9	-0.3557411376677493
1103	10-14	-0.11353328855972222
1103	15-19	-0.18799464658952303
1103	20-24	-0.2389567823925205
1103	25-29	-0.38920236332169367
1103	30-34	-0.49591250846469137
1103	35-39	-0.41655981686631804
1103	40-44	0.02872490822485929
1103	45-49	0.05321360437756084
1103	50-54	-0.09458737043295429
1103	55-59	-0.08608419550400015
1103	60-64	-0.24471891634746612
1103	65-69	-0.3548383209271577
1103	70-74	0.009743921198470673
1103	75-79	-0.11633402451927566
1103	80-84	-0.08785485989341169
1103	85-89	-0.16872026086571168
1103	90-94	-0.28502259718571565
1103	95-99	-0.1408104022029093
1103	100-104	-0.08426654131313427
1103	105-109	0.13250568590401457
1103	110-114	0.0764809675618352
1103	115-119	-0.11105057367807092
1103	120-124	-0.1174780263510371
1103	125-129	-0.3479465526985024
1103	130-134	-0.0014937890103396967
1103	135-139	0.3911311606334493
1103	140-144	-0.04455765061827677
1103	145-149	-0.0659678686235381
1103	150-154	-0.1190133036062555
1103	155-159	0.347997788079617
1103	160-164	0.022128270545064055
1103	165-169	0.10988386957096807
1103	170-174	0.16673401844403557
1103	175-179	0.036607138588440336
1103	180-184	0.4632004462333228
1103	185-189	0.4854319556743931
1103	190-194	0.4614878106517075
1103	195-199	0.9377343982406927
1103	200-204	0.5973628487785838
1103	205-209	0.6613053625404639
1103	210-214	0.7089265791271693
1103	215-219	0.9630133759681883
1103	220-224	0.5951869388737272
1103	225-229	0.49100733226695326
1103	230-234	0.01966889571523467
1103	235-239	0.2592916328378472
1103	240-244	0.07444201049536048
1103	245-249	0.444772745348029
1103	250-254	0.14363278551280345
1103	255-259	-0.05824764926828152
1103	260-264	0.18661828261877744
1103	265-269	0.11605323315980698
1103	270-274	0.20448918996937415
1103	275-279	0.13810500321519648
1103	280-284	0.20794064343018093
1103	285-289	0.2552224789255906
1103	290-294	0.052990923448465566
1103	295-299	-0.09475130917125263
1103	300	-0.213924351292194
1104	1	0.22654838367918018
1104	2	0.2280823554774969
1104	3	0.33832124733609703
1104	4	0.24185842517099942
1104	5	0.22319238350799964
1104	6	0.2758627451005182
1104	7	-0.10217054738223652
1104	8	-0.26122230192928697
1104	9	0.14801597864226324
1104	10-14	-0.021035564879952062
1104	15-19	0.17478684336320782
1104	20-24	-0.1587236152829945
1104	25-29	-0.021269120827128063
1104	30-34	-0.18905216087155452
1104	35-39	-0.19721360169566537
1104	40-44	-0.012798627106690219
1104	45-49	0.29541476953491497
1104	50-54	0.13629801795660512
1104	55-59	0.2290685045511225
1104	60-64	0.2199391252727949
1104	65-69	-0.09606158657053498
1104	70-74	0.3198429780647132
1104	75-79	0.16914963770910418
1104	80-84	0.08454654361948855
1104	85-89	0.28659061241807393
1104	90-94	0.2078137991720439
1104	95-99	-0.022129025806023606
1104	100-104	0.3453766822465667
1104	105-109	0.3356697045379349
1104	110-114	0.5064117356942859
1104	115-119	0.593037289188004
1104	120-124	0.37791246028921677
1104	125-129	0.09706875394578418
1104	130-134	0.285440593077972
1104	135-139	0.4920963162868759
1104	140-144	0.5303844165157869
1104	145-149	0.4261405477851312
1104	150-154	0.49220658162958486
1104	155-159	0.6781856183686337
1104	160-164	0.4968968198645136
1104	165-169	0.6340695485185108
1104	170-174	0.7123621351642981
1104	175-179	0.4436732639228431
1104	180-184	0.7677856692682248
1104	185-189	0.5547267355454011
1104	190-194	0.21855278809751155
1104	195-199	-1.7419390503709948
1104	200-204	-2.4087152281323725
1104	205-209	-0.7441999585630441
1104	210-214	-1.4910294747632662
1104	215-219	-1.4370270400104985
1104	220-224	-1.7200567304041883
1104	225-229	-1.3268201836802476
1104	230-234	-1.5612328305167331
1104	235-239	-1.000350460697959
1104	240-244	-0.9168131610692143
1104	245-249	-0.9298749433265776
1104	250-254	-1.1815533299769534
1104	255-259	-0.726868709275994
1104	260-264	-0.9788819090493561
1104	265-269	0.20678522423953716
1104	270-274	-0.037558189987949575
1104	275-279	-0.22041132502070404
1104	280-284	-0.05032371983627115
1104	285-289	0.28324567611781326
1104	290-294	0.5532364450803016
1104	295-299	-0.19206757310169742
1104	300	-0.3258412409868612
1105	1	0.2215884412878104
1105	2	0.08610670685925115
1105	3	0.09825837558813078
1105	4	0.17877100515688582
1105	5	0.3298822319173098
1105	6	0.053188432284940745
1105	7	-0.3553862613815397
1105	8	-0.0905918034823543
1105	9	0.06776043300098422
1105	10-14	-0.016049873098985756
1105	15-19	0.10561765172931814
1105	20-24	0.15726764356489298
1105	25-29	0.18544362021791017
1105	30-34	0.026402105458714686
1105	35-39	-0.05824741103049291
1105	40-44	0.2702490337019441
1105	45-49	0.06933919661654642
1105	50-54	0.12352276144624597
1105	55-59	0.0664749620789209
1105	60-64	0.09951876441559904
1105	65-69	0.0434574416656659
1105	70-74	0.33055511358118395
1105	75-79	0.19386431001358062
1105	80-84	0.3131174608719789
1105	85-89	0.5801589828456883
1105	90-94	0.5479386506990878
1105	95-99	0.49517611150636043
1105	100-104	0.5532673426557935
1105	105-109	0.6825902106762882
1105	110-114	0.6619812895813126
1105	115-119	0.687378292913202
1105	120-124	0.8026781443453856
1105	125-129	0.6649027322088301
1105	130-134	0.485992599056118
1105	135-139	0.6015342559224663
1105	140-144	0.5024944992175122
1105	145-149	0.4743054319186939
1105	150-154	0.6211109167548656
1105	155-159	0.6163207446043764
1105	160-164	0.5966660338933671
1105	165-169	0.5493572933599111
1105	170-174	0.6754755154166645
1105	175-179	0.6225986701801922
1105	180-184	0.6800176146890102
1105	185-189	0.6210180780076904
1105	190-194	0.603539858541982
1105	195-199	-0.587124180562288
1105	200-204	-2.791666861101806
1105	205-209	0.08886336202746392
1105	210-214	-0.6896826310466508
1105	215-219	-0.762213119874783
1105	220-224	-2.058649145905534
1105	225-229	-1.2036860398132632
1105	230-234	0.07167340297620584
1105	235-239	-0.14766404542771383
1105	240-244	-1.3732397743100897
1105	245-249	-1.0418415957865577
1105	250-254	-1.063609125351217
1105	255-259	-0.5630872487822138
1105	260-264	-0.6030170678133544
1105	265-269	-0.20165014159299766
1105	270-274	-0.6046361012371069
1105	275-279	-1.5084739661954956
1105	280-284	-0.12091533779947916
1105	285-289	0.07171732221954308
1105	290-294	0.3305556540910217
1105	295-299	-0.0323660667874659
1105	300	0.039292422462759546
1106	1	0.18637438163209907
1106	2	0.18969955097391278
1106	3	0.2085873681139887
1106	4	-0.008653345555718062
1106	5	0.11546464553460822
1106	6	0.02739805728066358
1106	7	0.2532542223209404
1106	8	-0.0020104288484219524
1106	9	0.10758609123182339
1106	10-14	0.31780783327766926
1106	15-19	0.507949586454302
1106	20-24	0.4898434266821994
1106	25-29	0.5126612783540381
1106	30-34	0.3482559251059243
1106	35-39	0.4267093322162836
1106	40-44	0.20457615002591467
1106	45-49	-0.06527287140020377
1106	50-54	0.07410143205918729
1106	55-59	0.06912637055417292
1106	60-64	0.08915195610802584
1106	65-69	0.01586719915972168
1106	70-74	-0.08171868253771919
1106	75-79	0.022794082610374744
1106	80-84	-0.1894615224252263
1106	85-89	0.06533069556002147
1106	90-94	0.25075345626514434
1106	95-99	0.14668947038314428
1106	100-104	0.23008525973411764
1106	105-109	0.2528013031943033
1106	110-114	0.3538386458717895
1106	115-119	0.42144455509634327
1106	120-124	0.2159235714537857
1106	125-129	0.423468251836816
1106	130-134	0.2388446042595831
1106	135-139	0.2819023084119081
1106	140-144	0.13774566151240109
1106	145-149	0.2422413724459922
1106	150-154	0.08536951844386564
1106	155-159	0.11217027098941657
1106	160-164	0.32696997372789127
1106	165-169	0.36502668716844866
1106	170-174	0.3077370813145883
1106	175-179	0.3879490573266615
1106	180-184	0.37206224660422293
1106	185-189	0.4678048394321799
1106	190-194	0.2464271607155517
1106	195-199	0.2229979829659925
1106	200-204	0.24085093610385044
1106	205-209	0.10021601116530476
1106	210-214	0.11390257126619474
1106	215-219	-0.24074320612331235
1106	220-224	-0.019991550490246368
1106	225-229	-0.11998850966944019
1106	230-234	-0.2924272952945479
1106	235-239	-0.21924245856026303
1106	240-244	-0.022347222324583527
1106	245-249	-0.02790988091676283
1106	250-254	0.35392515493320786
1106	255-259	-0.10962377086828567
1106	260-264	-0.03744964135723805
1106	265-269	0.013608282901083513
1106	270-274	0.44172040548071756
1106	275-279	-0.3034352895308565
1106	280-284	-0.189112266404317
1106	285-289	0.03256584990977984
1106	290-294	-0.18495372706218483
1106	295-299	-0.3385583152894114
1106	300	-0.4261319213456858
1107	1	0.09569814055526393
1107	2	0.07531866226264583
1107	3	0.14741435494764232
1107	4	0.0623534642246959
1107	5	0.07322675538492263
1107	6	0.13325805529554913
1107	7	0.09118163227790888
1107	8	-0.27446571521158347
1107	9	-0.06834632142185626
1107	10-14	0.12397197907744584
1107	15-19	0.1042373187139205
1107	20-24	0.2845762844635118
1107	25-29	0.21009008340484314
1107	30-34	0.03733961130460273
1107	35-39	-0.06854994029973227
1107	40-44	0.20305037802791048
1107	45-49	0.05371163493325071
1107	50-54	0.16177704748493937
1107	55-59	0.37672712962599775
1107	60-64	0.2222790850350762
1107	65-69	0.37504659396606854
1107	70-74	0.26837641826089254
1107	75-79	0.10447793614638812
1107	80-84	0.13688101742643966
1107	85-89	0.34505929404154045
1107	90-94	0.5728376702590268
1107	95-99	0.38824806564969805
1107	100-104	0.3012029706862762
1107	105-109	0.25601548589417433
1107	110-114	0.3923763000650382
1107	115-119	0.476361737006755
1107	120-124	0.60958399281661
1107	125-129	0.6108952778475754
1107	130-134	0.38809499633882893
1107	135-139	0.17585220840315685
1107	140-144	-0.18315111876742662
1107	145-149	-0.321506935653602
1107	150-154	-0.15595598482286022
1107	155-159	-0.1573489552748022
1107	160-164	0.18375873732559
1107	165-169	-0.02889966237315278
1107	170-174	-0.15097980304562242
1107	175-179	0.1597338889816271
1107	180-184	-0.20706756928067094
1107	185-189	-0.028852378596518236
1107	190-194	-0.2664521974187224
1107	195-199	-0.32227528668523675
1107	200-204	0.1304154844697436
1107	205-209	0.08329238852485332
1107	210-214	0.6345253300079676
1107	215-219	-0.13545787293158895
1107	220-224	0.4123238761101504
1107	225-229	0.8316874680148629
1107	230-234	-0.00870122300511511
1107	235-239	-0.5997717187942122
1107	240-244	0.21820296998765798
1107	245-249	0.008055801453586753
1107	250-254	0.29714221296142185
1107	255-259	0.19435218522594866
1107	260-264	0.11250049253894545
1107	265-269	0.10772874412769795
1107	270-274	-0.14002262277567645
1107	275-279	0.08022297110650989
1107	280-284	-0.060643111255245685
1107	285-289	0.4188582806504133
1107	290-294	0.30522350378979013
1107	295-299	-0.3573035976665295
1107	300	-0.35348672325789465
1108	1	-0.03774244999965859
1108	2	-0.020633103932123475
1108	3	-0.02270297333136284
1108	4	0.10366852794211212
1108	5	0.04556414645652751
1108	6	-0.05963214099476488
1108	7	0.06791487361638815
1108	8	-0.17559878475972113
1108	9	0.15744715393691422
1108	10-14	0.11878500985050522
1108	15-19	-0.07104995487954113
1108	20-24	0.24053118989402122
1108	25-29	0.05790563936967885
1108	30-34	0.06186702026381141
1108	35-39	-0.02588464979108096
1108	40-44	-0.01732535732514151
1108	45-49	0.00421142846458622
1108	50-54	0.14008639381616206
1108	55-59	0.16291852572827992
1108	60-64	-0.26375605727598384
1108	65-69	-0.0019123410858838952
1108	70-74	-0.11243154623748097
1108	75-79	-0.3364773994897874
1108	80-84	-0.19624348395548452
1108	85-89	-0.13524022022912874
1108	90-94	0.31040946642468015
1108	95-99	0.30913871364239753
1108	100-104	-0.1504002174001826
1108	105-109	-0.05042484514221002
1108	110-114	-0.1283801524642172
1108	115-119	-0.22133758162468098
1108	120-124	-0.14995063856662227
1108	125-129	0.0629000198787324
1108	130-134	-0.04414623303534171
1108	135-139	-0.14917705652601754
1108	140-144	-0.5001253382820963
1108	145-149	-0.6429943195365944
1108	150-154	-0.18311988347802455
1108	155-159	-0.4638615976504177
1108	160-164	-0.04019576228830246
1108	165-169	-0.27206368006150683
1108	170-174	-0.22400020911707585
1108	175-179	-0.40072361118971855
1108	180-184	-0.2376045592713325
1108	185-189	-0.08078474331592744
1108	190-194	-0.16591644183625576
1108	195-199	-0.05593729623509347
1108	200-204	-0.2806842111702963
1108	205-209	-0.21639243181418166
1108	210-214	0.09008694274257323
1108	215-219	0.12301825950346057
1108	220-224	0.2630934099472739
1108	225-229	-0.28381246443100494
1108	230-234	0.23793337522758407
1108	235-239	-0.3998099726260449
1108	240-244	-0.1883666668824837
1108	245-249	0.06421031554891243
1108	250-254	-0.3604263936830492
1108	255-259	-0.5656681003518678
1108	260-264	-0.3088058305557091
1108	265-269	0.23375067302116648
1108	270-274	-0.25043359191150394
1108	275-279	0.1035801360345463
1108	280-284	-0.1394500267172365
1108	285-289	0.09646586062303975
1108	290-294	-0.0809543301884208
1108	295-299	-0.277376144673692
1108	300	-0.25434733404991583
1109	1	0.19876006397240786
1109	2	0.11481856634866006
1109	3	0.10255245588247064
1109	4	0.27393317086142943
1109	5	0.21810909318485727
1109	6	0.3112769892846501
1109	7	0.4066556185675694
1109	8	0.068182071317068
1109	9	0.2877669028229235
1109	10-14	0.09141132951171471
1109	15-19	0.1546102066397168
1109	20-24	0.21097855551629863
1109	25-29	0.1408084573382382
1109	30-34	0.16056465063198289
1109	35-39	0.08308550836684958
1109	40-44	0.2154620686903641
1109	45-49	0.3882590547994553
1109	50-54	0.4847153794301988
1109	55-59	0.7004346356618711
1109	60-64	0.4042356292719447
1109	65-69	0.6599834143374963
1109	70-74	0.5098316970267192
1109	75-79	0.34029924629933817
1109	80-84	0.4542376720679613
1109	85-89	0.4855027999612034
1109	90-94	0.7510343116208844
1109	95-99	0.6938995118211295
1109	100-104	0.487200865261201
1109	105-109	0.6277153126399071
1109	110-114	0.5756904264096789
1109	115-119	0.7213614250889506
1109	120-124	0.7868988100421319
1109	125-129	0.8812503838462646
1109	130-134	0.6583380130996233
1109	135-139	0.4220445741938832
1109	140-144	0.4318842679891688
1109	145-149	0.3003579727067418
1109	150-154	0.49114174388761356
1109	155-159	0.347873385411134
1109	160-164	0.45620852223836295
1109	165-169	0.6101245903551842
1109	170-174	0.6561396205763828
1109	175-179	0.5230500558238269
1109	180-184	0.26193531250057944
1109	185-189	0.6615492113200396
1109	190-194	0.057522878774140196
1109	195-199	0.1007761625301633
1109	200-204	0.5176852907311407
1109	205-209	0.3136907705363825
1109	210-214	0.4016209070031209
1109	215-219	0.724117011520228
1109	220-224	0.6924415313035226
1109	225-229	0.6309058759892565
1109	230-234	0.2959173215614115
1109	235-239	0.03988316645911638
1109	240-244	0.026224054621884818
1109	245-249	0.4355385958919413
1109	250-254	-0.12201303102347438
1109	255-259	-0.039094194458193954
1109	260-264	0.09968178286241525
1109	265-269	0.33656120120572375
1109	270-274	0.4781259117710501
1109	275-279	0.44080314695715295
1109	280-284	0.22239197493975738
1109	285-289	0.2659372625103149
1109	290-294	0.18107542045065195
1109	295-299	-0.1266134539587025
1109	300	-0.8365764074597326
1110	1	0.10367897564997364
1110	2	0.16285720249516444
1110	3	0.1517849994362379
1110	4	0.21376043492966446
1110	5	0.23908942506545117
1110	6	-0.08407125268093552
1110	7	0.2565757659343646
1110	8	-0.20169772072920011
1110	9	0.32082093178831883
1110	10-14	-0.025282634613546406
1110	15-19	0.1716207651370354
1110	20-24	0.05618281797300284
1110	25-29	0.11189979069560962
1110	30-34	0.20132064240879544
1110	35-39	0.3857345885611707
1110	40-44	0.3091584292065974
1110	45-49	0.11794434897641537
1110	50-54	0.1180599286939028
1110	55-59	0.26139626339223554
1110	60-64	0.11944520781781165
1110	65-69	0.4839415894394534
1110	70-74	0.22031088231142348
1110	75-79	0.17190898308142266
1110	80-84	0.3873593961451647
1110	85-89	0.47095200613776456
1110	90-94	0.4767375405936889
1110	95-99	0.605328067168621
1110	100-104	0.5154075370183975
1110	105-109	0.5721055413333644
1110	110-114	0.5642178067728238
1110	115-119	0.6387037556081054
1110	120-124	0.6006799812241326
1110	125-129	0.6685636489913804
1110	130-134	0.5270725347851837
1110	135-139	0.2847612638037731
1110	140-144	0.5709464427952042
1110	145-149	0.7321925745594697
1110	150-154	0.7409216650340973
1110	155-159	0.699674816330969
1110	160-164	0.6182479451876013
1110	165-169	0.8847624897241815
1110	170-174	0.915125995744468
1110	175-179	0.8977766756534642
1110	180-184	0.9848378142221677
1110	185-189	1.0837613512202928
1110	190-194	1.035945014076006
1110	195-199	1.2699293460089756
1110	200-204	1.0046154746168376
1110	205-209	1.1577686783702035
1110	210-214	0.8656243017894383
1110	215-219	0.9454266551546908
1110	220-224	0.7871911110995207
1110	225-229	1.0520572558416568
1110	230-234	0.7523756122533349
1110	235-239	0.7892456560682355
1110	240-244	-0.14745377176888042
1110	245-249	0.29636980633350873
1110	250-254	0.3007322910178232
1110	255-259	0.24643072735618077
1110	260-264	0.4791233582370005
1110	265-269	0.3666844091587542
1110	270-274	0.23336500362035295
1110	275-279	0.42221819099750313
1110	280-284	0.22514180733495515
1110	285-289	0.3508400210382465
1110	290-294	0.5035630986164534
1110	295-299	-0.0472968555392157
1110	300	-0.2623600202208731
1111	1	0.11312816857992303
1111	2	-0.02118524720590642
1111	3	0.005145022949264444
1111	4	0.028292404673205596
1111	5	0.006440629124760733
1111	6	0.1523805575217736
1111	7	0.3454618778302745
1111	8	0.20648066157062317
1111	9	0.2753009286422099
1111	10-14	0.14574315209476651
1111	15-19	0.4033096874188331
1111	20-24	0.2511213601862252
1111	25-29	0.2554399185890688
1111	30-34	0.2909122485076949
1111	35-39	0.4328532269186596
1111	40-44	0.21614652325135353
1111	45-49	0.2049885986947828
1111	50-54	0.23834213257980963
1111	55-59	0.22375355107207895
1111	60-64	0.33042368830573565
1111	65-69	0.18610290039777766
1111	70-74	0.0014548118862194315
1111	75-79	0.15632815300817526
1111	80-84	0.2006854550281787
1111	85-89	0.3007217886395992
1111	90-94	-0.6941356533089049
1111	95-99	0.360486907886461
1111	100-104	0.5209520477877092
1111	105-109	0.4141780274411886
1111	110-114	0.36818187651352474
1111	115-119	0.32284281498354517
1111	120-124	0.3281664712493111
1111	125-129	0.5216140687467643
1111	130-134	0.5017916087028311
1111	135-139	0.4259804478670901
1111	140-144	0.6773914014172391
1111	145-149	0.603570891729099
1111	150-154	0.5185984669576271
1111	155-159	0.5786630856743855
1111	160-164	0.36576106882017
1111	165-169	0.628101450267593
1111	170-174	0.7208955162360873
1111	175-179	0.7693724431138804
1111	180-184	0.7716965244343257
1111	185-189	0.7405706741314546
1111	190-194	0.8610530944155173
1111	195-199	0.9716980588815609
1111	200-204	0.6418832768601916
1111	205-209	0.5052226283929429
1111	210-214	0.262120825816595
1111	215-219	0.01825612943670407
1111	220-224	-0.03333633875245923
1111	225-229	0.30061905223028873
1111	230-234	0.35003654235433146
1111	235-239	0.47857987521951983
1111	240-244	-0.12689208086809955
1111	245-249	0.2986730058154663
1111	250-254	0.3452741220221007
1111	255-259	0.09323929373662665
1111	260-264	0.3554021496888744
1111	265-269	-0.021506220132318177
1111	270-274	0.013677545790608647
1111	275-279	0.22171710143059542
1111	280-284	0.1891421756838323
1111	285-289	0.28983591087969707
1111	290-294	0.39414555868912693
1111	295-299	-0.22190046761666693
1111	300	-0.41580502313305345
1112	1	0.3151294114803065
1112	2	0.23782138290888355
1112	3	0.17118991123919614
1112	4	0.14243353399024627
1112	5	0.25631664101606333
1112	6	0.38089563024877293
1112	7	0.3825833530957965
1112	8	0.5075385577818778
1112	9	0.30581250528523896
1112	10-14	0.2484366017681907
1112	15-19	0.5606614143126123
1112	20-24	0.3053698662246944
1112	25-29	0.4147057619589489
1112	30-34	0.459921181165015
1112	35-39	0.4929155330580599
1112	40-44	0.3324311317923332
1112	45-49	0.320378392377755
1112	50-54	0.13763275540504338
1112	55-59	0.1797849664111908
1112	60-64	0.277536992171008
1112	65-69	0.06191009727454855
1112	70-74	0.28317772905514005
1112	75-79	0.21191527970758983
1112	80-84	0.24833758466311906
1112	85-89	0.24310889769336086
1112	90-94	-0.6204990360891856
1112	95-99	0.4214916920680949
1112	100-104	0.4604733716838183
1112	105-109	0.4023088959742367
1112	110-114	0.3817660484541463
1112	115-119	0.011275449039523266
1112	120-124	0.1711687839345899
1112	125-129	0.2731345136673653
1112	130-134	0.20877102743116893
1112	135-139	0.36222949737492627
1112	140-144	0.4163597044095013
1112	145-149	0.5511466343134472
1112	150-154	0.5212449140416808
1112	155-159	0.32515715847664595
1112	160-164	0.3088501273733577
1112	165-169	0.24255379057426651
1112	170-174	0.37829997617928157
1112	175-179	0.7051851919610463
1112	180-184	0.5876790256785753
1112	185-189	0.8653210030399663
1112	190-194	0.6020637328283982
1112	195-199	-4.236356352680538
1112	200-204	0.5500340825833341
1112	205-209	0.5836348441930745
1112	210-214	0.7675371703942346
1112	215-219	0.6713839233781975
1112	220-224	0.13300435825967938
1112	225-229	0.6883230015268751
1112	230-234	1.0980763054815696
1112	235-239	0.05862928790253363
1112	240-244	0.09762490325229578
1112	245-249	0.25514560259924224
1112	250-254	-0.1313800595443837
1112	255-259	-0.3983496439993708
1112	260-264	0.3459998194983669
1112	265-269	0.8638288621469474
1112	270-274	0.6298274692377106
1112	275-279	0.5581666252634356
1112	280-284	0.5867429451982726
1112	285-289	0.37552660146179484
1112	290-294	0.29848044626039894
1112	295-299	0.01553999473636658
1112	300	-0.5792023479649906
1113	1	0.19304886074916539
1113	2	0.147075298181349
1113	3	0.17396555011337966
1113	4	0.011949046290808951
1113	5	0.09850439667027189
1113	6	0.10872270464415124
1113	7	0.5520404660072984
1113	8	0.1760538228378863
1113	9	-0.02874405998253593
1113	10-14	0.1063263750846275
1113	15-19	0.22207286697380368
1113	20-24	0.13547100265790846
1113	25-29	0.15450012027806537
1113	30-34	0.3654692023927737
1113	35-39	0.3285001987084897
1113	40-44	0.09113714299741105
1113	45-49	0.2340778212332637
1113	50-54	0.358755212639835
1113	55-59	0.2192583829201098
1113	60-64	0.30520574096190245
1113	65-69	0.24353719086928294
1113	70-74	0.4672018690073756
1113	75-79	0.4086122628947777
1113	80-84	0.46653152244832796
1113	85-89	0.37238519383284796
1113	90-94	-0.47957061401281464
1113	95-99	0.42717293845282
1113	100-104	0.2734774174959256
1113	105-109	0.18503631005177112
1113	110-114	0.25709886484084166
1113	115-119	0.3287486879239765
1113	120-124	0.3341034039352593
1113	125-129	0.5662629655490008
1113	130-134	0.6706323175505133
1113	135-139	0.6663461229099426
1113	140-144	0.5303103855238902
1113	145-149	0.5885409496660827
1113	150-154	0.84979499961198
1113	155-159	0.7045371794700763
1113	160-164	0.5115599847120045
1113	165-169	0.6555488890615386
1113	170-174	0.7289898953176994
1113	175-179	0.8760170400993701
1113	180-184	0.5383469299300074
1113	185-189	1.2175677714959612
1113	190-194	1.064739812672581
1113	195-199	1.2964745661732024
1113	200-204	1.1562856025863724
1113	205-209	0.7979397872242657
1113	210-214	1.2747006104289902
1113	215-219	0.9759525184799962
1113	220-224	0.9572449035139599
1113	225-229	0.5893012245219929
1113	230-234	0.7838079893856786
1113	235-239	0.5654746879453292
1113	240-244	0.5186138359295143
1113	245-249	0.692070576667593
1113	250-254	0.4826946664126801
1113	255-259	0.3013287596732148
1113	260-264	0.3411503416311703
1113	265-269	0.22668437839317157
1113	270-274	0.32482253957144636
1113	275-279	0.39747406595917845
1113	280-284	0.21804581425337233
1113	285-289	0.21196947539116096
1113	290-294	0.11520303207842986
1113	295-299	-0.214517939957938
1113	300	-0.3990398459382192
1114	1	0.07015312287904862
1114	2	0.09504460204431098
1114	3	-0.01012736146448745
1114	4	-0.06580632363465355
1114	5	-0.11080058855561958
1114	6	0.182794623655532
1114	7	0.05339994818979221
1114	8	-0.31058189904837974
1114	9	-0.4069436963221804
1114	10-14	-0.36895179683203594
1114	15-19	-0.164052678137665
1114	20-24	-0.3664093864957252
1114	25-29	-0.09332282267007486
1114	30-34	0.08418745970521258
1114	35-39	-0.0749947852120485
1114	40-44	0.05915887000983844
1114	45-49	-0.07670238822252173
1114	50-54	-0.13431449400359696
1114	55-59	-0.14147114546273087
1114	60-64	-0.021330892747855046
1114	65-69	0.12205262329587896
1114	70-74	0.3908790955459551
1114	75-79	0.2240301602305408
1114	80-84	0.06736157068239379
1114	85-89	-0.2377758583835785
1114	90-94	0.24950419218451003
1114	95-99	-0.03434428166784187
1114	100-104	-0.663508666232488
1114	105-109	-0.13557712743324402
1114	110-114	-0.09195198327604714
1114	115-119	0.0426977981858343
1114	120-124	0.03416132720454357
1114	125-129	0.32072543311920043
1114	130-134	0.38605639793132696
1114	135-139	0.29404087998190676
1114	140-144	0.06495547087324738
1114	145-149	0.24540707844829157
1114	150-154	0.6220074274341805
1114	155-159	0.34985818231530175
1114	160-164	0.28663176980740346
1114	165-169	0.4674484220254449
1114	170-174	0.33887415526464437
1114	175-179	0.5724440398978494
1114	180-184	0.19307599108815765
1114	185-189	0.5866944060822235
1114	190-194	0.5867402658677392
1114	195-199	1.4536924758251253
1114	200-204	1.2638668882195638
1114	205-209	0.8262937520117255
1114	210-214	1.110547644711417
1114	215-219	1.3309143320827275
1114	220-224	1.4137051034543653
1114	225-229	0.7819277346175113
1114	230-234	0.8565528999543552
1114	235-239	1.2494995799859012
1114	240-244	1.1524071615409817
1114	245-249	0.8828404934316616
1114	250-254	0.9885061998151414
1114	255-259	0.870976212249019
1114	260-264	0.2774732025021258
1114	265-269	0.8740720669068711
1114	270-274	0.43068679588435366
1114	275-279	0.9662216855323429
1114	280-284	0.5111608373524756
1114	285-289	0.36472418246003
1114	290-294	-0.11058722924748565
1114	295-299	0.025549867648013702
1114	300	0.012473076274824635
1115	1	0.3055619674683179
1115	2	0.27972004830586883
1115	3	0.163926294969734
1115	4	0.11159753606278144
1115	5	0.09911064224719013
1115	6	0.10299475650523959
1115	7	0.232205232796467
1115	8	-0.098629084653858
1115	9	-0.504896794529607
1115	10-14	-0.18401296798937494
1115	15-19	0.004613509188843068
1115	20-24	-0.08125032621655492
1115	25-29	-0.05287564096111197
1115	30-34	0.04326932761532731
1115	35-39	0.19547268623360026
1115	40-44	0.22588490302687347
1115	45-49	0.22681189390578282
1115	50-54	0.3206263105856948
1115	55-59	0.16455235687891445
1115	60-64	0.22577475902111388
1115	65-69	0.47412111860091954
1115	70-74	0.7330912741192037
1115	75-79	0.769020122810133
1115	80-84	0.4579205644159785
1115	85-89	0.3881592160922196
1115	90-94	0.5821239261920681
1115	95-99	0.4364364148243496
1115	100-104	0.21983281137555366
1115	105-109	0.40083785441709807
1115	110-114	0.6054617439383918
1115	115-119	0.5723336866776947
1115	120-124	0.6350460366619046
1115	125-129	1.0681731005226496
1115	130-134	0.8855455626823954
1115	135-139	0.82885659492635
1115	140-144	0.7688435019886839
1115	145-149	1.1862367764995128
1115	150-154	0.9960077218879064
1115	155-159	0.9056626937081944
1115	160-164	1.0300502785900711
1115	165-169	1.354255023875094
1115	170-174	1.2209492663703507
1115	175-179	1.1083860364876408
1115	180-184	1.2613272908655162
1115	185-189	1.1080934508773232
1115	190-194	1.6540392148938707
1115	195-199	1.8931588509389847
1115	200-204	1.9770690150710877
1115	205-209	1.5534250260776759
1115	210-214	2.3174137339797483
1115	215-219	1.9584465296060998
1115	220-224	1.9441025328244699
1115	225-229	1.8288621363079898
1115	230-234	1.4988030807740458
1115	235-239	1.6002601076692322
1115	240-244	1.8457572941462566
1115	245-249	1.2871779076357726
1115	250-254	1.830354477543164
1115	255-259	1.1603625729963483
1115	260-264	1.4890242192692718
1115	265-269	1.396255776037707
1115	270-274	1.1220153551377248
1115	275-279	1.2555701804434047
1115	280-284	0.841736185021464
1115	285-289	0.6472674036855448
1115	290-294	0.25400609260809226
1115	295-299	0.2448870403213057
1115	300	-0.18012502909417982
1116	1	0.31251167644287037
1116	2	0.09165896022868125
1116	3	0.013598628161464177
1116	4	0.13475303914906434
1116	5	0.19144445248885233
1116	6	0.17298154822010048
1116	7	0.4168064459927123
1116	8	0.5234542237709903
1116	9	0.34567797365580333
1116	10-14	0.14679132918337245
1116	15-19	0.1727788083854307
1116	20-24	0.23476965174616282
1116	25-29	0.10331616206025274
1116	30-34	0.16131827599863868
1116	35-39	0.26114171448090673
1116	40-44	0.0840883488172608
1116	45-49	0.16061448409207912
1116	50-54	0.1832245298427111
1116	55-59	0.21313826099780186
1116	60-64	-0.07427000191405142
1116	65-69	0.17605072805530853
1116	70-74	0.24463377822375065
1116	75-79	0.44016771663631005
1116	80-84	-0.0496192706897034
1116	85-89	0.004499772226715493
1116	90-94	0.28912509535534525
1116	95-99	-0.12128926830286701
1116	100-104	-0.038878761846945054
1116	105-109	0.1044308096959341
1116	110-114	-0.020650968778923584
1116	115-119	0.19061716960916186
1116	120-124	0.3529205814558267
1116	125-129	0.4413800528700733
1116	130-134	0.4044912860510834
1116	135-139	0.43415241882382105
1116	140-144	0.11820782464000601
1116	145-149	0.514063403929164
1116	150-154	0.3085617910612761
1116	155-159	0.04108179107951315
1116	160-164	0.2725952027712246
1116	165-169	0.49198937888586514
1116	170-174	0.38676591290926865
1116	175-179	0.053521796514584
1116	180-184	0.024983685636541964
1116	185-189	-0.4074923328753002
1116	190-194	0.3479145484850328
1116	195-199	0.6232978230017991
1116	200-204	0.7967698596864565
1116	205-209	0.6692346058687804
1116	210-214	1.322097738833289
1116	215-219	0.8333585599636137
1116	220-224	0.859537082254402
1116	225-229	0.6532505552000032
1116	230-234	0.5347841755398655
1116	235-239	0.4925324905307953
1116	240-244	0.33598573586992586
1116	245-249	1.1302260367736778
1116	250-254	0.8845313670070283
1116	255-259	0.6954447018136705
1116	260-264	0.3428072125107704
1116	265-269	1.077568021039811
1116	270-274	0.8331929694462019
1116	275-279	0.5797414401720626
1116	280-284	0.7011632437409627
1116	285-289	0.6961017417393478
1116	290-294	0.7682279897680253
1116	295-299	0.3815601197994827
1116	300	-0.08593098059878557
1117	1	0.13303557038102554
1117	2	-0.0028504809013156773
1117	3	0.23722763475129227
1117	4	0.019399506155824753
1117	5	0.007018661473580323
1117	6	0.14006326135688596
1117	7	0.33871157408074026
1117	8	0.39534970414400306
1117	9	0.13531013195056119
1117	10-14	0.2449573994619314
1117	15-19	0.20768743478801355
1117	20-24	0.21792898278599893
1117	25-29	0.19148677473086195
1117	30-34	0.3515094140501773
1117	35-39	0.5023871364296042
1117	40-44	0.1523736551175432
1117	45-49	0.22797661616500875
1117	50-54	0.09013939468668752
1117	55-59	-0.004023919663453057
1117	60-64	-0.006175593685433967
1117	65-69	0.050458454970701894
1117	70-74	0.030779674612972485
1117	75-79	0.013930530500417149
1117	80-84	-0.10129228241972044
1117	85-89	-0.06949557646751714
1117	90-94	-0.16913448188446978
1117	95-99	-0.4429475701655079
1117	100-104	-0.14054752601290943
1117	105-109	-0.1534047839850956
1117	110-114	-0.3430640270249441
1117	115-119	-0.32484112316623737
1117	120-124	-0.09898266700598413
1117	125-129	0.031248252097235252
1117	130-134	0.2193581925391399
1117	135-139	0.6059965726203203
1117	140-144	0.49893923514578375
1117	145-149	0.7453099045914087
1117	150-154	0.32799819168895894
1117	155-159	0.45299905411544117
1117	160-164	0.559657882056225
1117	165-169	0.912326311572901
1117	170-174	0.6489137008621775
1117	175-179	0.5197626609784578
1117	180-184	0.8474431247383372
1117	185-189	0.3088817040868328
1117	190-194	0.907816637307171
1117	195-199	1.265912409634872
1117	200-204	1.4448319128012557
1117	205-209	1.3439192669571582
1117	210-214	1.9042444094007145
1117	215-219	1.4127829167839643
1117	220-224	1.0551999452783534
1117	225-229	1.2949556186479931
1117	230-234	1.9539673578250074
1117	235-239	0.8363170881973687
1117	240-244	1.618636329500493
1117	245-249	1.7810895380325924
1117	250-254	1.12850551336928
1117	255-259	1.5992197888750503
1117	260-264	1.0808375577680813
1117	265-269	1.4361096811891105
1117	270-274	1.0257046411027932
1117	275-279	1.323588877948847
1117	280-284	0.7054932366133837
1117	285-289	0.9947317250759973
1117	290-294	0.6599967929837565
1117	295-299	0.5657949573982535
1117	300	0.019196217502784663
1118	1	0.25453032593952685
1118	2	-0.008101962846026822
1118	3	0.20840170492935073
1118	4	0.07962816877492784
1118	5	0.02012686621525006
1118	6	0.11831636122353473
1118	7	0.1252516921945599
1118	8	0.34149678594845057
1118	9	0.30542723802383875
1118	10-14	0.13942088992143908
1118	15-19	0.09157159323393671
1118	20-24	0.09124989180412513
1118	25-29	0.11101494065345463
1118	30-34	0.08975521118044583
1118	35-39	0.2535951196014423
1118	40-44	0.07479573639232484
1118	45-49	-0.09824283085985996
1118	50-54	-0.020189912859855497
1118	55-59	-0.2171412403155415
1118	60-64	-0.19157702559879652
1118	65-69	-0.27598859265650333
1118	70-74	-0.5284742962098008
1118	75-79	0.02496020545686406
1118	80-84	0.14037024652519392
1118	85-89	-0.022646282257341
1118	90-94	-0.15699149233110177
1118	95-99	-0.1978590614864899
1118	100-104	0.08481805179398805
1118	105-109	0.019371826520938384
1118	110-114	-0.3813608213275117
1118	115-119	0.21556021931520064
1118	120-124	0.16409058316557434
1118	125-129	0.15794481865756893
1118	130-134	0.27411541006189566
1118	135-139	0.9728472837786057
1118	140-144	1.0754465600258456
1118	145-149	1.026719440738816
1118	150-154	0.5008725149554998
1118	155-159	0.886609446600346
1118	160-164	1.0338057345451013
1118	165-169	0.9570828444891504
1118	170-174	0.6844680953415576
1118	175-179	0.8454204071886835
1118	180-184	1.1292759176708067
1118	185-189	0.3899468012151779
1118	190-194	0.7680474620631657
1118	195-199	0.9977396104168363
1118	200-204	1.0934815244193778
1118	205-209	0.772047452801992
1118	210-214	1.573557499373635
1118	215-219	1.4091570872159984
1118	220-224	1.6589722395696853
1118	225-229	1.6514558139780888
1118	230-234	1.7500207957331284
1118	235-239	1.3825901130421983
1118	240-244	2.1106403644248815
1118	245-249	1.6368412041098068
1118	250-254	1.5644089381734751
1118	255-259	1.362533195227936
1118	260-264	1.3212448670137142
1118	265-269	1.1471800223014572
1118	270-274	0.9501659734537515
1118	275-279	1.4181641493156878
1118	280-284	1.1869809164103184
1118	285-289	1.230472978118117
1118	290-294	0.9486185626903882
1118	295-299	0.7555291523664867
1118	300	0.03002188007192963
1119	1	0.1591111830158347
1119	2	-0.003210741617397872
1119	3	-0.03177126782745532
1119	4	0.19399435956430366
1119	5	-0.05677972784756946
1119	6	0.23689061272604306
1119	7	0.3669974946045187
1119	8	0.5182164211422204
1119	9	0.41286664189552624
1119	10-14	0.050381221891647954
1119	15-19	0.15323433824084276
1119	20-24	0.21764143701552996
1119	25-29	0.2818223495100014
1119	30-34	0.15839735315245207
1119	35-39	0.34050170909847566
1119	40-44	0.14114459247623756
1119	45-49	0.07745730745422463
1119	50-54	0.1742202806817943
1119	55-59	0.13233922899591732
1119	60-64	0.43651736628073223
1119	65-69	0.5095680091003487
1119	70-74	0.331721803286932
1119	75-79	0.482158098711281
1119	80-84	0.4662891170953003
1119	85-89	0.16429189854679294
1119	90-94	0.5891399498678709
1119	95-99	0.49850049599896806
1119	100-104	0.6948119694396198
1119	105-109	0.6481676311196267
1119	110-114	0.7296143439705958
1119	115-119	1.0206171905965746
1119	120-124	1.0524119825057596
1119	125-129	1.041094595687305
1119	130-134	1.0888386727603034
1119	135-139	0.9553484967356809
1119	140-144	1.2144730953600558
1119	145-149	1.1853606029875294
1119	150-154	1.0074000572940491
1119	155-159	1.2694373972361603
1119	160-164	1.5894078458296086
1119	165-169	1.1823337685636766
1119	170-174	1.5588928376689992
1119	175-179	1.6759242832726073
1119	180-184	1.728660330013824
1119	185-189	1.7037169323997503
1119	190-194	1.916047088214878
1119	195-199	2.1410400680575066
1119	200-204	2.0206648549957897
1119	205-209	2.435351489555803
1119	210-214	2.2997871259795346
1119	215-219	2.6912399417540414
1119	220-224	2.7704972297535697
1119	225-229	2.666363874595511
1119	230-234	2.828015004959102
1119	235-239	2.583977150684113
1119	240-244	2.521780269278885
1119	245-249	3.0713809280073967
1119	250-254	2.9227895009116978
1119	255-259	1.6286896280707417
1119	260-264	1.8344580876921093
1119	265-269	1.4673645946604612
1119	270-274	2.0486996812106266
1119	275-279	1.418436021914058
1119	280-284	1.200625080376545
1119	285-289	1.507363656235798
1119	290-294	0.9232053863867442
1119	295-299	0.8526382753376627
1119	300	-0.046778373737637935
2101	1	-0.033976479356365274
2101	2	-0.10138763692918218
2101	3	-0.07571039974938643
2101	4	-0.09985701097258115
2101	5	-0.11364753697153418
2101	6	-0.04601070092619608
2101	7	0.27107007292899254
2101	8	0.21564571492424278
2101	9	0.1497341427976906
2101	10-14	-0.16715878079779145
2101	15-19	-0.08319312830413139
2101	20-24	-0.09053975158047933
2101	25-29	-0.024226489734878953
2101	30-34	-0.052010915265647384
2101	35-39	-0.12693238671289464
2101	40-44	-0.15194524453078628
2101	45-49	0.014851677035061073
2101	50-54	0.019422102642423056
2101	55-59	0.09696194842339168
2101	60-64	-0.03371918030045862
2101	65-69	-0.05119746310079165
2101	70-74	0.11658668610505885
2101	75-79	0.15929144038922516
2101	80-84	-0.0047847635323989834
2101	85-89	-0.19460953393574698
2101	90-94	0.11014735518808294
2101	95-99	-0.2724868476373601
2101	100-104	0.13834103906474837
2101	105-109	-0.07056554617359012
2101	110-114	-0.16298243946370405
2101	115-119	0.01632608711263117
2101	120-124	-0.2791092932493697
2101	125-129	-0.1694321325120498
2101	130-134	-0.3401723452033174
2101	135-139	-0.49012601031579806
2101	140-144	-0.5012367675771614
2101	145-149	-0.668414986456721
2101	150-154	-0.6226937565252868
2101	155-159	-0.738014269774613
2101	160-164	-0.7425017953156114
2101	165-169	-0.7888061823166019
2101	170-174	-0.8881980967629453
2101	175-179	-0.8344295731096913
2101	180-184	-0.9390900670826383
2101	185-189	-1.2024673998176745
2101	190-194	-1.6386936965432035
2101	195-199	-1.0615343977228804
2101	200-204	-1.0749657828652026
2101	205-209	-1.3402810904669735
2101	210-214	-1.0638044626190002
2101	215-219	-1.2140743171421455
2101	220-224	-1.259940421735397
2101	225-229	-1.1676314434739794
2101	230-234	-1.1279768076965127
2101	235-239	-1.323275143240938
2101	240-244	-1.466047963272512
2101	245-249	-2.1552622033742708
2101	250-254	-1.1424512659391581
2101	255-259	-1.3358381660703493
2101	260-264	-1.6001034032129802
2101	265-269	-0.9001079612848741
2101	270-274	-1.1112316468311771
2101	275-279	-0.8463047183520391
2101	280-284	-0.9387954523164996
2101	285-289	-0.856698535845009
2101	290-294	-0.9126201801431701
2101	295-299	0.13987443069210315
2101	300	0.7138073321490097
2102	1	-0.06397427268555589
2102	2	0.10883108782196516
2102	3	0.23706995950121978
2102	4	-0.10205850989970244
2102	5	-0.08543030861903134
2102	6	-0.024507153587933317
2102	7	-0.21750954363896824
2102	8	0.08402843209455568
2102	9	-0.08433185504850371
2102	10-14	0.09835348289016821
2102	15-19	0.08386340269441206
2102	20-24	-0.021252356842708764
2102	25-29	0.07646838170930437
2102	30-34	-0.021252797417929514
2102	35-39	-0.012456515598167073
2102	40-44	0.01594302992445762
2102	45-49	0.1725923388614845
2102	50-54	0.04471958010973509
2102	55-59	-0.005208803211147028
2102	60-64	0.0013588125082648617
2102	65-69	-0.007115511051154044
2102	70-74	0.1167332352539674
2102	75-79	-0.0277074789221885
2102	80-84	0.01857765363497066
2102	85-89	0.015640845935358527
2102	90-94	0.07088988629669046
2102	95-99	-0.12587018148109053
2102	100-104	0.1828825072042619
2102	105-109	-0.09744025130982692
2102	110-114	-0.3047557112054875
2102	115-119	-0.11529445268718064
2102	120-124	-0.2198040706349076
2102	125-129	0.10212250452450888
2102	130-134	-0.2610935261445526
2102	135-139	-0.4221749136945938
2102	140-144	-0.34643132652012554
2102	145-149	-0.26845615541441603
2102	150-154	-0.3363910887067121
2102	155-159	-0.3558374250007823
2102	160-164	-0.6521206687272425
2102	165-169	-0.5821036655469705
2102	170-174	-0.16321818967897173
2102	175-179	-0.23397496705435472
2102	180-184	-0.505488433292399
2102	185-189	-0.822127971311474
2102	190-194	-1.042281383490895
2102	195-199	-0.42296729092760543
2102	200-204	-0.6250631592061424
2102	205-209	-0.6236349190373787
2102	210-214	-0.2217066651395676
2102	215-219	-0.5300721600901817
2102	220-224	-0.11537993556029846
2102	225-229	-0.05481819248686293
2102	230-234	-0.03607027835310461
2102	235-239	-0.6655077674730805
2102	240-244	-0.697432061414375
2102	245-249	-0.5791733651572386
2102	250-254	-1.130494400148173
2102	255-259	-0.22487660231546514
2102	260-264	0.3490359308817901
2102	265-269	-0.7739439230879412
2102	270-274	-0.3652292800963597
2102	275-279	-0.5198232073847979
2102	280-284	-0.677481492182503
2102	285-289	-0.6811180684638902
2102	290-294	-0.6650328282483429
2102	295-299	-0.05662805072033805
2102	300	0.7272692173280575
2103	1	-0.18219688710347626
2103	2	-0.13232233706639818
2103	3	-0.32066602676996325
2103	4	-0.18913208945901516
2103	5	-0.0416632639959289
2103	6	-0.14587100427961985
2103	7	-0.39716596838099605
2103	8	0.16205884598419829
2103	9	0.06512286482472973
2103	10-14	0.14023297731247197
2103	15-19	-0.0930516332314042
2103	20-24	0.007320942612018655
2103	25-29	0.011296335408538027
2103	30-34	-0.040046736516245574
2103	35-39	0.03864263338743967
2103	40-44	0.00813651300747864
2103	45-49	0.05013959458889161
2103	50-54	-0.02943495576528221
2103	55-59	-0.01015637362572619
2103	60-64	-0.2587415281209786
2103	65-69	-0.05631095990386825
2103	70-74	-0.1506653094478949
2103	75-79	-0.22183137788753982
2103	80-84	-0.15530885144437434
2103	85-89	-0.27985154428154146
2103	90-94	-0.2849030707286744
2103	95-99	-0.3041407995319574
2103	100-104	-0.20016248647120705
2103	105-109	-0.44829611301521055
2103	110-114	-0.5594249908298607
2103	115-119	-0.4699787037737053
2103	120-124	-0.31283079546190606
2103	125-129	-0.41988481088112906
2103	130-134	-0.3623246124236772
2103	135-139	-0.6242762185919126
2103	140-144	-0.7490129321527164
2103	145-149	-0.7766992000239874
2103	150-154	-0.47184409430411023
2103	155-159	-0.520115753724621
2103	160-164	-0.6567801193133711
2103	165-169	-0.9705424823754321
2103	170-174	-0.6568874237066922
2103	175-179	-0.8719275197006624
2103	180-184	-0.6761621322407301
2103	185-189	-0.5590179787571081
2103	190-194	-0.5857369588209416
2103	195-199	-0.11369809327301539
2103	200-204	-0.3082199757437145
2103	205-209	-0.34705643863108904
2103	210-214	-0.40763161827933914
2103	215-219	-0.534685085764778
2103	220-224	-0.7703478258780869
2103	225-229	-0.31442476562894583
2103	230-234	-0.3483361429642997
2103	235-239	-0.9239001250118193
2103	240-244	-0.9155720394575191
2103	245-249	-1.0335533212667052
2103	250-254	-0.7420028298385652
2103	255-259	-0.7632369918354485
2103	260-264	-1.1130032638419678
2103	265-269	-0.9488515331675238
2103	270-274	-0.5936735831007329
2103	275-279	-0.6388453856441352
2103	280-284	-0.4256663501392488
2103	285-289	-0.8261019548827573
2103	290-294	-0.7091144021909948
2103	295-299	-0.48486341783263853
2103	300	-1.332982018171144
2104	1	-0.38311512912165924
2104	2	-0.4640093766186091
2104	3	-0.2552143682372865
2104	4	-0.30471079421572256
2104	5	-0.12849897903980434
2104	6	-0.22998058679251443
2104	7	-0.5254783222994988
2104	8	-0.10086596821205518
2104	9	-0.09127352805894873
2104	10-14	-0.1309687088389495
2104	15-19	-0.23356917600795413
2104	20-24	-0.20187204850883234
2104	25-29	-0.15838816105301845
2104	30-34	-0.12193681174753834
2104	35-39	-0.03529368378445241
2104	40-44	-0.19456725586124435
2104	45-49	-0.04866224259193075
2104	50-54	-0.18190763484942352
2104	55-59	0.035347463766377984
2104	60-64	-0.17969291982889501
2104	65-69	-0.18047063645441597
2104	70-74	-0.2775389953190128
2104	75-79	-0.35190507194469944
2104	80-84	-0.25943781774830654
2104	85-89	-0.13609926043834264
2104	90-94	-0.17065169917078293
2104	95-99	-0.3506197888175251
2104	100-104	-0.43787320686216447
2104	105-109	-0.7589044936149847
2104	110-114	-0.6237149878793247
2104	115-119	-0.4384865019849613
2104	120-124	-0.42001251326607303
2104	125-129	-0.484231821903677
2104	130-134	-0.1595994966225831
2104	135-139	-0.6485449648774555
2104	140-144	-0.9204454293501776
2104	145-149	-0.8081800570744768
2104	150-154	-0.8014592335208519
2104	155-159	-0.9686605068622214
2104	160-164	-1.1104643520932171
2104	165-169	-1.4924333634516067
2104	170-174	-1.0716505425265197
2104	175-179	-1.5036651576379327
2104	180-184	-1.3689555750366509
2104	185-189	-1.6934398699747177
2104	190-194	-1.5907325799069554
2104	195-199	-2.9745333045383298
2104	200-204	-3.394178910819779
2104	205-209	-2.315672067572251
2104	210-214	-2.94460368985148
2104	215-219	-3.5315516351484817
2104	220-224	-3.334388091670853
2104	225-229	-3.835954094851889
2104	230-234	-3.067684212971052
2104	235-239	-2.927536957280669
2104	240-244	-2.1021211438144682
2104	245-249	-2.477882640904525
2104	250-254	-1.9762491104238524
2104	255-259	-1.47776384206054
2104	260-264	-1.407855945481387
2104	265-269	-1.5997467706555586
2104	270-274	-0.7215766876582439
2104	275-279	-0.8970513364852746
2104	280-284	-1.0201834524368483
2104	285-289	-1.0417856362523317
2104	290-294	-0.2532503098533443
2104	295-299	-0.5265438570256826
2104	300	-1.4018179816375156
2105	1	-0.3713502727187006
2105	2	-0.058620842667796325
2105	3	-0.05665575271119394
2105	4	-0.3939978276827354
2105	5	-0.16640950283935396
2105	6	-0.05520258151318558
2105	7	-0.30532734724019406
2105	8	-0.5575726064335598
2105	9	-0.09934178546309624
2105	10-14	0.03514268731170489
2105	15-19	-0.1412202829853939
2105	20-24	-0.12562221277400454
2105	25-29	-0.023941294133905444
2105	30-34	0.024137557694643874
2105	35-39	-0.023543166327939957
2105	40-44	0.015024896211116356
2105	45-49	-0.20286017423976688
2105	50-54	-0.18467107247211345
2105	55-59	-0.22377657020467723
2105	60-64	-0.2682878079200606
2105	65-69	-0.1809780650349353
2105	70-74	-0.3159764226279833
2105	75-79	-0.26226594758468025
2105	80-84	-0.179654329414916
2105	85-89	-0.13669087178048045
2105	90-94	-0.12730109862571481
2105	95-99	-0.1305418061600463
2105	100-104	-0.31413379360983384
2105	105-109	-0.3166293776423714
2105	110-114	-0.2574100256132539
2105	115-119	-0.1291509186313533
2105	120-124	-0.2645617409737895
2105	125-129	-0.24791148113283157
2105	130-134	-0.4599597320209412
2105	135-139	-0.6951138522127209
2105	140-144	-0.8352849062185328
2105	145-149	-0.6967514063187572
2105	150-154	-0.8087031769638777
2105	155-159	-0.8676787095562801
2105	160-164	-0.7055991281023672
2105	165-169	-1.0334880407855387
2105	170-174	-0.8624898364432312
2105	175-179	-0.9675187097224551
2105	180-184	-1.2417200832020079
2105	185-189	-1.1504115871740197
2105	190-194	-1.0197392657424302
2105	195-199	-2.0813648938919442
2105	200-204	-2.776183148855491
2105	205-209	-1.7926845744990771
2105	210-214	-2.5133830386340534
2105	215-219	-2.2483829548852725
2105	220-224	-3.602028342585527
2105	225-229	-3.369209051071177
2105	230-234	-2.644949677657422
2105	235-239	-1.470987383525948
2105	240-244	-2.540881664653252
2105	245-249	-2.046278189555398
2105	250-254	-1.5182721059575464
2105	255-259	-1.3762042459254111
2105	260-264	-1.9341555147076122
2105	265-269	-0.7531128330650336
2105	270-274	-0.8082804884148818
2105	275-279	-0.9133736556965495
2105	280-284	-0.9506740193610987
2105	285-289	-0.5004262691887202
2105	290-294	-0.4695018474485728
2105	295-299	0.18106225307708357
2105	300	0.7131083773851401
2106	1	-0.3079281894512995
2106	2	-0.30010276162950333
2106	3	-0.08267525119282482
2106	4	-0.17403572342006868
2106	5	-0.11883553569590077
2106	6	0.03935608731259066
2106	7	-0.21697240417450558
2106	8	-0.3419104813859164
2106	9	-0.11754948102714735
2106	10-14	0.2215845020864151
2106	15-19	0.0567947854165638
2106	20-24	0.17045696531100418
2106	25-29	0.1756694411602453
2106	30-34	0.02486009281862067
2106	35-39	0.019049684188047422
2106	40-44	-0.19068786243599334
2106	45-49	-0.4902278267509317
2106	50-54	-0.24453528535840974
2106	55-59	-0.26936452407394995
2106	60-64	-0.4894124456179938
2106	65-69	-0.5044642122685801
2106	70-74	-0.5928257540061352
2106	75-79	-0.383603752452494
2106	80-84	-0.6159540893940019
2106	85-89	-0.5123528144953013
2106	90-94	-0.36393587020108953
2106	95-99	-0.5937949739861779
2106	100-104	-0.5221426950708619
2106	105-109	-0.5188266352657251
2106	110-114	-0.4689026978620774
2106	115-119	-0.7332178391254942
2106	120-124	-0.8190108394434787
2106	125-129	-0.7390112582473627
2106	130-134	-0.7001943393154733
2106	135-139	-0.9530170847768673
2106	140-144	-0.7474761970977468
2106	145-149	-1.0800105360992163
2106	150-154	-1.1680697458470704
2106	155-159	-1.0650704209087785
2106	160-164	-1.369198704042823
2106	165-169	-1.2997426025769379
2106	170-174	-1.449401264115128
2106	175-179	-1.5614807080329527
2106	180-184	-1.3443380435855694
2106	185-189	-1.589866212685049
2106	190-194	-1.9256739646741003
2106	195-199	-1.2444791690081658
2106	200-204	-1.3472385733746322
2106	205-209	-1.8316143788243515
2106	210-214	-2.2681503175947597
2106	215-219	-2.0958292422424734
2106	220-224	-1.213761005555785
2106	225-229	-1.6963327734904077
2106	230-234	-2.129038826819439
2106	235-239	-1.4901656042896967
2106	240-244	-0.8542483949926449
2106	245-249	-1.1082250266188716
2106	250-254	-0.7621130106366145
2106	255-259	-0.4766620164709465
2106	260-264	-1.1285509603164279
2106	265-269	-1.2240929224086017
2106	270-274	-0.880506481933164
2106	275-279	-0.9306387115774921
2106	280-284	-0.7060515983952147
2106	285-289	-0.3128664347337988
2106	290-294	-0.2402696826639641
2106	295-299	-0.23552052368874143
2106	300	0.6345773358700715
2107	1	-0.5616496417329806
2107	2	-0.28378878107015737
2107	3	-0.2955615161980525
2107	4	-0.13242665820527222
2107	5	-0.3343170359898444
2107	6	-0.6113203493833268
2107	7	-0.7047714814853308
2107	8	-0.6462939428870556
2107	9	-0.31246691904942026
2107	10-14	-0.11140767844444355
2107	15-19	-0.37282391646008506
2107	20-24	-0.2114343058054473
2107	25-29	-0.18937458309427768
2107	30-34	-0.29309141375573233
2107	35-39	-0.5932257286526124
2107	40-44	-0.45473013400746254
2107	45-49	-0.417010482493545
2107	50-54	-0.22670636490518348
2107	55-59	-0.18501474335418777
2107	60-64	-0.20432684147755964
2107	65-69	-0.2944769491412558
2107	70-74	-0.4137925275434853
2107	75-79	-0.2542566985237187
2107	80-84	-0.35628821424098334
2107	85-89	-0.3591517821210317
2107	90-94	-0.1478427732022638
2107	95-99	-0.4998641322955635
2107	100-104	-0.3288888743499001
2107	105-109	-0.6136576240490257
2107	110-114	-0.5345025985491958
2107	115-119	-0.6021338105956104
2107	120-124	-0.5914721814042565
2107	125-129	-0.4684355320371125
2107	130-134	-0.710093753458743
2107	135-139	-1.0739091163937964
2107	140-144	-1.0042838819666926
2107	145-149	-1.1391736404715935
2107	150-154	-1.3837537906405828
2107	155-159	-1.2712286322689685
2107	160-164	-1.3147883113028094
2107	165-169	-1.2811650554908525
2107	170-174	-1.5571725188455545
2107	175-179	-1.455833936362577
2107	180-184	-1.4808350835906516
2107	185-189	-1.3826348584080819
2107	190-194	-1.6026689569344512
2107	195-199	-0.7188195247446565
2107	200-204	-0.9706161313698587
2107	205-209	-1.1590830985085248
2107	210-214	-1.9777801199289122
2107	215-219	-1.0802288137093612
2107	220-224	-0.7925951706020413
2107	225-229	-0.47113551887692395
2107	230-234	-0.7670389996715201
2107	235-239	-1.7004130639572814
2107	240-244	-1.4599693044307465
2107	245-249	-0.902030237365377
2107	250-254	-0.8179170813697425
2107	255-259	-0.8297803603959686
2107	260-264	-0.9806524018810752
2107	265-269	-1.1535911864580317
2107	270-274	-1.214267091341636
2107	275-279	-0.8830853864290962
2107	280-284	-0.7137945384832083
2107	285-289	-0.7652980561751885
2107	290-294	-0.4137577610187897
2107	295-299	-0.4914564922832856
2107	300	-1.5784286535742744
2108	1	0.06787337030209173
2108	2	-0.30917449792072915
2108	3	-0.04628055951430454
2108	4	0.04537593305848375
2108	5	-0.033437878238864016
2108	6	-0.039811815342822854
2108	7	-0.2076180747858345
2108	8	-0.03500271121264831
2108	9	0.04216852628356804
2108	10-14	0.09915612156556364
2108	15-19	-0.07598458717474443
2108	20-24	0.12311646136049603
2108	25-29	-0.06588953348529714
2108	30-34	-0.041044347764447764
2108	35-39	-0.21845130930779533
2108	40-44	-0.17977698053200442
2108	45-49	-0.14868280187040028
2108	50-54	-0.0780834356605169
2108	55-59	-0.034094383866033695
2108	60-64	-0.0415607531903035
2108	65-69	-0.16237308257395
2108	70-74	-0.3249328426093996
2108	75-79	-0.1126249706484117
2108	80-84	-0.39198049601332485
2108	85-89	-0.16987016994202975
2108	90-94	-0.11331189472017655
2108	95-99	-0.40246395629816334
2108	100-104	-0.25749459428526933
2108	105-109	-0.3997779432474289
2108	110-114	-0.3880084874679639
2108	115-119	-0.30327128395742875
2108	120-124	-0.41268220407032885
2108	125-129	-0.40773765953725416
2108	130-134	-0.4977139268189177
2108	135-139	-1.001203906156892
2108	140-144	-0.8200639599255837
2108	145-149	-0.714925849644132
2108	150-154	-1.1040188576875565
2108	155-159	-1.083796184817892
2108	160-164	-1.0092216158299898
2108	165-169	-1.1355501551710248
2108	170-174	-1.3407907625365674
2108	175-179	-1.2693123442627972
2108	180-184	-1.2034857901456704
2108	185-189	-1.105562937143855
2108	190-194	-1.262037659235233
2108	195-199	-0.7341996363872951
2108	200-204	-0.7807078770996654
2108	205-209	-1.082710800950025
2108	210-214	-1.9498029990447492
2108	215-219	-1.1144566538059166
2108	220-224	-1.1034679314638574
2108	225-229	-0.9013989681285537
2108	230-234	-1.4278748070381937
2108	235-239	-0.5435517567647921
2108	240-244	-0.9954982519886748
2108	245-249	-0.7128427277862563
2108	250-254	-1.012268998897305
2108	255-259	-0.5938654932626726
2108	260-264	-1.107370200301002
2108	265-269	-0.826840733016871
2108	270-274	-1.1576650144015819
2108	275-279	-1.053638233901685
2108	280-284	-1.0379282140517976
2108	285-289	-0.3999015603722391
2108	290-294	-0.2915513538093837
2108	295-299	-0.18949413659062309
2108	300	0.29774224266729377
2109	1	-0.3668122717188602
2109	2	0.09115944431011869
2109	3	-0.2008279700898008
2109	4	-0.057688094857127226
2109	5	0.0071896374885511705
2109	6	-0.18014900697868086
2109	7	-0.2716598955065024
2109	8	-0.28679405550028747
2109	9	-0.1610579718824212
2109	10-14	-0.0811435409061545
2109	15-19	-0.22687079652423847
2109	20-24	-0.09340780232726331
2109	25-29	-0.15971581034045812
2109	30-34	-0.16447318725847992
2109	35-39	-0.40788526883241616
2109	40-44	-0.22044881548726636
2109	45-49	-0.22824664151588792
2109	50-54	-0.1505380547710118
2109	55-59	-0.14389991198687824
2109	60-64	-0.06477706850419906
2109	65-69	-0.09783078158370984
2109	70-74	-0.3893172259694069
2109	75-79	-0.3325018634591075
2109	80-84	-0.26693892706102673
2109	85-89	-0.04145672744434847
2109	90-94	-0.2485416618252856
2109	95-99	-0.5772878200106675
2109	100-104	-0.6269212232603607
2109	105-109	-0.5678739871886478
2109	110-114	-0.44343734981047334
2109	115-119	-0.2630192382277414
2109	120-124	-0.33237747305675924
2109	125-129	-0.4801410933830397
2109	130-134	-0.546725114812169
2109	135-139	-0.5086892441190827
2109	140-144	-0.3561764043606104
2109	145-149	-0.8113708006123339
2109	150-154	-0.6762831725432576
2109	155-159	-0.7661891593711978
2109	160-164	-0.8368308472015613
2109	165-169	-0.9815071908824962
2109	170-174	-0.8281532170493158
2109	175-179	-0.5292350028758293
2109	180-184	-1.0275197209259055
2109	185-189	-0.8880708963098094
2109	190-194	-1.0438998352836748
2109	195-199	-0.9433037780402564
2109	200-204	-0.6760989793414183
2109	205-209	-1.072307657529656
2109	210-214	-1.0599231228372084
2109	215-219	-1.1092751751623808
2109	220-224	-0.591012790963422
2109	225-229	-1.212280267618155
2109	230-234	-0.6848395831008993
2109	235-239	-0.9164317114634528
2109	240-244	-0.8810481293997761
2109	245-249	-0.8666378740825671
2109	250-254	-0.6151664236599323
2109	255-259	-0.5003984595392303
2109	260-264	-1.1241660917078313
2109	265-269	-0.982295080829994
2109	270-274	-1.0143595257207636
2109	275-279	-0.40701133329054606
2109	280-284	-0.4360628397730171
2109	285-289	-0.7596688423748574
2109	290-294	-0.7245551513731172
2109	295-299	-0.6163880412256475
2109	300	0.5578696920241324
2110	1	-0.3622081727340216
2110	2	-0.23816182910345418
2110	3	-0.28487304687043746
2110	4	-0.25869101852937604
2110	5	-0.424671268028078
2110	6	-0.48933255187193225
2110	7	-0.3596187851319357
2110	8	-0.4283038099008607
2110	9	-0.24102305582158579
2110	10-14	-0.3765052928450672
2110	15-19	-0.37150371221620304
2110	20-24	-0.3644128991225415
2110	25-29	-0.44538463004245443
2110	30-34	-0.3543728035835656
2110	35-39	-0.44706255942073625
2110	40-44	-0.24438422613476973
2110	45-49	-0.31292444690066645
2110	50-54	-0.3316025116980228
2110	55-59	-0.28919575648689744
2110	60-64	-0.1264826975333193
2110	65-69	-0.007521460859592821
2110	70-74	-0.45404372044236396
2110	75-79	-0.36817481161061494
2110	80-84	-0.11446471883811427
2110	85-89	-0.12767318140868156
2110	90-94	-0.12575860228390212
2110	95-99	-0.25028385424703004
2110	100-104	-0.1597043618015519
2110	105-109	-0.37405033052310444
2110	110-114	-0.23522365685137459
2110	115-119	-0.34836555771457256
2110	120-124	-0.33307647158205356
2110	125-129	-0.8128961546206632
2110	130-134	-0.6713754453640277
2110	135-139	-0.8079178507052767
2110	140-144	-0.7996490994645846
2110	145-149	-0.7391008876119294
2110	150-154	-1.0138974314438656
2110	155-159	-0.7067146225548697
2110	160-164	-0.9575815985774803
2110	165-169	-1.212167166708582
2110	170-174	-0.938468221937999
2110	175-179	-0.9585105834932399
2110	180-184	-1.1865201820707583
2110	185-189	-0.9826179195542437
2110	190-194	-1.1199818421379995
2110	195-199	-1.0458534944376758
2110	200-204	-0.9607552183205144
2110	205-209	-1.0772699401584234
2110	210-214	-1.3947068156227829
2110	215-219	-1.1949803337752343
2110	220-224	-1.342339107544504
2110	225-229	-0.9373726918853009
2110	230-234	-1.3002624838845662
2110	235-239	-0.6231996282202026
2110	240-244	0.0010191081330752638
2110	245-249	-0.32632442879202017
2110	250-254	-0.9562681424403152
2110	255-259	-0.9356166785670759
2110	260-264	-0.3174488703892777
2110	265-269	-0.9398975629953785
2110	270-274	-0.5484807733988379
2110	275-279	-0.7627064476569512
2110	280-284	-0.4435958214440774
2110	285-289	-0.720207166746297
2110	290-294	-0.6791241759531115
2110	295-299	0.2952245106981941
2110	300	0.4437618521657196
2111	1	-0.3420658144954771
2111	2	-0.18929564285486933
2111	3	-0.47624055672713084
2111	4	-0.13644955678147141
2111	5	-0.2729177277772088
2111	6	-0.4975979946197313
2111	7	-0.5001287465745037
2111	8	-0.5386975717340547
2111	9	-0.28041548585206044
2111	10-14	-0.28806203412546694
2111	15-19	-0.20878938568154126
2111	20-24	-0.10495502620174335
2111	25-29	-0.31936813108032425
2111	30-34	-0.25629112680902466
2111	35-39	-0.36677390963811973
2111	40-44	-0.3340153917232982
2111	45-49	-0.8261126799722618
2111	50-54	-0.6191259527370363
2111	55-59	-0.8828034955424755
2111	60-64	-0.5131321821855366
2111	65-69	-0.8388329123756151
2111	70-74	-1.0182825642375022
2111	75-79	-0.6675177102302285
2111	80-84	-0.6591616768334845
2111	85-89	-0.7216339245373931
2111	90-94	-1.0271204717263984
2111	95-99	-0.9841004757774741
2111	100-104	-0.7970721103100473
2111	105-109	-1.0210819636352824
2111	110-114	-0.8243715661470716
2111	115-119	-1.3701955092798563
2111	120-124	-1.4538393419440752
2111	125-129	-2.160102230210377
2111	130-134	-1.8133519172229526
2111	135-139	-1.0191640694589736
2111	140-144	-0.8172235939409873
2111	145-149	-0.9670603013713936
2111	150-154	-0.9113808596459094
2111	155-159	-0.7634207274127611
2111	160-164	-1.3388415563878446
2111	165-169	-1.543549010768107
2111	170-174	-1.1486444113960452
2111	175-179	-1.0954359132287443
2111	180-184	-1.261949326529006
2111	185-189	-1.233520629365664
2111	190-194	-1.4792101070635653
2111	195-199	-1.327900451137264
2111	200-204	-1.3697837596156752
2111	205-209	-1.40978190064693
2111	210-214	-1.6646667369470762
2111	215-219	-1.3268240978723789
2111	220-224	-1.2355901538042424
2111	225-229	-1.4631302971956046
2111	230-234	-1.642936881356075
2111	235-239	-0.6749731303437088
2111	240-244	-0.8730869584269563
2111	245-249	-1.135740239643848
2111	250-254	-0.40920490593680725
2111	255-259	-0.11460543671453038
2111	260-264	-0.8323979358257834
2111	265-269	-0.9913194682415103
2111	270-274	-1.0189752765666746
2111	275-279	-0.7796524084068608
2111	280-284	-0.5175996352207388
2111	285-289	-0.5766027972312369
2111	290-294	-0.21594371065887685
2111	295-299	0.1554859452730284
2111	300	0.8995178456606752
2112	1	-0.31698014774486083
2112	2	-0.29698644375949
2112	3	-0.27290317854944846
2112	4	-0.08517543081128309
2112	5	-0.16341565066059616
2112	6	-0.09318987745661644
2112	7	0.02286962785597524
2112	8	0.09553147838894205
2112	9	-0.10306305271282667
2112	10-14	-0.04644694558407991
2112	15-19	-0.04465418103531249
2112	20-24	-0.12043838510154359
2112	25-29	-0.10473266313761798
2112	30-34	0.0370689686391259
2112	35-39	0.12623185391547764
2112	40-44	-0.02011497413266028
2112	45-49	-0.27941954951911185
2112	50-54	-0.4127753204123792
2112	55-59	-0.5038553443145943
2112	60-64	-0.4129356008636549
2112	65-69	-0.4854007046042028
2112	70-74	-0.5709655008043981
2112	75-79	-0.3248971548966466
2112	80-84	-0.22380467806279114
2112	85-89	-0.3493215635685303
2112	90-94	-0.380699436638686
2112	95-99	-0.3919695359129918
2112	100-104	-0.6172370313284787
2112	105-109	-0.4513048071722281
2112	110-114	-0.5271972712878394
2112	115-119	-1.04331590671638
2112	120-124	-1.0795756549256694
2112	125-129	-1.3562498975913435
2112	130-134	-1.3420948717310495
2112	135-139	-0.3880007804705059
2112	140-144	-0.22395379787663572
2112	145-149	-0.534968844892667
2112	150-154	-0.3432352637046563
2112	155-159	-0.5795962747577974
2112	160-164	-0.6131252539155589
2112	165-169	-0.764823586836485
2112	170-174	-0.5358486264347313
2112	175-179	-0.5034983333044991
2112	180-184	-0.6549682951047977
2112	185-189	-0.6465247147276543
2112	190-194	-0.5654857353752227
2112	195-199	-0.6100436570910546
2112	200-204	-0.7010375000837854
2112	205-209	-0.7840836974083061
2112	210-214	-0.34946861654248096
2112	215-219	-0.39499513557426624
2112	220-224	-0.5415965445188924
2112	225-229	-0.5720180790506788
2112	230-234	-0.7712001477902604
2112	235-239	-0.5977502718482803
2112	240-244	3.027410429332633E-4
2112	245-249	-0.22933371635390642
2112	250-254	-0.39066978544650866
2112	255-259	-0.4934654195702812
2112	260-264	-0.06655927893156033
2112	265-269	-0.566871087496903
2112	270-274	-0.9338079473906991
2112	275-279	-0.7207929668304907
2112	280-284	-0.40938556173190044
2112	285-289	-0.7460320513518148
2112	290-294	-0.7477656142109925
2112	295-299	-0.37546625715831894
2112	300	1.0809338021518187
2113	1	-0.13617459822364353
2113	2	-0.13646086449186612
2113	3	-0.007842335190492378
2113	4	-0.01987011059487287
2113	5	-0.025719692746939415
2113	6	0.24796740495380476
2113	7	0.2121262664888377
2113	8	-0.0369483697986297
2113	9	0.006115490103951515
2113	10-14	0.01576255855432862
2113	15-19	-0.02538318068015144
2113	20-24	-0.018234386577368866
2113	25-29	-0.01212119169038317
2113	30-34	-0.04283904507548897
2113	35-39	0.09026493341654174
2113	40-44	-0.16881279520504222
2113	45-49	-0.21546533991615746
2113	50-54	-0.43634554484428634
2113	55-59	-0.2689456113113451
2113	60-64	-0.1551033028454185
2113	65-69	-0.470523843058956
2113	70-74	-0.09396271750171081
2113	75-79	-0.38496035552111607
2113	80-84	-0.297534021822365
2113	85-89	-0.24404184598206768
2113	90-94	-0.3630398228949332
2113	95-99	-0.4528239619125216
2113	100-104	-0.5405725143294902
2113	105-109	-0.5703985256770494
2113	110-114	-0.638242880249507
2113	115-119	-1.1399524886216703
2113	120-124	-0.8719485999315353
2113	125-129	-1.1895683685105034
2113	130-134	-0.9128671338507175
2113	135-139	-0.5268703509903432
2113	140-144	-0.5518375865297749
2113	145-149	-0.7275570294106082
2113	150-154	-0.7562033732922728
2113	155-159	-0.9414548876624522
2113	160-164	-0.9221029864183805
2113	165-169	-0.6974704134646252
2113	170-174	-0.9803359500983646
2113	175-179	-1.2634806030299366
2113	180-184	-0.8030477439157053
2113	185-189	-0.7350813063126189
2113	190-194	-0.8237889185180336
2113	195-199	-0.4573095065361059
2113	200-204	-0.3078431944642759
2113	205-209	-0.7033388462187666
2113	210-214	-0.6317103652512053
2113	215-219	-0.44424188463527514
2113	220-224	-0.24433953034303713
2113	225-229	-1.0147662129051724
2113	230-234	-0.9775478775647422
2113	235-239	-0.18319581448075084
2113	240-244	-0.2557631808389509
2113	245-249	-0.023234417430938237
2113	250-254	-0.4204382767365864
2113	255-259	-0.42826657993809647
2113	260-264	0.015460135054034652
2113	265-269	-0.2968809735400555
2113	270-274	-0.2790931344545662
2113	275-279	-0.41602723190123037
2113	280-284	-0.4015980798700216
2113	285-289	-0.6703896356380756
2113	290-294	-0.2843153776376468
2113	295-299	-0.19282532279818732
2113	300	1.6304217942235422
2114	1	-0.41325989746510317
2114	2	-0.16705587683171785
2114	3	-0.32736913354276
2114	4	-0.2965357640627353
2114	5	-0.16734560462586145
2114	6	0.02063905141698541
2114	7	-0.45453661958527647
2114	8	-0.30799700787797235
2114	9	-0.15352513432895876
2114	10-14	-0.22381094523836964
2114	15-19	-0.2876673466511903
2114	20-24	-0.2513783500296327
2114	25-29	-0.1853517609568911
2114	30-34	-0.18032554836006653
2114	35-39	-0.39830164901636067
2114	40-44	-0.3749516278856646
2114	45-49	-0.24174607837350237
2114	50-54	-0.2679260492320239
2114	55-59	-0.27417141006289114
2114	60-64	-0.1374038478992432
2114	65-69	-0.04830265964908875
2114	70-74	-0.12071811628857887
2114	75-79	-0.16812824325189268
2114	80-84	-0.1714950542994984
2114	85-89	-0.22464701998362102
2114	90-94	-0.0404429103074051
2114	95-99	-0.03053351689732864
2114	100-104	-0.2755239692091962
2114	105-109	-0.304235042489978
2114	110-114	-0.27526330205068206
2114	115-119	-0.24498543442118148
2114	120-124	-0.4402900063117059
2114	125-129	-0.14409651979131155
2114	130-134	-0.5728840793523347
2114	135-139	-0.6220266826572285
2114	140-144	-0.724368757141896
2114	145-149	-0.7478210791628541
2114	150-154	-0.5800376373560638
2114	155-159	-1.0771326375382166
2114	160-164	-0.5638192311194423
2114	165-169	-0.32967334969914575
2114	170-174	-0.4082173209714739
2114	175-179	-0.6023754809919275
2114	180-184	-0.582344752977697
2114	185-189	-0.13852094539783266
2114	190-194	-0.130189413174719
2114	195-199	0.053848960373144905
2114	200-204	0.002135326482282096
2114	205-209	0.03633599525980458
2114	210-214	-0.4979945273196762
2114	215-219	-0.2250167483121963
2114	220-224	0.11927958099804314
2114	225-229	-0.10521644433231359
2114	230-234	-0.19156652463751556
2114	235-239	0.0589408476856903
2114	240-244	0.05086663371540112
2114	245-249	-0.6889153961845338
2114	250-254	0.018693149087827265
2114	255-259	0.3337914471163934
2114	260-264	0.0729365305714289
2114	265-269	-0.606037422547308
2114	270-274	-0.2306249698569669
2114	275-279	-0.3061457764735174
2114	280-284	0.011891346333584352
2114	285-289	-0.47132390087319465
2114	290-294	-0.4391560434635835
2114	295-299	0.1250568742718947
2114	300	0.7951003174546969
2115	1	0.1063552952904061
2115	2	0.0440917351754706
2115	3	0.08659431013497709
2115	4	-0.012539634261862886
2115	5	-0.029320841882466198
2115	6	-0.17342231269027053
2115	7	-0.03933277258256851
2115	8	0.11679232413264629
2115	9	0.12874583197092448
2115	10-14	-0.15755658746396506
2115	15-19	-0.14839404494456687
2115	20-24	-0.1469634150246435
2115	25-29	-0.08995007155923673
2115	30-34	-0.1241599591259046
2115	35-39	-0.1600073546933345
2115	40-44	-0.2497510150983544
2115	45-49	0.08839013047952449
2115	50-54	-0.07483443146701774
2115	55-59	-0.13135531392379107
2115	60-64	0.07113088994699979
2115	65-69	0.1192885835745301
2115	70-74	-0.00174245862947231
2115	75-79	-0.005573514124236567
2115	80-84	0.07851305074832027
2115	85-89	0.02341434566405809
2115	90-94	0.07687589387134608
2115	95-99	0.2770881083622072
2115	100-104	-0.01670894188064409
2115	105-109	0.09709965515933305
2115	110-114	0.09743996855497272
2115	115-119	-0.11401969361929076
2115	120-124	-0.12666240142825558
2115	125-129	0.10698902423869328
2115	130-134	-0.043300411870873745
2115	135-139	0.02542964307865958
2115	140-144	0.19437666799267816
2115	145-149	0.39785721259163154
2115	150-154	0.3841458691086821
2115	155-159	0.22874060914754324
2115	160-164	0.36174533502644124
2115	165-169	0.6777905977858616
2115	170-174	0.3261645244171696
2115	175-179	0.39959875115789956
2115	180-184	0.2867902318316311
2115	185-189	0.5277068814805226
2115	190-194	0.7440534505049179
2115	195-199	0.8862985216231891
2115	200-204	1.0054491990431487
2115	205-209	0.39056111727905574
2115	210-214	0.7818517926215698
2115	215-219	0.6976611350180519
2115	220-224	0.6891674001788033
2115	225-229	0.8214834590948215
2115	230-234	1.0341265091697238
2115	235-239	1.028235105166516
2115	240-244	0.6141139160786295
2115	245-249	0.7276448887199329
2115	250-254	0.05231532677308692
2115	255-259	0.9256904492140201
2115	260-264	0.7580320395182731
2115	265-269	-0.13575950497377676
2115	270-274	0.35660948821317895
2115	275-279	-0.04284590004979272
2115	280-284	-0.01973628030738972
2115	285-289	-0.2307183570061877
2115	290-294	0.04675136655188261
2115	295-299	0.2942786787398042
2115	300	0.8497173353733185
2116	1	0.24717859698350608
2116	2	0.15992898659031596
2116	3	-0.005031037095385216
2116	4	0.1476998440174988
2116	5	0.23205803116918844
2116	6	-0.19176243246557334
2116	7	-0.14826446836033114
2116	8	0.1006414569617462
2116	9	0.03210178415010034
2116	10-14	-0.14355772263713362
2116	15-19	-0.22639551979337114
2116	20-24	-0.23008917923398542
2116	25-29	-0.13525704298439933
2116	30-34	-0.2700483364535202
2116	35-39	-0.20515636887428457
2116	40-44	0.03540209784281956
2116	45-49	0.07267968194935293
2116	50-54	0.05916682403845641
2116	55-59	0.04354164970455088
2116	60-64	0.12105193500841693
2116	65-69	0.039088147086410174
2116	70-74	0.08352132000963053
2116	75-79	-0.05303743117283233
2116	80-84	0.06817555054483648
2116	85-89	-0.06987264360409995
2116	90-94	-0.009598597562074929
2116	95-99	0.2092972615373654
2116	100-104	-0.01369780224526096
2116	105-109	0.07395854867506557
2116	110-114	0.08768001233250544
2116	115-119	0.014264611453320697
2116	120-124	-0.08709470194611413
2116	125-129	0.01203517616518468
2116	130-134	0.13193510751187887
2116	135-139	-0.2611200390160704
2116	140-144	0.08031320981236334
2116	145-149	0.12336825793091322
2116	150-154	0.2447707476329981
2116	155-159	0.1818536176661425
2116	160-164	0.30558699736655726
2116	165-169	0.2986537869154553
2116	170-174	0.3657800262094
2116	175-179	0.2919497881016859
2116	180-184	0.09171763055035953
2116	185-189	0.3285187483115841
2116	190-194	0.4703319206118728
2116	195-199	0.8416493422709621
2116	200-204	0.831245483562089
2116	205-209	0.5761908618583682
2116	210-214	0.20867772550850106
2116	215-219	0.18406429847900085
2116	220-224	0.12933516230977915
2116	225-229	0.7469548667719152
2116	230-234	0.6113548443325385
2116	235-239	0.840267811162807
2116	240-244	0.6685810735748596
2116	245-249	0.7650364985866673
2116	250-254	0.5329373017594783
2116	255-259	0.01412321160209018
2116	260-264	0.6331371508471761
2116	265-269	0.23148373441401304
2116	270-274	0.4829115385739584
2116	275-279	0.23512071295435
2116	280-284	0.4802729653032607
2116	285-289	-0.23364758795750795
2116	290-294	0.09933736084408729
2116	295-299	0.34417006834462427
2116	300	0.4514731877037139
2117	1	-0.061942603247910455
2117	2	-0.1374225410745602
2117	3	0.0045819305167498214
2117	4	-0.1224172103375345
2117	5	-0.11526557650948632
2117	6	-0.13407305867758623
2117	7	-0.44339308062338034
2117	8	0.13808567653110515
2117	9	-0.12420386613924705
2117	10-14	-0.20412336536229247
2117	15-19	-0.25454562983336615
2117	20-24	-0.35512126033925995
2117	25-29	-0.1786386725180975
2117	30-34	-0.09284160620576642
2117	35-39	-0.10997201234486909
2117	40-44	-0.1909209299205088
2117	45-49	-0.08065728159281349
2117	50-54	-0.06167410679256591
2117	55-59	-0.15034304745174865
2117	60-64	-0.12352337740755814
2117	65-69	-0.16396250015746006
2117	70-74	-0.16688100870069889
2117	75-79	-0.3405834710300297
2117	80-84	-0.22044249256030213
2117	85-89	-0.4149095271216723
2117	90-94	-0.27209542004273857
2117	95-99	-0.23308064280755758
2117	100-104	-0.2137958439501233
2117	105-109	-0.11581857506011062
2117	110-114	-0.22066331741299905
2117	115-119	-0.3963095511407744
2117	120-124	-0.35512488974565315
2117	125-129	-0.34149689584486964
2117	130-134	-0.26568385223209035
2117	135-139	-0.10878148913447916
2117	140-144	0.1261224290869265
2117	145-149	0.18456356675635988
2117	150-154	0.24026769275769055
2117	155-159	0.40802537128283944
2117	160-164	0.3361774568506597
2117	165-169	0.37671915859304406
2117	170-174	0.1457260953924937
2117	175-179	0.4981837162994438
2117	180-184	0.5551622057043488
2117	185-189	0.4106103145293005
2117	190-194	0.7968899107275078
2117	195-199	1.0702075989437851
2117	200-204	1.1367042156990053
2117	205-209	0.5081312686499047
2117	210-214	0.7507919449721285
2117	215-219	0.7104975188657612
2117	220-224	0.4197179181963264
2117	225-229	0.800626512444552
2117	230-234	1.1088315313772483
2117	235-239	0.9250948567762158
2117	240-244	1.3111265388521822
2117	245-249	0.6582348572623751
2117	250-254	0.8908464035608219
2117	255-259	1.191737611225939
2117	260-264	0.7480551724385194
2117	265-269	0.6795247455825209
2117	270-274	-0.008377947407959496
2117	275-279	0.32625708805728415
2117	280-284	0.25480940764739834
2117	285-289	0.27986469943045655
2117	290-294	0.2448927177525615
2117	295-299	-0.09602833795514698
2117	300	-0.7782398581710321
2118	1	0.07984631656874086
2118	2	0.1921268667331546
2118	3	-0.046739256128084605
2118	4	0.05282517445453294
2118	5	-0.17640582567706886
2118	6	-0.3910441727889733
2118	7	0.0907378592468504
2118	8	-0.05114398082224625
2118	9	-0.3743616218694257
2118	10-14	-0.23655134770973518
2118	15-19	-0.3860035501764827
2118	20-24	-0.4129203859160384
2118	25-29	-0.3691034295461222
2118	30-34	-0.3065469092516082
2118	35-39	-0.29201841739987344
2118	40-44	-0.22034430897475232
2118	45-49	-0.18479688115645132
2118	50-54	-0.16512641809568152
2118	55-59	-0.05842753418947666
2118	60-64	-0.0366781615289824
2118	65-69	-0.2424461235489659
2118	70-74	-0.09705561757376557
2118	75-79	-0.2676063355868905
2118	80-84	-0.033270828802180574
2118	85-89	-0.0857617213285593
2118	90-94	-0.13713552504034254
2118	95-99	-0.059186490830207106
2118	100-104	0.08843496322228361
2118	105-109	-0.08101288292588293
2118	110-114	0.003553284675220425
2118	115-119	0.02921236414369588
2118	120-124	0.12552254287064812
2118	125-129	0.03689163433556075
2118	130-134	0.19886881007792567
2118	135-139	0.27587382916665604
2118	140-144	0.41355865787259916
2118	145-149	0.3812560019078788
2118	150-154	0.4259343823480499
2118	155-159	0.53311383084813
2118	160-164	0.51005379987296
2118	165-169	0.631297239420352
2118	170-174	0.3884468560470147
2118	175-179	0.6527112761319636
2118	180-184	0.5846174569122269
2118	185-189	0.4957816214995674
2118	190-194	0.9031356124518624
2118	195-199	1.2373227565453604
2118	200-204	1.1267244705784023
2118	205-209	0.6225511166455533
2118	210-214	1.0912515222461323
2118	215-219	1.07403271674168
2118	220-224	1.3074406891421333
2118	225-229	1.1052296212890838
2118	230-234	1.1637013393818414
2118	235-239	0.5600149474305667
2118	240-244	1.2230502175744569
2118	245-249	0.700474435436405
2118	250-254	0.8610826522845123
2118	255-259	0.7050294048622625
2118	260-264	1.3877378121608217
2118	265-269	0.4418724316111291
2118	270-274	0.5969266842876806
2118	275-279	0.6498947022514923
2118	280-284	0.8783279655645408
2118	285-289	0.5370672980486297
2118	290-294	0.2601162043838432
2118	295-299	0.4829094291520555
2118	300	-0.8341647758590689
2119	1	0.42061933067470747
2119	2	0.08011978012552845
2119	3	-0.016098439497135075
2119	4	0.1865523493592569
2119	5	0.10560067749551649
2119	6	0.04572099617833203
2119	7	0.4702725033380517
2119	8	0.4345120624155925
2119	9	-0.03631150106694747
2119	10-14	0.10057625162924211
2119	15-19	-0.10326600486122572
2119	20-24	-0.022216306853849233
2119	25-29	-0.04396424820305356
2119	30-34	0.007941013872212466
2119	35-39	0.0010043570997595452
2119	40-44	0.038458137972291695
2119	45-49	0.12109723378917181
2119	50-54	0.06396150305602077
2119	55-59	0.08448078664771685
2119	60-64	0.24987510083820297
2119	65-69	0.2539877135284101
2119	70-74	0.20854210890413327
2119	75-79	0.19897690920284106
2119	80-84	0.17060723759978913
2119	85-89	0.19842889853804024
2119	90-94	0.2980438291605765
2119	95-99	0.42542984310558296
2119	100-104	0.3921560704721898
2119	105-109	0.45208068377969113
2119	110-114	0.3831828484405051
2119	115-119	0.6012829613821111
2119	120-124	0.6535374568410717
2119	125-129	0.6343304637740488
2119	130-134	0.6148980984467869
2119	135-139	0.5214313879575201
2119	140-144	0.5849376654912746
2119	145-149	0.7683860014959834
2119	150-154	0.7881803937495313
2119	155-159	0.8969347760272868
2119	160-164	0.8869533819613125
2119	165-169	0.8689504224338869
2119	170-174	0.6173240313583825
2119	175-179	0.7638495250823247
2119	180-184	0.926613159469234
2119	185-189	1.099808552914542
2119	190-194	1.0685882857804465
2119	195-199	1.6936457321685694
2119	200-204	1.542066440724625
2119	205-209	1.3008830214571105
2119	210-214	1.5702618336612844
2119	215-219	1.9329021546983114
2119	220-224	1.9263081029775684
2119	225-229	1.613899733621814
2119	230-234	1.7061140082833361
2119	235-239	1.5279418370641835
2119	240-244	1.685033862767991
2119	245-249	0.9134929891900718
2119	250-254	1.0835209793730627
2119	255-259	0.736734370712135
2119	260-264	0.7313327714393516
2119	265-269	0.9924173367379243
2119	270-274	1.0916409651876986
2119	275-279	0.9858940569885721
2119	280-284	0.7106238911708456
2119	285-289	0.6674476449416069
2119	290-294	0.5609807186205913
2119	295-299	0.924180304150994
2119	300	1.3873277071459995
>>END_MODULE
>>Per sequence quality scores	pass
#Quality	Count
2	392.0
3	0.0
4	0.0
5	0.0
6	0.0
7	0.0
8	0.0
9	0.0
10	0.0
11	7.0
12	96.0
13	754.0
14	2841.0
15	6113.0
16	10328.0
17	14917.0
18	20174.0
19	25101.0
20	31028.0
21	36659.0
22	42634.0
23	49525.0
24	56348.0
25	63924.0
26	72611.0
27	80759.0
28	89625.0
29	97034.0
30	101799.0
31	101098.0
32	95913.0
33	85156.0
34	75461.0
35	72634.0
36	85139.0
37	132345.0
>>END_MODULE
>>Per base sequence content	fail
#Base	G	A	T	C
1	42.80738995174559	17.88288875417838	13.015310791621925	26.294410502454095
2	15.86016221811654	19.720445813618127	39.22751570147508	25.191876266790253
3	17.32255281467949	23.854104383171855	29.60125460078909	29.222088201359565
4	12.591800267995747	17.079246329196156	36.93934510004324	33.38960830276485
5	14.395840617700548	36.12232357693637	34.65462271977755	14.827213085585539
6	32.065077588424465	36.91031107782428	16.670218334467798	14.35439299928346
7	28.868576567406173	31.318675634800275	21.48234890067261	18.330398897120944
8	26.0482075111912	34.92248053996385	19.960510971205284	19.068800977639665
9	26.49895898202994	16.21167388379357	18.586325872072372	38.70304126210412
10-14	25.075216048297165	23.64612147531453	26.64874970948737	24.629912766900937
15-19	24.522466195363798	27.120866358671552	24.12164496701087	24.235022478953784
20-24	24.637981604429722	25.87761711365958	25.07339538752144	24.411005894389262
25-29	24.340372532021906	26.042331742324087	25.12354631616188	24.493749409492125
30-34	24.411888639007795	25.773260148287303	25.18275917002696	24.632092042677943
35-39	24.302591190539882	25.911560493556685	25.09910163213314	24.686746683770288
40-44	24.35618573336447	25.812876575331362	25.23271356018501	24.59822413111916
45-49	24.336965540833056	25.697608804795085	25.24644850745433	24.71897714691753
50-54	24.216399035261265	25.750124248124024	25.231903290162332	24.801573426452382
55-59	24.253714315199858	25.61124552784812	25.389338853212163	24.74570130373986
60-64	24.44248303910169	25.564444881753523	25.351006549768947	24.642065529375845
65-69	24.24669461437098	25.612981950974813	25.184811645452427	24.955511789201783
70-74	24.1888487024399	25.381618491784426	25.422685909632136	25.006846896143543
75-79	24.175436480119526	25.617618826838058	25.409827462354954	24.79711723068746
80-84	24.27600126529092	25.744782850199716	25.10851665971056	24.870699224798802
85-89	24.304381085055425	25.5932915840451	25.19517365239452	24.907153678504955
90-94	24.290664173772324	25.51313903427085	25.329646342977384	24.866550448979442
95-99	24.22938976658354	25.638902885230706	25.22196072094979	24.90974662723596
100-104	24.22757396624799	25.34624375742622	25.392806984398685	25.033375291927108
105-109	24.15322777069776	25.721139045627794	25.25516271743669	24.87047046623775
110-114	24.061839073203068	25.7783188748497	25.090366718416846	25.069475333530384
115-119	23.985262727519906	25.59390095129682	25.46022980710816	24.960606514075113
120-124	24.390660923141837	25.651221561604494	25.261709382067803	24.69640813318587
125-129	24.083452185149522	25.664926744062388	25.38870006949007	24.862921001298023
130-134	24.14968024598694	25.672286310420056	25.249117158356803	24.9289162852362
135-139	23.95094771750565	25.503902435572662	25.47910681516914	25.066043031752542
140-144	23.916389085962493	25.623230325628242	25.407259751285117	25.053120837124144
145-149	24.045778200875226	25.589698709424948	25.52537242379203	24.8391506659078
150-154	23.903212663233656	25.56606958505113	25.481721879244006	25.04899587247121
155-159	23.76530254511595	25.501174992138147	25.562977560995147	25.170544901750752
160-164	23.904392098487165	25.572066751649565	25.35763636191212	25.16590478795115
165-169	23.7056350374785	25.393074057860566	25.561205366931617	25.340085537729323
170-174	23.958945806695933	25.50617809147487	25.47346267109807	25.061413430731132
175-179	23.936053526810504	25.386456105401823	25.494804242906778	25.1826861248809
180-184	23.951917253983172	25.46683480726423	25.33099105728409	25.250256881468502
185-189	23.806579429684714	25.455796077466747	25.49583994910864	25.241784543739904
190-194	23.846019837371287	25.465374222522698	25.336899390714645	25.351706549391373
195-199	23.825888853642503	25.447509054496514	25.535774686573227	25.19082740528776
200-204	23.664797556491173	25.33310936165577	25.403743597888788	25.598349483964267
205-209	23.798279702084482	25.31007043706345	25.328208086158043	25.563441774694024
210-214	23.513544675272666	25.2152380965376	25.491459894027706	25.779757334162028
215-219	23.23386304971625	25.169419272654007	25.70785616753889	25.888861510090855
220-224	23.41404240916618	25.28843909594022	25.52459031606653	25.772928178827076
225-229	23.139294869394924	25.15224527738441	25.412101585451737	26.296358267768927
230-234	23.2442538924085	25.021863221099732	25.466517267989154	26.267365618502613
235-239	23.123810530285983	25.00755703305143	25.30706880954181	26.561563627120776
240-244	22.99046243564156	24.911764423563255	25.386796708923754	26.71097643187143
245-249	22.79643496693297	24.85074040981431	25.535783047400436	26.817041575852286
250-254	22.87368013174465	24.71763598275695	25.365007144241012	27.04367674125739
255-259	22.70645780238423	24.62014306599693	25.427456902071942	27.2459422295469
260-264	22.377788237335057	24.64533936691884	25.35254053976608	27.624331855980028
265-269	22.216186918740597	24.626516679809104	25.2899326311423	27.867363770308
270-274	22.078439750258543	24.485125134557272	25.381883764255857	28.05455135092833
275-279	21.94360736772886	24.657072235072285	25.104795533776603	28.294524863422254
280-284	21.663144738484522	24.622750336129233	25.057060060650997	28.657044864735244
285-289	21.440582715623428	24.83893377489746	24.761485921600094	28.958997587879015
290-294	20.842482747474943	25.344698502444707	24.271724999474554	29.541093750605796
295-299	20.52945213453045	26.10239633892033	23.089370946300676	30.278780580248537
300	30.053547652773133	62.751240137357165	7.1952122098696965	0.0
>>END_MODULE
>>Per sequence GC content	warn
#GC Content	Count
0	488.0
1	269.08333333333337
2	60.333333333333336
3	56.16666666666667
4	49.333333333333336
5	49.25
6	52.0
7	51.166666666666664
8	57.5
9	48.91666666666667
10	59.50000000000001
11	57.0
12	52.833333333333336
13	56.16666666666668
14	60.91666666666667
15	63.50000000000003
16	68.00000000000003
17	85.83333333333333
18	103.0833333333333
19	119.49999999999993
20	146.9166666666667
21	212.9166666666668
22	325.833333333333
23	443.8333333333323
24	579.9166666666657
25	795.16666666667
26	1089.5833333333387
27	1464.749999999986
28	2021.4166666666185
29	2653.500000000028
30	3354.2500000001037
31	4214.5833333335295
32	5274.49999999988
33	6512.833333332895
34	7590.083333332594
35	8797.999999999472
36	10261.333333333629
37	11977.91666666799
38	14246.250000002816
39	17350.416666669695
40	20571.416666664918
41	23126.33333332815
42	26823.24999998988
43	31439.66666664988
44	35221.58333332275
45	37792.58333333089
46	38247.41666666568
47	37149.2499999954
48	34817.33333332153
49	32454.999999981326
50	31868.999999981676
51	29018.24999998579
52	25908.66666665702
53	24798.749999991946
54	24330.33333332527
55	23543.749999993124
56	23235.66666666019
57	23530.999999992662
58	23274.91666665987
59	20246.41666666474
60	17280.500000003132
61	15208.083333337489
62	13468.166666669726
63	11670.583333335002
64	9960.666666667048
65	8431.916666665651
66	7092.1666666657575
67	5796.416666666243
68	4560.000000000055
69	3586.083333333544
70	2787.000000000075
71	2214.0833333333053
72	1750.3333333332773
73	1381.9166666666451
74	1077.5000000000123
75	857.1666666666795
76	667.5000000000036
77	521.9999999999951
78	407.0833333333306
79	343.583333333332
80	255.08333333333454
81	164.3333333333335
82	119.9166666666664
83	71.16666666666669
84	49.16666666666672
85	34.0
86	22.083333333333325
87	17.333333333333336
88	7.166666666666665
89	6.833333333333331
90	4.666666666666666
91	2.916666666666667
92	2.4166666666666665
93	1.1666666666666665
94	0.3333333333333333
95	1.3333333333333333
96	1.0
97	1.0
98	1.3333333333333333
99	1.9999999999999998
100	4.5
>>END_MODULE
>>Per base N content	pass
#Base	N-Count
1	0.027026747517089934
2	0.027026747517089934
3	0.027026747517089934
4	0.027026747517089934
5	0.027026747517089934
6	0.027026747517089934
7	0.027026747517089934
8	0.027026747517089934
9	0.027026747517089934
10-14	0.027026747517089934
15-19	0.027026747517089934
20-24	0.027026747517089934
25-29	0.027026747517089934
30-34	0.027026747517089934
35-39	0.005407822221707192
40-44	0.0
45-49	0.0
50-54	0.0
55-59	0.0
60-64	0.0
65-69	0.0
70-74	0.0
75-79	0.0
80-84	0.0
85-89	0.0
90-94	0.0
95-99	0.0
100-104	0.0
105-109	0.0
110-114	0.0
115-119	0.0
120-124	0.0
125-129	0.0
130-134	0.0
135-139	0.0
140-144	0.0
145-149	0.0
150-154	0.0
155-159	0.0
160-164	0.0
165-169	0.0
170-174	0.0
175-179	0.0
180-184	0.0
185-189	0.0
190-194	0.0
195-199	0.0
200-204	0.0
205-209	0.0
210-214	0.0
215-219	0.0
220-224	0.0
225-229	0.0
230-234	0.0
235-239	0.0
240-244	0.0
245-249	0.0
250-254	0.0
255-259	0.0
260-264	1.9361579037450715E-5
265-269	0.0
270-274	0.0
275-279	0.0
280-284	0.0
285-289	2.0247800683889715E-5
290-294	0.0
295-299	0.0
300	0.0
>>END_MODULE
>>Sequence Length Distribution	warn
#Length	Count
30-39	1491.0
40-49	3706.0
50-59	4991.0
60-69	6087.0
70-79	7286.0
80-89	8816.0
90-99	10019.0
100-109	11652.0
110-119	13198.0
120-129	14904.0
130-139	16879.0
140-149	18532.0
150-159	20870.0
160-169	22749.0
170-179	25005.0
180-189	26742.0
190-199	28996.0
200-209	29872.0
210-219	30355.0
220-229	29996.0
230-239	29240.0
240-249	26914.0
250-259	24542.0
260-269	21610.0
270-279	18318.0
280-289	14850.0
290-299	465312.0
300-301	517483.0
>>END_MODULE
>>Sequence Duplication Levels	warn
#Total Deduplicated Percentage	60.22927960803596
#Duplication Level	Percentage of deduplicated	Percentage of total
1	85.3140833749773	51.384057820947994
2	7.926681638736895	9.54836649566738
3	2.395071572317027	4.3276030623102155
4	1.1814545549220619	2.846326269303541
5	0.6907085788110386	2.080044006043959
6	0.46137360814588885	1.6672920029272293
7	0.30874546278460036	1.3016861764036305
8	0.22998942602011457	1.1081677957325744
9	0.17930328968491266	0.9719377172165946
>10	1.1379558892516521	12.96876027436702
>50	0.11258359509440416	4.657010699386371
>100	0.060217304183916125	6.449854012284867
>500	0.0018317050702331905	0.6888936674086305
>1k	0.0	0.0
>5k	0.0	0.0
>10k+	0.0	0.0
>>END_MODULE
>>Overrepresented sequences	pass
>>END_MODULE
>>Adapter Content	pass
#Position	Illumina Universal Adapter	Illumina Small RNA 3' Adapter	Illumina Small RNA 5' Adapter	Nextera Transposase Sequence	SOLID Small RNA Adapter
1	0.0	0.0	0.0	0.0	0.0
2	0.0	0.0	0.0	0.0	0.0
3	0.0	0.0	0.0	0.0	0.0
4	0.0	0.0	0.0	0.0	0.0
5	0.0	0.0	0.0	0.0	0.0
6	0.0	0.0	0.0	0.0	0.0
7	0.0	0.0	0.0	0.0	0.0
8	0.0	0.0	0.0	0.0	0.0
9	0.0	0.0	0.0	0.0	0.0
10-14	0.0	0.0	0.0	0.0	0.0
15-19	0.0	0.0	0.0	0.0	0.0
20-24	0.0	0.0	0.0	0.0	0.0
25-29	0.0	0.0	0.0	1.3789156896474458E-5	0.0
30-34	0.0	0.0	0.0	6.894578448237229E-5	0.0
35-39	0.0	0.0	0.0	6.894578448237229E-5	0.0
40-44	0.0	0.0	0.0	9.65240982753212E-5	0.0
45-49	0.0	0.0	0.0	2.4820482413654023E-4	0.0
50-54	0.0	0.0	0.0	3.4472892241186145E-4	0.0
55-59	0.0	9.65240982753212E-5	0.0	5.515662758589783E-4	0.0
60-64	0.0	1.3789156896474458E-4	0.0	8.41138570684942E-4	0.0
65-69	0.0	1.3789156896474458E-4	0.0	9.790301396496864E-4	0.0
70-74	0.0	1.3789156896474458E-4	0.0	0.0012823915913721244	0.0
75-79	0.0	1.654698827576935E-4	0.0	0.0014754397879227668	0.0
80-84	0.0	2.619939810330147E-4	0.0	0.0017788012396452051	0.0
85-89	0.0	2.7578313792948916E-4	0.0	0.0019029036517134751	0.0
90-94	0.0	2.7578313792948916E-4	0.0	0.0022062651034359133	0.0
95-99	0.0	2.7578313792948916E-4	0.0	0.0026475181241230957	0.0
100-104	0.0	2.7578313792948916E-4	0.0	0.0031025603017067528	0.0
105-109	0.0	2.7578313792948916E-4	0.0	0.0035989699499798336	0.0
110-114	0.0	2.7578313792948916E-4	0.0	0.00405401212756349	0.0
115-119	0.0	3.171506086189125E-4	0.0	0.004715891658594264	0.0
120-124	0.0	3.4472892241186145E-4	0.0	0.005515662758589783	0.0
125-129	0.0	3.4472892241186145E-4	0.0	0.00609480734824171	0.0
130-134	0.0	3.4472892241186145E-4	0.0	0.0071014158016843455	0.0
135-139	0.0	3.4472892241186145E-4	0.0	0.008190759196505828	0.0
140-144	0.0	3.4472892241186145E-4	0.0	0.009638620670635646	0.0
145-149	0.0	3.4472892241186145E-4	0.0	0.011279530341316107	0.0
150-154	0.0	3.4472892241186145E-4	0.0	0.012630867717170601	0.0
155-159	0.0	3.4472892241186145E-4	0.0	0.014382090643022857	0.0
160-164	0.0	3.4472892241186145E-4	0.0	0.017181289493007172	6.894578448237229E-5
165-169	0.0	3.7230723620481043E-4	0.0	0.019925331715405593	6.894578448237229E-5
170-174	0.0	4.1367470689423374E-4	0.0	0.02351051250848895	6.894578448237229E-5
175-179	0.0	4.550421775836571E-4	0.0	0.027592102949845387	6.894578448237229E-5
180-184	0.0	4.82620491376606E-4	0.0	0.032873350041195105	6.894578448237229E-5
185-189	0.0	4.82620491376606E-4	0.0	0.0392990971549522	6.894578448237229E-5
190-194	0.0	4.82620491376606E-4	0.0	0.0467452418790484	6.894578448237229E-5
195-199	0.0	4.82620491376606E-4	0.0	0.05609429025485809	6.894578448237229E-5
200-204	0.0	4.82620491376606E-4	0.0	0.06724971818410594	6.894578448237229E-5
205-209	0.0	4.82620491376606E-4	0.0	0.07960480276334704	6.894578448237229E-5
210-214	0.0	4.82620491376606E-4	0.0	0.09475908619257248	6.894578448237229E-5
215-219	0.0	5.239879620660294E-4	0.0	0.11516703839935465	6.894578448237229E-5
220-224	0.0	5.515662758589783E-4	0.0	0.1357266713319981	6.894578448237229E-5
225-229	0.0	5.515662758589783E-4	0.0	0.15955433444910594	6.894578448237229E-5
230-234	0.0	5.515662758589783E-4	0.0	0.1856020518265462	9.65240982753212E-5
235-239	0.0	5.515662758589783E-4	0.0	0.21570378133154994	2.0683735344711687E-4
240-244	5.515662758589783E-5	5.515662758589783E-4	0.0	0.2517072699882447	2.0683735344711687E-4
245-249	6.894578448237229E-5	5.515662758589783E-4	0.0	0.29273001175525626	2.0683735344711687E-4
250-254	6.894578448237229E-5	5.515662758589783E-4	0.0	0.3323600486757238	2.0683735344711687E-4
255-259	6.894578448237229E-5	5.515662758589783E-4	0.0	0.3748858085444511	2.619939810330147E-4
260-264	6.894578448237229E-5	6.067229034448761E-4	0.0	0.42150694801143124	2.7578313792948916E-4
265-269	6.894578448237229E-5	6.205120603413506E-4	0.0	0.47101002126977454	2.7578313792948916E-4
270-274	6.894578448237229E-5	6.205120603413506E-4	0.0	0.5186101908764044	2.7578313792948916E-4
275-279	6.894578448237229E-5	6.205120603413506E-4	0.0	0.5713537160054191	2.7578313792948916E-4
280-284	6.894578448237229E-5	6.205120603413506E-4	0.0	0.6359145485947125	3.171506086189125E-4
285-289	8.273494137884675E-5	6.34301217237825E-4	0.0	0.6809499350185981	3.585180793083359E-4
>>END_MODULE
