HA_vRNA	79	175	0	0	1	1	0	25
HA_vRNA	94	158	0	0	1	1	0	51
HA_vRNA	95	1562	0	0	1	1	0	31
HA_vRNA	107	773	0	0	1	1	0	51
HA_vRNA	114	217	0	0	1	1	0	46
HA_vRNA	130	1571	0	0	1	1	0	83
HA_vRNA	130	1578	0	0	1	1	0	43
HA_vRNA	165	1157	0	0	1	1	0	104
HA_vRNA	190	1163	0	0	1	1	0	131
HA_vRNA	192	1137	0	0	1	1	0	34
HA_vRNA	196	677	0	0	1	1	0	51
HA_vRNA	200	664	0	0	1	2	0	98
HA_vRNA	205	544	0	0	1	1	0	41
HA_vRNA	230	1632	0	0	1	1	0	83
HA_vRNA	241	1595	0	0	1	1	0	63
HA_vRNA	245	294	0	0	1	25	0	110
HA_vRNA	256	1116	0	0	1	1	0	57
HA_vRNA	259	496	0	0	1	1	0	4
HA_vRNA	259	516	0	0	1	1	0	81
HA_vRNA	263	441	0	0	1	1	0	4
HA_vRNA	263	520	0	0	1	1	0	86
HA_vRNA	265	875	0	0	1	1	0	23
HA_vRNA	265	1652	0	0	1	1	0	88
HA_vRNA	267	513	0	0	1	1	0	100
HA_vRNA	268	538	0	0	1	1	0	3
HA_vRNA	270	518	0	0	1	1	0	100
HA_vRNA	270	520	0	0	1	2	0	108
HA_vRNA	276	293	0	0	1	1	0	24
HA_vRNA	280	541	0	0	1	1	0	11
HA_vRNA	286	520	0	0	1	2	0	39
HA_vRNA	288	1639	0	0	1	53	0	137
HA_vRNA	293	1509	0	0	1	4	0	129
HA_vRNA	301	1618	0	0	1	14	0	113
HA_vRNA	303	464	0	0	1	1	0	65
HA_vRNA	303	1420	0	0	1	1	0	45
HA_vRNA	310	1165	0	0	1	1	0	88
HA_vRNA	312	458	0	0	1	1	0	14
HA_vRNA	320	1473	0	0	1	1	0	7
HA_vRNA	323	1595	0	0	1	1	0	89
HA_vRNA	327	1560	0	0	1	2	0	128
HA_vRNA	328	1517	0	0	1	24	0	135
HA_vRNA	331	1626	0	0	1	1	0	37
HA_vRNA	342	1565	0	0	1	1	0	61
HA_vRNA	346	1665	0	0	1	1	0	53
HA_vRNA	347	1587	0	0	1	1	0	54
HA_vRNA	351	1595	0	0	1	1	0	71
HA_vRNA	353	1119	0	0	1	1	0	114
HA_vRNA	357	1498	0	0	1	1	0	100
HA_vRNA	362	1544	0	0	1	3	0	36
HA_vRNA	363	1500	0	0	1	1	0	96
HA_vRNA	364	1520	0	0	1	1	0	30
HA_vRNA	373	561	1	5	1	1	0	39
HA_vRNA	379	1638	2	6	1	1	0	44
HA_vRNA	399	1510	0	0	1	1	0	98
HA_vRNA	404	1424	0	0	1	1	0	51
HA_vRNA	405	1516	0	0	1	26	0	110
HA_vRNA	408	433	0	0	1	1	0	51
HA_vRNA	428	1664	0	0	1	1	0	24
HA_vRNA	444	1509	0	0	1	1	0	79
HA_vRNA	445	709	2	6	1	3	0	4
HA_vRNA	447	1314	0	0	1	1	0	9
HA_vRNA	447	1371	0	0	1	1	0	84
HA_vRNA	460	1484	0	0	1	1	0	72
HA_vRNA	461	1508	0	0	1	1	0	6
HA_vRNA	467	1445	0	0	1	1	0	131
HA_vRNA	469	1447	0	0	1	1	0	19
HA_vRNA	473	1528	0	0	1	2	0	108
HA_vRNA	487	1115	0	0	1	1	0	6
HA_vRNA	492	1524	0	0	1	1	0	139
HA_vRNA	513	1400	0	0	1	1	0	60
HA_vRNA	517	960	0	0	1	1	0	123
HA_vRNA	517	1421	0	0	1	1	0	4
HA_vRNA	530	1069	0	0	1	1	0	94
HA_vRNA	547	1129	0	0	1	1	0	66
HA_vRNA	554	1343	0	0	1	1	0	43
HA_vRNA	558	1421	0	0	1	1	0	112
HA_vRNA	561	631	0	0	1	1	0	40
HA_vRNA	565	1463	0	0	1	1	0	32
HA_vRNA	566	1049	0	0	1	1	0	41
HA_vRNA	588	938	0	0	1	1	0	27
HA_vRNA	615	1218	0	0	1	1	0	3
HA_vRNA	618	1252	2	4	1	1	0	95
HA_vRNA	630	738	0	0	1	1	0	58
HA_vRNA	631	740	0	0	1	1	0	22
HA_vRNA	634	883	0	0	1	1	0	107
HA_vRNA	643	1525	0	0	1	1	0	121
HA_vRNA	644	1159	0	0	1	1	0	16
HA_vRNA	646	1370	0	0	1	2	0	30
HA_vRNA	677	1115	0	0	1	1	0	12
HA_vRNA	687	971	0	0	1	1	0	43
HA_vRNA	694	917	0	0	1	1	0	3
HA_vRNA	706	996	0	0	1	1	0	62
HA_vRNA	709	915	0	0	1	1	0	94
HA_vRNA	711	974	0	0	1	1	0	31
HA_vRNA	728	1256	0	0	1	1	0	67
HA_vRNA	744	1184	0	0	1	1	0	34
HA_vRNA	745	1148	0	0	1	1	0	27
HA_vRNA	751	1076	0	0	1	6	0	112
HA_vRNA	761	1021	0	0	1	1	0	129
HA_vRNA	763	971	0	0	1	5	0	101
HA_vRNA	767	854	0	0	1	1	0	39
HA_vRNA	769	1212	0	0	1	1	0	37
HA_vRNA	779	1538	0	0	1	1	0	48
HA_vRNA	781	1104	0	0	1	1	0	21
HA_vRNA	788	826	0	0	1	1	0	70
HA_vRNA	793	876	0	0	1	1	0	67
HA_vRNA	820	955	0	0	1	2	0	87
HA_vRNA	821	1197	0	0	1	2	0	69
HA_vRNA	827	1190	0	0	1	1	0	70
HA_vRNA	835	949	0	0	1	3	0	110
HA_vRNA	839	1162	0	0	1	1	0	124
HA_vRNA	841	1269	0	0	1	2	0	66
HA_vRNA	850	1249	0	0	1	2	0	109
HA_vRNA	879	1091	0	0	1	1	0	132
HA_vRNA	929	970	0	0	1	2	0	132
HA_vRNA	944	1078	0	0	1	1	0	80
HA_vRNA	949	1050	0	0	1	1	0	22
HA_vRNA	959	1055	0	0	1	2	0	52
HA_vRNA	970	1404	0	0	1	1	0	126
HA_vRNA	988	1073	0	0	1	1	0	100
HA_vRNA	994	1054	0	0	1	1	0	36
HA_vRNA	1015	1109	0	0	1	1	0	28
HA_vRNA	1077	1589	0	0	1	2	0	12
HA_vRNA	1114	1535	0	0	1	1	0	39
HA_vRNA	1171	1251	0	0	1	2	0	35
HA_vRNA	1261	1272	0	0	1	1	0	30
HA_vRNA	1348	1369	0	0	1	1	0	26
HA_vRNA	1422	1475	0	0	1	1	0	99
M_vRNA	91	392	0	0	1	1	0	24
M_vRNA	100	133	0	0	1	2	0	35
M_vRNA	125	771	0	0	1	1	0	119
M_vRNA	174	252	0	0	1	1	0	33
M_vRNA	185	494	0	0	1	2	0	118
M_vRNA	187	310	0	0	1	1	0	7
M_vRNA	189	389	0	0	1	6	0	131
M_vRNA	193	393	0	0	1	63	3	139
M_vRNA	202	393	0	0	1	18	0	142
M_vRNA	206	390	0	0	1	1	0	91
M_vRNA	210	814	0	0	1	1	0	95
M_vRNA	212	390	0	0	1	0	2	5
M_vRNA	217	395	0	0	1	13	0	137
M_vRNA	245	273	0	0	1	1	0	139
M_vRNA	279	813	0	0	1	1	0	4
M_vRNA	289	976	2	2	1	5	0	43
M_vRNA	291	884	0	0	1	6	0	49
M_vRNA	292	363	0	0	1	5	0	4
M_vRNA	292	381	0	0	1	1	0	8
M_vRNA	293	726	0	0	1	1	0	81
M_vRNA	304	633	0	0	1	2	0	93
M_vRNA	330	458	0	0	1	1	0	83
M_vRNA	350	613	0	0	1	1	0	23
M_vRNA	359	388	0	0	1	1	0	54
M_vRNA	363	730	0	0	1	1	0	70
M_vRNA	374	433	2	4	1	1	0	89
M_vRNA	376	516	0	0	1	2	0	100
M_vRNA	377	411	0	0	1	1	0	3
M_vRNA	384	536	0	0	1	1	0	6
M_vRNA	391	679	0	0	1	1	0	124
M_vRNA	392	648	0	0	1	5	0	102
M_vRNA	396	423	0	0	1	1	0	57
M_vRNA	397	438	0	0	1	5	0	100
M_vRNA	397	621	0	0	1	1	0	86
M_vRNA	407	428	0	0	1	2	0	7
M_vRNA	407	438	0	0	1	1	0	39
M_vRNA	407	658	0	0	1	1	0	7
M_vRNA	409	657	0	0	1	2	0	104
M_vRNA	414	658	0	0	1	0	1	5
M_vRNA	426	628	0	0	1	1	0	54
M_vRNA	426	641	0	0	1	4	0	112
M_vRNA	426	644	0	0	1	1	0	27
M_vRNA	427	657	0	0	1	1	0	74
M_vRNA	434	636	0	0	1	2	0	111
M_vRNA	435	658	0	0	1	17	0	123
M_vRNA	442	642	2	4	1	1	0	56
M_vRNA	467	883	0	0	1	1	0	35
M_vRNA	476	549	0	0	1	1	0	46
M_vRNA	478	857	0	0	1	1	0	4
M_vRNA	480	619	0	0	1	2	0	5
M_vRNA	527	643	0	0	1	1	0	86
M_vRNA	580	623	0	0	1	1	0	111
M_vRNA	593	624	0	0	1	2	0	95
M_vRNA	594	628	0	0	1	2	0	65
M_vRNA	601	621	0	0	1	2	0	80
M_vRNA	646	719	0	0	1	1	0	133
M_vRNA	684	824	0	0	1	1	0	68
M_vRNA	712	784	0	0	1	1	0	39
M_vRNA	749	802	0	0	1	1	0	9
M_vRNA	789	832	0	0	1	1	0	92
M_vRNA	834	884	0	0	1	1	0	62
NA_vRNA	45	1207	0	0	1	1	0	36
NA_vRNA	82	1041	0	0	1	1	0	55
NA_vRNA	100	568	0	0	1	1	0	6
NA_vRNA	101	1298	0	0	1	1	0	72
NA_vRNA	123	316	0	0	1	1	0	31
NA_vRNA	126	1272	0	0	1	1	0	27
NA_vRNA	128	579	0	0	1	1	0	54
NA_vRNA	131	1195	0	0	1	1	0	97
NA_vRNA	138	1257	0	0	1	1	0	42
NA_vRNA	150	997	0	0	1	1	0	55
NA_vRNA	150	1203	0	0	1	1	0	7
NA_vRNA	151	1323	0	0	1	1	0	73
NA_vRNA	156	481	0	0	1	1	0	6
NA_vRNA	166	1303	0	0	1	1	0	93
NA_vRNA	169	1317	0	0	1	1	0	43
NA_vRNA	174	691	0	0	1	6	0	89
NA_vRNA	181	1186	0	0	1	1	0	94
NA_vRNA	188	964	0	0	1	2	0	94
NA_vRNA	194	688	0	0	1	1	0	4
NA_vRNA	195	833	0	0	1	1	0	37
NA_vRNA	203	1325	0	0	1	1	0	47
NA_vRNA	204	1317	0	0	1	2	0	37
NA_vRNA	205	235	0	0	1	1	0	121
NA_vRNA	205	1349	0	0	1	2	0	23
NA_vRNA	210	1334	0	0	1	1	0	4
NA_vRNA	212	1254	0	0	1	3	0	96
NA_vRNA	213	1039	0	0	1	2	0	5
NA_vRNA	213	1112	0	0	1	4	0	60
NA_vRNA	215	1318	0	0	1	1	0	54
NA_vRNA	222	1246	0	0	1	2	0	104
NA_vRNA	224	602	0	0	1	1	0	5
NA_vRNA	228	1326	0	0	1	1	0	70
NA_vRNA	233	1110	0	0	1	1	0	50
NA_vRNA	234	1076	0	0	1	1	0	61
NA_vRNA	239	272	0	0	1	2	0	140
NA_vRNA	249	1072	0	0	1	1	0	3
NA_vRNA	252	1349	0	0	1	8	0	47
NA_vRNA	253	1334	0	0	1	1	0	24
NA_vRNA	261	1211	0	0	1	2	0	53
NA_vRNA	266	1243	0	0	1	1	0	64
NA_vRNA	273	561	0	0	1	1	0	40
NA_vRNA	274	768	0	0	1	2	0	93
NA_vRNA	275	1089	0	0	1	1	0	46
NA_vRNA	275	1139	0	0	1	1	0	42
NA_vRNA	275	1167	0	0	1	1	0	126
NA_vRNA	276	1110	0	0	1	1	0	43
NA_vRNA	276	1230	0	0	1	1	0	46
NA_vRNA	281	620	0	0	1	1	0	103
NA_vRNA	298	563	0	0	1	1	0	68
NA_vRNA	301	1050	0	0	1	1	0	71
NA_vRNA	304	697	0	0	1	1	0	7
NA_vRNA	308	845	0	0	1	1	0	123
NA_vRNA	309	1165	0	0	1	1	0	126
NA_vRNA	321	1227	0	0	1	2	0	75
NA_vRNA	322	633	0	0	1	1	0	44
NA_vRNA	322	958	0	0	1	2	0	89
NA_vRNA	323	715	0	0	1	1	0	50
NA_vRNA	325	758	0	0	1	1	0	34
NA_vRNA	327	752	0	0	1	3	0	97
NA_vRNA	327	1150	0	0	1	1	0	19
NA_vRNA	331	1114	0	0	1	2	0	115
NA_vRNA	332	933	0	0	1	1	0	41
NA_vRNA	334	605	2	6	1	1	0	43
NA_vRNA	335	534	0	0	1	4	0	102
NA_vRNA	343	603	0	0	1	1	0	61
NA_vRNA	345	563	0	0	1	1	0	89
NA_vRNA	346	1142	0	0	1	2	0	34
NA_vRNA	350	879	0	0	1	2	0	135
NA_vRNA	354	1171	0	0	1	2	0	63
NA_vRNA	354	1210	0	0	1	1	0	49
NA_vRNA	357	1037	0	0	1	2	0	113
NA_vRNA	357	1213	2	4	1	1	0	76
NA_vRNA	358	492	0	0	1	1	0	67
NA_vRNA	359	1206	0	0	1	1	0	96
NA_vRNA	362	657	0	0	1	1	0	28
NA_vRNA	363	395	0	0	1	1	0	109
NA_vRNA	365	499	0	0	1	1	0	21
NA_vRNA	370	927	0	0	1	2	0	110
NA_vRNA	371	1014	0	0	1	1	0	87
NA_vRNA	376	413	0	0	1	1	0	148
NA_vRNA	378	924	0	0	1	1	0	129
NA_vRNA	381	482	0	0	1	1	0	91
NA_vRNA	382	450	0	0	1	1	0	56
NA_vRNA	383	1053	2	4	1	1	0	111
NA_vRNA	384	1048	0	0	1	1	0	71
NA_vRNA	386	938	1	5	1	1	0	92
NA_vRNA	390	418	0	0	1	1	0	61
NA_vRNA	392	424	0	0	1	1	0	97
NA_vRNA	393	951	0	0	1	1	0	70
NA_vRNA	405	1075	0	0	1	2	0	84
NA_vRNA	407	1014	0	0	1	1	0	124
NA_vRNA	417	1058	0	0	1	6	0	116
NA_vRNA	419	685	0	0	1	1	0	85
NA_vRNA	423	565	0	0	1	2	0	123
NA_vRNA	443	552	0	0	1	1	0	85
NA_vRNA	447	509	0	0	1	2	0	93
NA_vRNA	449	1060	0	0	1	1	0	77
NA_vRNA	449	1074	0	0	1	1	0	65
NA_vRNA	450	918	0	0	1	1	0	7
NA_vRNA	454	1108	0	0	1	2	0	36
NA_vRNA	458	1025	0	0	1	1	0	74
NA_vRNA	466	1042	0	0	1	10	0	132
NA_vRNA	467	1106	0	0	1	1	0	85
NA_vRNA	475	1034	0	0	1	1	0	67
NA_vRNA	476	1118	0	0	1	1	0	52
NA_vRNA	492	1033	0	0	1	1	0	92
NA_vRNA	510	945	0	0	1	1	0	7
NA_vRNA	512	1119	0	0	1	1	0	140
NA_vRNA	514	993	0	0	1	1	0	121
NA_vRNA	517	937	0	0	1	1	0	25
NA_vRNA	521	1106	0	0	1	1	0	10
NA_vRNA	524	1028	0	0	1	1	0	41
NA_vRNA	525	564	0	0	1	1	0	24
NA_vRNA	526	955	0	0	1	1	0	4
NA_vRNA	532	937	0	0	1	1	0	72
NA_vRNA	544	1201	0	0	1	1	0	57
NA_vRNA	545	1158	0	0	1	2	0	148
NA_vRNA	546	936	0	0	1	2	0	126
NA_vRNA	560	1015	0	0	1	1	0	35
NA_vRNA	577	1016	0	0	1	1	0	67
NA_vRNA	580	701	0	0	1	1	0	54
NA_vRNA	589	1170	0	0	1	1	0	83
NA_vRNA	598	922	0	0	1	1	0	87
NA_vRNA	603	883	0	0	1	1	0	85
NA_vRNA	623	931	0	0	1	1	0	62
NA_vRNA	627	745	0	0	1	2	0	109
NA_vRNA	640	806	0	0	1	1	0	66
NA_vRNA	641	975	0	0	1	1	0	73
NA_vRNA	647	885	0	0	1	1	0	9
NA_vRNA	652	967	0	0	1	1	0	125
NA_vRNA	655	997	0	0	1	1	0	64
NA_vRNA	670	928	0	0	1	1	0	79
NA_vRNA	675	934	0	0	1	1	0	136
NA_vRNA	680	721	0	0	1	1	0	35
NA_vRNA	683	817	0	0	1	1	0	142
NA_vRNA	727	937	0	0	1	1	0	49
NA_vRNA	732	1073	0	0	1	6	0	103
NA_vRNA	732	1175	0	0	1	1	0	115
NA_vRNA	733	1039	0	0	1	1	0	95
NA_vRNA	739	861	0	0	1	1	0	54
NA_vRNA	743	789	0	0	1	1	0	48
NA_vRNA	743	854	0	0	1	1	0	30
NA_vRNA	750	1320	0	0	1	1	0	30
NA_vRNA	754	801	0	0	1	1	0	8
NA_vRNA	754	1021	0	0	1	2	0	24
NA_vRNA	760	799	0	0	1	1	0	75
NA_vRNA	781	999	0	0	1	1	0	129
NA_vRNA	785	839	0	0	1	1	0	88
NA_vRNA	805	1341	0	0	1	1	0	58
NA_vRNA	844	885	0	0	1	1	0	43
NA_vRNA	859	1119	0	0	1	1	0	135
NA_vRNA	866	905	0	0	1	2	0	52
NA_vRNA	868	1111	0	0	1	1	0	28
NA_vRNA	868	1122	0	0	1	1	0	85
NA_vRNA	880	1019	0	0	1	3	0	63
NA_vRNA	882	1059	0	0	1	2	0	82
NA_vRNA	888	1006	0	0	1	1	0	56
NA_vRNA	888	1064	0	0	1	1	0	54
NA_vRNA	893	1010	0	0	1	1	0	126
NA_vRNA	928	1008	0	0	1	3	0	110
NA_vRNA	950	1210	0	0	1	1	0	83
NA_vRNA	967	1069	0	0	1	1	0	25
NA_vRNA	974	1003	0	0	1	1	0	80
NA_vRNA	977	1256	0	0	1	2	0	3
NA_vRNA	991	1022	0	0	1	1	0	60
NA_vRNA	1055	1145	0	0	1	1	0	81
NA_vRNA	1116	1150	0	0	1	1	0	64
NA_vRNA	1173	1224	0	0	1	3	0	60
NA_vRNA	1212	1241	0	0	1	2	0	60
NA_vRNA	1294	1308	0	0	1	1	0	57
NP_vRNA	44	480	0	0	1	1	0	38
NP_vRNA	84	324	0	0	1	14	0	62
NP_vRNA	129	1066	0	0	1	1	0	89
NP_vRNA	135	920	0	0	1	1	0	97
NP_vRNA	139	923	0	0	1	1	0	69
NP_vRNA	145	887	0	0	1	1	0	75
NP_vRNA	154	738	0	0	1	3	0	74
NP_vRNA	155	1106	0	0	1	1	0	98
NP_vRNA	159	1113	0	0	1	1	0	120
NP_vRNA	164	1389	0	0	1	1	0	117
NP_vRNA	174	1040	0	0	1	1	0	9
NP_vRNA	178	1423	0	0	1	1	0	140
NP_vRNA	180	889	0	0	1	1	0	136
NP_vRNA	182	1089	0	0	1	1	0	118
NP_vRNA	182	1111	0	0	1	1	0	115
NP_vRNA	182	1114	0	0	1	1	0	36
NP_vRNA	184	770	2	4	1	1	0	8
NP_vRNA	185	1131	0	0	1	1	0	76
NP_vRNA	187	970	0	0	1	1	0	46
NP_vRNA	195	1178	0	0	1	1	0	57
NP_vRNA	199	226	0	0	1	1	0	59
NP_vRNA	201	1309	0	0	1	1	0	64
NP_vRNA	201	1401	0	0	1	1	0	19
NP_vRNA	202	276	0	0	1	1	0	35
NP_vRNA	203	1403	0	0	1	40	0	136
NP_vRNA	204	1404	1	1	1	1	0	74
NP_vRNA	208	1426	0	0	1	1	0	34
NP_vRNA	211	271	2	6	1	2	1	62
NP_vRNA	228	1428	0	0	1	1	0	107
NP_vRNA	231	1368	0	0	1	1	0	117
NP_vRNA	233	517	0	0	1	1	0	96
NP_vRNA	233	994	0	0	1	1	0	46
NP_vRNA	233	1129	0	0	1	1	0	13
NP_vRNA	240	1127	0	0	1	2	0	111
NP_vRNA	246	530	0	0	1	1	0	30
NP_vRNA	247	1152	0	0	1	1	0	19
NP_vRNA	249	1420	0	0	1	1	0	124
NP_vRNA	252	1366	0	0	1	1	0	141
NP_vRNA	258	840	0	0	1	2	0	28
NP_vRNA	258	1359	0	0	1	1	0	58
NP_vRNA	260	327	0	0	1	1	0	78
NP_vRNA	260	1338	0	0	1	1	0	92
NP_vRNA	260	1350	0	0	1	1	0	49
NP_vRNA	264	1368	0	0	1	1	0	66
NP_vRNA	278	1309	0	0	1	1	0	50
NP_vRNA	278	1338	0	0	1	1	0	89
NP_vRNA	278	1420	2	6	1	4	0	73
NP_vRNA	281	1403	0	0	1	1	0	35
NP_vRNA	283	1365	0	0	1	1	0	3
NP_vRNA	289	1485	0	0	1	20	0	70
NP_vRNA	294	1084	0	0	1	1	0	47
NP_vRNA	310	1366	0	0	1	1	0	37
NP_vRNA	327	480	0	0	1	1	0	8
NP_vRNA	329	1239	0	0	1	1	0	3
NP_vRNA	330	1376	0	0	1	1	0	3
NP_vRNA	332	1245	0	0	1	2	0	66
NP_vRNA	333	1261	0	0	1	1	0	55
NP_vRNA	339	828	0	0	1	1	0	78
NP_vRNA	341	638	0	0	1	1	0	93
NP_vRNA	341	910	0	0	1	7	0	139
NP_vRNA	344	478	0	0	1	1	0	94
NP_vRNA	349	1228	0	0	1	1	0	76
NP_vRNA	352	1040	0	0	1	2	0	104
NP_vRNA	355	571	0	0	1	1	0	51
NP_vRNA	357	593	0	0	1	1	0	34
NP_vRNA	360	1277	0	0	1	1	0	48
NP_vRNA	361	1238	0	0	1	1	0	73
NP_vRNA	371	1061	0	0	1	1	0	62
NP_vRNA	374	638	0	0	1	1	0	48
NP_vRNA	374	977	0	0	1	1	0	40
NP_vRNA	375	879	0	0	1	1	0	27
NP_vRNA	377	783	0	0	1	1	0	5
NP_vRNA	379	882	0	0	1	2	0	62
NP_vRNA	380	724	0	0	1	11	0	127
NP_vRNA	380	943	0	0	1	2	0	132
NP_vRNA	386	446	0	0	1	1	0	4
NP_vRNA	387	1248	0	0	1	1	0	30
NP_vRNA	400	496	0	0	1	1	0	111
NP_vRNA	402	1219	0	0	1	1	0	19
NP_vRNA	405	1192	0	0	1	1	0	59
NP_vRNA	411	679	2	6	1	2	0	23
NP_vRNA	411	809	2	6	1	2	0	6
NP_vRNA	414	813	0	0	1	1	0	109
NP_vRNA	414	1123	0	0	1	1	0	29
NP_vRNA	421	451	0	0	1	1	0	32
NP_vRNA	433	844	0	0	1	2	0	72
NP_vRNA	439	875	0	0	1	1	0	51
NP_vRNA	441	479	0	0	1	1	0	68
NP_vRNA	441	722	0	0	1	0	1	3
NP_vRNA	445	1135	0	0	1	1	0	96
NP_vRNA	459	479	0	0	1	2	0	43
NP_vRNA	459	642	0	0	1	1	0	34
NP_vRNA	459	1217	0	0	1	1	0	40
NP_vRNA	461	1084	0	0	1	1	0	68
NP_vRNA	481	1028	0	0	1	2	0	45
NP_vRNA	488	603	0	0	1	1	0	77
NP_vRNA	488	1201	0	0	1	1	0	33
NP_vRNA	503	1118	0	0	1	1	0	30
NP_vRNA	505	1205	0	0	1	1	0	52
NP_vRNA	507	654	0	0	1	1	0	49
NP_vRNA	507	1133	0	0	1	1	0	71
NP_vRNA	511	1096	0	0	1	5	0	116
NP_vRNA	515	736	0	0	1	1	0	74
NP_vRNA	516	824	0	0	1	1	0	97
NP_vRNA	522	849	0	0	1	1	0	141
NP_vRNA	536	1033	0	0	1	1	0	58
NP_vRNA	537	685	0	0	1	2	0	131
NP_vRNA	539	955	0	0	1	1	0	20
NP_vRNA	541	652	0	0	1	1	0	24
NP_vRNA	548	642	0	0	1	2	0	41
NP_vRNA	549	645	0	0	1	2	0	99
NP_vRNA	550	1125	0	0	1	1	0	70
NP_vRNA	558	1039	0	0	1	1	0	131
NP_vRNA	559	1043	0	0	1	2	0	105
NP_vRNA	569	1017	0	0	1	1	0	32
NP_vRNA	569	1116	0	0	1	1	0	35
NP_vRNA	574	826	0	0	1	2	0	71
NP_vRNA	580	1452	0	0	1	1	0	38
NP_vRNA	581	693	0	0	1	1	0	28
NP_vRNA	583	1019	0	0	1	1	0	52
NP_vRNA	584	595	0	0	1	1	0	68
NP_vRNA	589	1037	0	0	1	1	0	81
NP_vRNA	590	962	0	0	1	1	0	6
NP_vRNA	591	985	0	0	1	2	0	62
NP_vRNA	616	938	0	0	1	1	0	37
NP_vRNA	644	723	0	0	1	1	0	91
NP_vRNA	645	790	0	0	1	4	0	31
NP_vRNA	645	792	0	0	1	1	0	42
NP_vRNA	652	795	0	0	1	2	0	113
NP_vRNA	660	718	0	0	1	1	0	55
NP_vRNA	662	806	0	0	1	1	0	43
NP_vRNA	667	938	0	0	1	1	0	54
NP_vRNA	680	1046	0	0	1	1	0	17
NP_vRNA	695	888	0	0	1	1	0	81
NP_vRNA	699	790	0	0	1	1	0	94
NP_vRNA	708	777	0	0	1	1	0	103
NP_vRNA	712	1031	0	0	1	1	0	17
NP_vRNA	724	791	0	0	1	1	0	22
NP_vRNA	725	796	0	0	1	1	0	84
NP_vRNA	753	1213	0	0	1	1	0	22
NP_vRNA	757	1125	0	0	1	2	0	82
NP_vRNA	768	814	0	0	1	1	0	39
NP_vRNA	771	1130	0	0	1	2	0	50
NP_vRNA	775	911	0	0	1	1	0	39
NP_vRNA	798	853	0	0	1	1	0	118
NP_vRNA	803	1075	0	0	1	1	0	84
NP_vRNA	804	933	0	0	1	1	0	81
NP_vRNA	805	922	0	0	1	2	0	142
NP_vRNA	806	1045	0	0	1	1	0	69
NP_vRNA	811	858	0	0	1	1	0	57
NP_vRNA	811	1091	0	0	1	2	0	21
NP_vRNA	811	1428	0	0	1	1	0	66
NP_vRNA	820	1186	0	0	1	2	0	16
NP_vRNA	820	1337	0	0	1	1	0	112
NP_vRNA	837	871	0	0	1	1	0	9
NP_vRNA	855	938	0	0	1	1	0	57
NP_vRNA	855	1086	0	0	1	1	0	60
NP_vRNA	872	913	0	0	1	1	0	94
NP_vRNA	884	1040	0	0	1	1	0	57
NP_vRNA	892	1048	0	0	1	2	0	121
NP_vRNA	892	1092	0	0	1	1	0	78
NP_vRNA	894	1204	0	0	1	2	0	135
NP_vRNA	898	1011	0	0	1	2	0	71
NP_vRNA	898	1017	0	0	1	1	0	8
NP_vRNA	899	989	0	0	1	1	0	6
NP_vRNA	901	1364	0	0	1	1	0	5
NP_vRNA	903	1195	0	0	1	1	0	87
NP_vRNA	907	1040	0	0	1	2	0	80
NP_vRNA	911	1044	0	0	1	2	0	76
NP_vRNA	915	1043	0	0	1	2	0	114
NP_vRNA	923	1036	0	0	1	1	0	107
NP_vRNA	939	983	0	0	1	1	0	34
NP_vRNA	940	1132	0	0	1	1	0	6
NP_vRNA	950	1298	0	0	1	1	0	28
NP_vRNA	953	1024	0	0	1	2	0	131
NP_vRNA	964	1041	0	0	1	1	0	61
NP_vRNA	984	1027	0	0	1	1	0	124
NP_vRNA	986	1039	0	0	1	1	0	7
NP_vRNA	1006	1144	0	0	1	1	0	110
NP_vRNA	1032	1056	0	0	1	1	0	40
NP_vRNA	1043	1276	0	0	1	1	0	34
NP_vRNA	1066	1102	0	0	1	1	0	33
NP_vRNA	1080	1146	0	0	1	1	0	73
NP_vRNA	1089	1139	0	0	1	1	0	71
NP_vRNA	1110	1166	0	0	1	1	0	130
NP_vRNA	1183	1284	0	0	1	1	0	75
NP_vRNA	1210	1302	0	0	1	1	0	42
NP_vRNA	1387	1438	1	1	1	1	0	47
NP_vRNA	1509	1518	0	0	1	2	0	37
NS_vRNA	150	198	0	0	1	1	0	7
NS_vRNA	183	540	0	0	1	1	0	59
NS_vRNA	186	733	0	0	1	1	0	127
NS_vRNA	209	718	0	0	1	1	0	113
NS_vRNA	215	665	0	0	1	1	0	71
NS_vRNA	218	681	0	0	1	1	0	94
NS_vRNA	218	699	0	0	1	1	0	142
NS_vRNA	219	701	0	0	1	1	0	140
NS_vRNA	223	736	0	0	1	1	0	75
NS_vRNA	232	635	0	0	1	1	0	62
NS_vRNA	245	637	0	0	1	1	0	59
NS_vRNA	246	644	0	0	1	2	0	139
NS_vRNA	248	434	0	0	1	1	0	100
NS_vRNA	250	757	0	0	1	1	0	78
NS_vRNA	254	543	0	0	1	1	0	85
NS_vRNA	255	654	0	0	1	1	0	6
NS_vRNA	256	652	0	0	1	1	0	6
NS_vRNA	274	752	0	0	1	1	0	43
NS_vRNA	285	367	0	0	1	1	0	45
NS_vRNA	301	650	0	0	1	1	0	87
NS_vRNA	311	365	0	0	1	1	0	51
NS_vRNA	320	610	0	0	1	2	0	67
NS_vRNA	341	744	0	0	1	1	0	76
NS_vRNA	344	540	0	0	1	1	0	33
NS_vRNA	348	573	0	0	1	1	0	96
NS_vRNA	348	815	0	0	1	1	0	44
NS_vRNA	357	435	0	0	1	1	0	54
NS_vRNA	366	837	0	0	1	1	0	33
NS_vRNA	389	425	0	0	1	1	0	29
NS_vRNA	393	471	0	0	1	1	0	89
NS_vRNA	398	674	0	0	1	1	0	83
NS_vRNA	412	475	0	0	1	1	0	58
NS_vRNA	450	556	0	0	1	1	0	95
NS_vRNA	463	535	0	0	1	1	0	5
NS_vRNA	479	548	0	0	1	1	0	50
NS_vRNA	580	734	0	0	1	1	0	97
NS_vRNA	587	635	0	0	1	1	0	84
NS_vRNA	616	652	0	0	1	1	0	137
NS_vRNA	683	711	0	0	1	1	0	73
NS_vRNA	742	763	0	0	1	1	0	42
NS_vRNA	746	755	0	0	1	1	0	21
PA_vRNA	57	328	0	0	1	1	0	29
PA_vRNA	58	1052	0	0	1	1	0	32
PA_vRNA	58	1282	0	0	1	1	0	49
PA_vRNA	60	1959	0	0	1	1	0	30
PA_vRNA	62	576	0	0	1	2	0	34
PA_vRNA	64	1030	0	0	1	2	0	59
PA_vRNA	73	261	2	6	1	136	0	6
PA_vRNA	93	1831	0	0	1	1	0	28
PA_vRNA	102	1943	0	0	1	1	0	74
PA_vRNA	109	176	0	0	1	3	0	91
PA_vRNA	110	162	0	0	1	1	0	24
PA_vRNA	110	995	0	0	1	1	0	85
PA_vRNA	118	178	0	0	1	10	0	90
PA_vRNA	124	1053	0	0	1	1	0	106
PA_vRNA	125	470	0	0	1	2	0	64
PA_vRNA	133	459	0	0	1	1	0	105
PA_vRNA	140	325	0	0	1	2	0	29
PA_vRNA	143	1336	0	0	1	1	0	86
PA_vRNA	152	1050	0	0	1	1	0	110
PA_vRNA	157	1794	0	0	1	31	0	129
PA_vRNA	158	1096	0	0	1	1	0	22
PA_vRNA	159	578	0	0	1	1	0	34
PA_vRNA	161	1580	0	0	1	1	0	132
PA_vRNA	162	1984	0	0	1	37	0	139
PA_vRNA	162	2032	0	0	1	4	0	60
PA_vRNA	166	2086	0	0	1	1	0	57
PA_vRNA	166	2143	0	0	1	1	0	84
PA_vRNA	167	687	0	0	1	1	0	37
PA_vRNA	168	183	0	0	1	129	0	100
PA_vRNA	171	1070	1	1	1	1	0	5
PA_vRNA	173	1935	0	0	1	22	0	145
PA_vRNA	173	1976	0	0	1	4	0	101
PA_vRNA	173	2097	0	0	1	1	0	47
PA_vRNA	177	2106	0	0	1	9	0	116
PA_vRNA	182	1438	0	0	1	2	0	121
PA_vRNA	185	1920	1	1	1	2	0	106
PA_vRNA	186	1950	0	0	1	1	0	37
PA_vRNA	189	2001	0	0	1	13	0	88
PA_vRNA	190	251	0	0	1	2	0	6
PA_vRNA	190	369	0	0	1	1	0	56
PA_vRNA	194	2090	0	0	1	2	0	129
PA_vRNA	195	1953	0	0	1	1	0	98
PA_vRNA	195	2022	0	0	1	3	0	61
PA_vRNA	198	2052	0	0	1	1	0	64
PA_vRNA	205	2105	0	0	1	1	0	48
PA_vRNA	208	2025	0	0	1	1	0	17
PA_vRNA	208	2106	0	0	1	3	0	109
PA_vRNA	209	2114	0	0	1	1	0	73
PA_vRNA	210	1746	0	0	1	1	0	66
PA_vRNA	210	2119	0	0	1	1	0	5
PA_vRNA	221	2016	0	0	1	2	0	33
PA_vRNA	222	1879	0	0	1	1	0	53
PA_vRNA	222	1932	2	2	1	1	0	118
PA_vRNA	222	2069	2	2	1	36	0	150
PA_vRNA	223	2105	0	0	1	3	0	105
PA_vRNA	224	2002	0	0	1	2	0	97
PA_vRNA	224	2053	0	0	1	1	0	36
PA_vRNA	225	1875	0	0	1	8	0	131
PA_vRNA	226	2007	0	0	1	1	0	13
PA_vRNA	226	2100	0	0	1	3	0	126
PA_vRNA	226	2191	0	0	1	1	0	36
PA_vRNA	227	2052	0	0	1	1	0	97
PA_vRNA	227	2073	0	0	1	1	0	26
PA_vRNA	227	2162	0	0	1	1	0	25
PA_vRNA	229	2005	0	0	1	1	0	68
PA_vRNA	234	2106	0	0	1	3	0	75
PA_vRNA	234	2133	0	0	1	2	0	80
PA_vRNA	237	2038	0	0	1	5	0	66
PA_vRNA	237	2053	0	0	1	1	0	46
PA_vRNA	237	2090	0	0	1	2	0	51
PA_vRNA	238	2090	0	0	1	2	0	102
PA_vRNA	239	2014	0	0	1	1	0	82
PA_vRNA	239	2074	0	0	1	3	0	95
PA_vRNA	241	2062	0	0	1	2	0	80
PA_vRNA	243	1987	0	0	1	1	0	58
PA_vRNA	243	1998	0	0	1	1	0	56
PA_vRNA	244	736	0	0	1	1	0	81
PA_vRNA	244	2008	0	0	1	3	0	133
PA_vRNA	246	597	0	0	1	1	0	43
PA_vRNA	246	2030	0	0	1	65	0	149
PA_vRNA	246	2063	0	0	1	1	0	76
PA_vRNA	247	291	0	0	1	1	0	69
PA_vRNA	247	1995	0	0	1	2	0	130
PA_vRNA	247	2039	0	0	1	2	0	111
PA_vRNA	247	2059	0	0	1	2	0	70
PA_vRNA	248	2041	0	0	1	1	0	114
PA_vRNA	248	2089	0	0	1	1	0	1
PA_vRNA	248	2090	0	0	1	1	0	51
PA_vRNA	250	1875	0	0	1	10	0	106
PA_vRNA	251	2041	0	0	1	1	0	6
PA_vRNA	252	1985	0	0	1	2	0	69
PA_vRNA	253	1988	0	0	1	4	0	97
PA_vRNA	253	2091	0	0	1	1	0	90
PA_vRNA	254	1989	0	0	1	957	0	150
PA_vRNA	254	1990	0	0	1	2	1	64
PA_vRNA	255	1990	0	0	1	1	0	36
PA_vRNA	256	2102	0	0	1	29	0	132
PA_vRNA	257	2031	0	0	1	2	0	69
PA_vRNA	257	2057	0	0	1	4	0	84
PA_vRNA	258	1824	0	0	1	1	0	65
PA_vRNA	258	2104	0	0	1	1	0	59
PA_vRNA	261	2022	0	0	1	6	0	74
PA_vRNA	261	2040	0	0	1	2	0	135
PA_vRNA	262	306	0	0	1	1	0	3
PA_vRNA	262	2023	0	0	1	1	0	55
PA_vRNA	263	2049	0	0	1	7	0	122
PA_vRNA	263	2052	0	0	1	54	0	139
PA_vRNA	263	2097	0	0	1	1	0	52
PA_vRNA	264	2026	0	0	1	90	0	144
PA_vRNA	264	2146	0	0	1	3	0	76
PA_vRNA	265	2045	0	0	1	1	0	44
PA_vRNA	266	1923	0	0	1	1	0	35
PA_vRNA	266	1964	0	0	1	1	0	93
PA_vRNA	266	1984	0	0	1	2	0	78
PA_vRNA	266	2015	0	0	1	1	0	34
PA_vRNA	266	2057	0	0	1	1	0	7
PA_vRNA	266	2072	0	0	1	1	0	79
PA_vRNA	267	378	0	0	1	0	1	5
PA_vRNA	267	2052	0	0	1	1	0	89
PA_vRNA	268	2104	0	0	1	2	0	45
PA_vRNA	269	2021	0	0	1	17	0	149
PA_vRNA	269	2066	0	0	1	1	0	33
PA_vRNA	269	2108	2	6	1	1	0	1
PA_vRNA	276	2122	0	0	1	86	1	112
PA_vRNA	276	2145	0	0	1	5	0	82
PA_vRNA	276	2154	0	0	1	1	1	57
PA_vRNA	278	2089	0	0	1	1	0	48
PA_vRNA	279	2089	0	0	1	380	0	145
PA_vRNA	280	304	0	0	1	2	0	78
PA_vRNA	280	2019	0	0	1	198	0	146
PA_vRNA	281	2020	0	0	1	1	0	69
PA_vRNA	281	2074	0	0	1	1	0	69
PA_vRNA	282	304	0	0	1	1	1	36
PA_vRNA	282	2025	0	0	1	13	0	119
PA_vRNA	282	2073	0	0	1	3	0	108
PA_vRNA	282	2094	0	0	1	106	0	98
PA_vRNA	284	2043	0	0	1	69	0	149
PA_vRNA	285	1917	0	0	1	2	0	25
PA_vRNA	285	1976	0	0	1	1	0	38
PA_vRNA	285	2021	0	0	1	1	0	2
PA_vRNA	286	386	0	0	1	1	0	94
PA_vRNA	286	1928	0	0	1	1	0	58
PA_vRNA	286	1940	0	0	1	10	0	40
PA_vRNA	286	2031	0	0	1	1	0	61
PA_vRNA	286	2053	0	0	1	1	0	17
PA_vRNA	287	2011	0	0	1	1	0	18
PA_vRNA	287	2021	0	0	1	123	0	146
PA_vRNA	288	310	0	0	1	113	1	145
PA_vRNA	289	355	0	0	1	2	1	7
PA_vRNA	289	2045	0	0	1	1	0	3
PA_vRNA	291	1955	0	0	1	1	0	33
PA_vRNA	291	2000	0	0	1	2	0	101
PA_vRNA	291	2046	0	0	1	9	0	107
PA_vRNA	292	355	0	0	1	2	1	4
PA_vRNA	293	1972	0	0	1	1	0	119
PA_vRNA	293	2033	0	0	1	2	0	55
PA_vRNA	294	2032	0	0	1	2	0	57
PA_vRNA	294	2107	0	0	1	1	0	5
PA_vRNA	295	2024	0	0	1	12	0	117
PA_vRNA	296	1971	0	0	1	1	0	73
PA_vRNA	296	2000	0	0	1	1	0	69
PA_vRNA	296	2059	0	0	1	1	0	5
PA_vRNA	297	2024	0	0	1	1	0	64
PA_vRNA	298	308	0	0	1	10	0	67
PA_vRNA	298	2037	0	0	1	7	0	120
PA_vRNA	298	2044	0	0	1	23	0	110
PA_vRNA	299	2027	0	0	1	1	0	69
PA_vRNA	299	2096	0	0	1	2	0	94
PA_vRNA	300	1988	0	0	1	1	0	38
PA_vRNA	301	1991	0	0	1	7	0	135
PA_vRNA	302	2089	0	0	1	2	0	27
PA_vRNA	304	2052	0	0	1	1	0	91
PA_vRNA	305	2119	0	0	1	1	0	108
PA_vRNA	306	2051	0	0	1	1	0	86
PA_vRNA	306	2076	0	0	1	2	0	20
PA_vRNA	307	1964	0	0	1	2	0	144
PA_vRNA	307	2076	0	0	1	1	0	118
PA_vRNA	308	2021	0	0	1	1	0	67
PA_vRNA	308	2051	0	0	1	19	0	122
PA_vRNA	308	2076	0	0	1	1	0	83
PA_vRNA	309	319	0	0	1	1	0	12
PA_vRNA	309	1994	0	0	1	1	0	62
PA_vRNA	309	2011	0	0	1	10	0	117
PA_vRNA	310	323	0	0	1	2	0	48
PA_vRNA	310	505	0	0	1	1	0	6
PA_vRNA	314	1852	0	0	1	1	0	130
PA_vRNA	314	2062	0	0	1	1	0	3
PA_vRNA	315	1985	0	0	1	1	0	114
PA_vRNA	316	1956	0	0	1	1	0	74
PA_vRNA	318	1970	0	0	1	4	0	130
PA_vRNA	319	2021	0	0	1	1	0	68
PA_vRNA	319	2117	0	0	1	3	0	100
PA_vRNA	320	2027	0	0	1	1	0	76
PA_vRNA	321	1967	0	0	1	1	0	5
PA_vRNA	322	1921	0	0	1	1	0	74
PA_vRNA	323	1918	0	0	1	24	0	133
PA_vRNA	328	2095	0	0	1	5	0	66
PA_vRNA	328	2097	0	0	1	1	0	3
PA_vRNA	329	1921	0	0	1	1	0	118
PA_vRNA	329	2023	0	0	1	1	0	3
PA_vRNA	329	2096	0	0	1	1307	0	138
PA_vRNA	330	376	0	0	1	2	0	66
PA_vRNA	330	436	0	0	1	9	0	104
PA_vRNA	330	1940	0	0	1	14	0	149
PA_vRNA	330	2008	0	0	1	1	0	2
PA_vRNA	330	2021	0	0	1	494	0	150
PA_vRNA	330	2024	0	0	1	1	0	4
PA_vRNA	331	343	0	0	1	2	0	82
PA_vRNA	334	2002	0	0	1	1	0	44
PA_vRNA	335	1884	0	0	1	3	0	87
PA_vRNA	335	1929	0	0	1	2	0	57
PA_vRNA	335	2017	0	0	1	1	0	96
PA_vRNA	335	2034	0	0	1	1	0	116
PA_vRNA	335	2041	0	0	1	1	0	48
PA_vRNA	336	2012	0	0	1	1	0	77
PA_vRNA	342	1980	0	0	1	1	0	73
PA_vRNA	342	2000	0	0	1	1	0	19
PA_vRNA	346	1957	0	0	1	9	0	122
PA_vRNA	349	1998	0	0	1	1	0	141
PA_vRNA	352	2033	0	0	1	1	0	22
PA_vRNA	353	1960	0	0	1	2	0	124
PA_vRNA	353	2031	0	0	1	2	0	91
PA_vRNA	355	2035	0	0	1	1	0	42
PA_vRNA	356	1931	0	0	1	1	0	4
PA_vRNA	358	2072	0	0	1	1	0	41
PA_vRNA	359	393	0	0	1	4	0	90
PA_vRNA	359	1981	0	0	1	1	0	108
PA_vRNA	359	1989	0	0	1	1	0	92
PA_vRNA	360	1873	0	0	1	2	0	74
PA_vRNA	363	1823	0	0	1	3	0	43
PA_vRNA	363	1881	0	0	1	3	0	94
PA_vRNA	363	1886	0	0	1	1	0	56
PA_vRNA	363	1930	0	0	1	1	0	28
PA_vRNA	363	2105	0	0	1	1	0	36
PA_vRNA	364	1869	0	0	1	10	0	117
PA_vRNA	365	1893	0	0	1	1	0	93
PA_vRNA	371	2011	0	0	1	1	0	78
PA_vRNA	371	2048	0	0	1	1	0	86
PA_vRNA	372	1916	0	0	1	3	0	134
PA_vRNA	372	1940	0	0	1	1	0	48
PA_vRNA	372	1943	0	0	1	1	0	112
PA_vRNA	377	1935	0	0	1	1	0	69
PA_vRNA	379	1792	0	0	1	1	0	95
PA_vRNA	380	1997	0	0	1	2	0	111
PA_vRNA	383	2040	0	0	1	1	0	103
PA_vRNA	386	483	0	0	1	1	0	56
PA_vRNA	386	2003	0	0	1	1	0	56
PA_vRNA	388	1940	0	0	1	1	0	58
PA_vRNA	389	1928	0	0	1	311	0	147
PA_vRNA	390	1987	0	0	1	4	0	87
PA_vRNA	391	1931	0	0	1	1	0	55
PA_vRNA	391	1940	0	0	1	51	0	137
PA_vRNA	392	672	2	6	1	1	0	4
PA_vRNA	392	1839	0	0	1	1	0	62
PA_vRNA	392	1881	2	6	1	2	0	47
PA_vRNA	396	2001	0	0	1	1	0	51
PA_vRNA	398	1844	0	0	1	21	0	149
PA_vRNA	399	472	0	0	1	1	0	98
PA_vRNA	400	1715	0	0	1	1	0	35
PA_vRNA	401	1789	0	0	1	3	0	112
PA_vRNA	403	1158	0	0	1	1	0	44
PA_vRNA	403	1332	0	0	1	1	0	51
PA_vRNA	404	2067	0	0	1	4	0	96
PA_vRNA	407	2030	0	0	1	11	0	113
PA_vRNA	408	1995	0	0	1	1	0	101
PA_vRNA	409	2033	0	0	1	1	0	45
PA_vRNA	410	1956	0	0	1	2	0	133
PA_vRNA	410	2043	0	0	1	158	1	149
PA_vRNA	411	714	0	0	1	1	0	68
PA_vRNA	412	1652	0	0	1	3	0	32
PA_vRNA	412	1867	0	0	1	6	0	141
PA_vRNA	414	1940	0	0	1	1	0	82
PA_vRNA	415	1988	0	0	1	1	0	99
PA_vRNA	415	1999	0	0	1	1	0	27
PA_vRNA	416	1912	0	0	1	11	0	98
PA_vRNA	416	1951	0	0	1	2	0	47
PA_vRNA	417	1879	0	0	1	1	0	77
PA_vRNA	417	1931	0	0	1	1	0	27
PA_vRNA	417	1993	0	0	1	1	0	22
PA_vRNA	418	2024	0	0	1	1	0	137
PA_vRNA	420	1983	0	0	1	1	0	23
PA_vRNA	421	1937	0	0	1	2	0	98
PA_vRNA	424	1617	0	0	1	2	0	83
PA_vRNA	425	1881	0	0	1	7	0	121
PA_vRNA	426	1812	0	0	1	1	0	66
PA_vRNA	426	1863	0	0	1	1	0	82
PA_vRNA	426	1934	0	0	1	2	0	145
PA_vRNA	427	1723	0	0	1	1	0	64
PA_vRNA	428	1825	0	0	1	1	0	19
PA_vRNA	429	1033	0	0	1	1	0	71
PA_vRNA	430	577	0	0	1	1	0	6
PA_vRNA	430	1779	0	0	1	2	0	51
PA_vRNA	433	559	0	0	1	1	0	65
PA_vRNA	434	1165	0	0	1	1	0	81
PA_vRNA	434	1838	0	0	1	1	0	58
PA_vRNA	434	1871	0	0	1	2	0	128
PA_vRNA	434	1891	0	0	1	1	0	61
PA_vRNA	434	1979	0	0	1	2	0	46
PA_vRNA	435	1122	0	0	1	1	0	3
PA_vRNA	436	1968	0	0	1	2	0	57
PA_vRNA	437	1765	0	0	1	109	0	142
PA_vRNA	437	1962	0	0	1	1	0	24
PA_vRNA	438	1726	0	0	1	41	0	141
PA_vRNA	439	1837	0	0	1	13	0	103
PA_vRNA	440	1775	0	0	1	1	1	47
PA_vRNA	441	1728	0	0	1	7	0	147
PA_vRNA	441	1844	0	0	1	2	0	97
PA_vRNA	442	1884	0	0	1	4	0	47
PA_vRNA	443	1990	0	0	1	3	0	69
PA_vRNA	451	1120	0	0	1	1	0	28
PA_vRNA	452	597	0	0	1	18	0	145
PA_vRNA	453	1840	0	0	1	2	0	58
PA_vRNA	453	1945	0	0	1	1	0	132
PA_vRNA	454	1718	0	0	1	1	0	22
PA_vRNA	454	1945	0	0	1	4	0	121
PA_vRNA	455	1903	0	0	1	2	0	63
PA_vRNA	455	2075	0	0	1	1	0	102
PA_vRNA	459	1902	0	0	1	1	0	20
PA_vRNA	463	1721	0	0	1	1	0	84
PA_vRNA	463	1867	0	0	1	1	0	42
PA_vRNA	463	1914	0	0	1	1	0	38
PA_vRNA	468	1656	0	0	1	1	0	69
PA_vRNA	471	1881	0	0	1	3	0	61
PA_vRNA	472	1781	0	0	1	385	0	148
PA_vRNA	472	1821	0	0	1	1	0	119
PA_vRNA	472	1823	0	0	1	202	0	142
PA_vRNA	473	1926	0	0	1	1	0	3
PA_vRNA	474	1934	0	0	1	2	0	76
PA_vRNA	475	1814	0	0	1	2	0	30
PA_vRNA	475	1815	0	0	1	9	0	145
PA_vRNA	475	1976	0	0	1	1	0	21
PA_vRNA	476	1776	0	0	1	1	0	52
PA_vRNA	476	1816	0	0	1	1	0	7
PA_vRNA	476	1856	0	0	1	79	0	140
PA_vRNA	476	1959	0	0	1	1	0	113
PA_vRNA	477	1880	0	0	1	2	0	134
PA_vRNA	478	2027	0	0	1	1	0	98
PA_vRNA	479	731	0	0	1	1	0	103
PA_vRNA	479	1789	0	0	1	0	3	3
PA_vRNA	480	1789	0	0	1	123	3	76
PA_vRNA	480	1790	0	0	1	1	0	4
PA_vRNA	482	1819	0	0	1	1	0	65
PA_vRNA	482	1825	0	0	1	5	0	115
PA_vRNA	484	1833	0	0	1	0	1	4
PA_vRNA	484	2002	0	0	1	2	0	74
PA_vRNA	486	1669	0	0	1	2	0	38
PA_vRNA	490	2043	0	0	1	1	0	145
PA_vRNA	491	561	0	0	1	2	0	32
PA_vRNA	491	1690	0	0	1	1	0	111
PA_vRNA	491	1813	0	0	1	1	0	26
PA_vRNA	492	1732	0	0	1	1	0	75
PA_vRNA	492	1822	0	0	1	1	0	57
PA_vRNA	492	2004	0	0	1	3	0	137
PA_vRNA	493	564	0	0	1	1	0	48
PA_vRNA	496	1789	0	0	1	3	0	126
PA_vRNA	497	1756	0	0	1	1	0	131
PA_vRNA	498	1789	0	0	1	2	0	112
PA_vRNA	498	1853	0	0	1	2	0	132
PA_vRNA	499	1812	0	0	1	2	0	119
PA_vRNA	504	1793	0	0	1	3	0	94
PA_vRNA	504	1875	0	0	1	9	0	145
PA_vRNA	506	1814	0	0	1	2	0	83
PA_vRNA	509	1580	0	0	1	11	0	115
PA_vRNA	510	1894	1	1	1	1	0	48
PA_vRNA	511	1663	0	0	1	2	0	42
PA_vRNA	512	773	0	0	1	1	0	32
PA_vRNA	512	1720	0	0	1	1	0	3
PA_vRNA	512	2053	0	0	1	1	0	36
PA_vRNA	513	1972	0	0	1	2	0	114
PA_vRNA	517	1160	0	0	1	1	0	43
PA_vRNA	520	1777	0	0	1	3	0	123
PA_vRNA	521	1823	0	0	1	1	0	57
PA_vRNA	523	1910	0	0	1	1	0	72
PA_vRNA	524	1931	0	0	1	62	0	147
PA_vRNA	526	1810	0	0	1	4	0	110
PA_vRNA	526	1836	0	0	1	37	1	144
PA_vRNA	526	1857	0	0	1	1	0	131
PA_vRNA	526	1882	0	0	1	1	0	3
PA_vRNA	527	1715	0	0	1	1	0	76
PA_vRNA	527	1790	0	0	1	1	0	98
PA_vRNA	527	1817	0	0	1	1	0	127
PA_vRNA	527	1860	0	0	1	2	0	58
PA_vRNA	527	1884	0	0	1	13	0	104
PA_vRNA	527	1886	0	0	1	1	0	46
PA_vRNA	527	1895	0	0	1	1	0	65
PA_vRNA	528	1949	0	0	1	3	0	123
PA_vRNA	529	1759	0	0	1	1	0	65
PA_vRNA	533	1775	0	0	1	1	0	83
PA_vRNA	533	1816	0	0	1	11	0	135
PA_vRNA	533	1844	0	0	1	1	0	31
PA_vRNA	538	1783	0	0	1	6	1	134
PA_vRNA	538	1788	0	0	1	232	0	147
PA_vRNA	538	1867	0	0	1	3	1	91
PA_vRNA	539	1677	0	0	1	5	0	112
PA_vRNA	539	1824	0	0	1	2	0	24
PA_vRNA	539	1876	0	0	1	8	0	85
PA_vRNA	539	2009	0	0	1	94	1	133
PA_vRNA	540	1846	0	0	1	3	0	96
PA_vRNA	544	1655	0	0	1	1	0	3
PA_vRNA	544	1676	0	0	1	1	0	35
PA_vRNA	544	1801	0	0	1	1	0	31
PA_vRNA	544	1807	0	0	1	1	0	121
PA_vRNA	544	1842	0	0	1	2	0	53
PA_vRNA	544	1849	0	0	1	1	0	93
PA_vRNA	544	2037	0	0	1	3	0	133
PA_vRNA	548	1745	0	0	1	8	0	73
PA_vRNA	553	1820	0	0	1	19	0	132
PA_vRNA	554	1813	0	0	1	2	0	132
PA_vRNA	555	1790	0	0	1	10	0	138
PA_vRNA	559	1946	0	0	1	1	0	19
PA_vRNA	559	2136	0	0	1	1	0	40
PA_vRNA	561	1858	0	0	1	7	0	106
PA_vRNA	563	1783	0	0	1	140	1	146
PA_vRNA	566	1147	0	0	1	3	0	71
PA_vRNA	567	1826	0	0	1	3	0	118
PA_vRNA	568	1703	0	0	1	1	0	66
PA_vRNA	568	1982	0	0	1	1	0	5
PA_vRNA	569	1150	0	0	1	2	0	24
PA_vRNA	569	1783	0	0	1	3	0	116
PA_vRNA	569	1863	0	0	1	2	0	89
PA_vRNA	570	656	0	0	1	1	0	133
PA_vRNA	571	1771	0	0	1	7	0	134
PA_vRNA	574	1159	0	0	1	1	0	4
PA_vRNA	576	1158	0	0	1	4	0	85
PA_vRNA	576	1257	0	0	1	2	0	75
PA_vRNA	580	1721	0	0	1	2	0	104
PA_vRNA	581	1882	0	0	1	1	0	18
PA_vRNA	583	1012	0	0	1	2	0	127
PA_vRNA	583	1167	0	0	1	1	0	38
PA_vRNA	583	1335	0	0	1	1	0	78
PA_vRNA	584	1942	0	0	1	1	0	10
PA_vRNA	585	1722	0	0	1	4	0	28
PA_vRNA	586	1270	0	0	1	1	0	71
PA_vRNA	587	1836	0	0	1	3	0	100
PA_vRNA	590	1334	0	0	1	1	0	49
PA_vRNA	590	1714	0	0	1	1	0	34
PA_vRNA	591	850	0	0	1	1	0	6
PA_vRNA	592	1716	0	0	1	285	1	146
PA_vRNA	593	1150	0	0	1	2	0	98
PA_vRNA	593	1717	0	0	1	2	0	81
PA_vRNA	594	1996	0	0	1	1	0	49
PA_vRNA	595	1685	0	0	1	1	0	82
PA_vRNA	596	998	0	0	1	1	0	36
PA_vRNA	598	1609	0	0	1	1	0	22
PA_vRNA	600	1157	0	0	1	2	0	84
PA_vRNA	601	692	0	0	1	2	0	8
PA_vRNA	603	1607	0	0	1	1	0	33
PA_vRNA	603	1671	0	0	1	1	0	38
PA_vRNA	603	1777	0	0	1	101	0	148
PA_vRNA	605	1901	0	0	1	139	1	145
PA_vRNA	606	1589	0	0	1	1	0	4
PA_vRNA	607	1843	0	0	1	2	0	52
PA_vRNA	607	1940	0	0	1	3	0	49
PA_vRNA	608	1682	0	0	1	2	0	74
PA_vRNA	614	1180	0	0	1	1	0	53
PA_vRNA	614	1720	0	0	1	1	0	19
PA_vRNA	617	1607	0	0	1	1	0	93
PA_vRNA	619	1700	0	0	1	101	0	146
PA_vRNA	621	1807	0	0	1	6	0	120
PA_vRNA	623	1680	0	0	1	1	0	21
PA_vRNA	623	1716	0	0	1	4	0	58
PA_vRNA	625	1592	0	0	1	2	0	67
PA_vRNA	625	1765	0	0	1	3	0	83
PA_vRNA	626	1599	0	0	1	1	0	49
PA_vRNA	626	1645	0	0	1	3	0	125
PA_vRNA	627	1622	0	0	1	2	0	94
PA_vRNA	628	1570	0	0	1	1	0	28
PA_vRNA	632	1652	0	0	1	1	0	48
PA_vRNA	634	1622	0	0	1	2	0	113
PA_vRNA	634	1684	0	0	1	3	0	98
PA_vRNA	637	1525	0	0	1	1	0	54
PA_vRNA	637	1802	0	0	1	1	0	49
PA_vRNA	637	1820	0	0	1	1	0	122
PA_vRNA	643	1673	0	0	1	1	0	80
PA_vRNA	647	1116	0	0	1	1	0	50
PA_vRNA	650	1731	0	0	1	1	0	25
PA_vRNA	650	1840	0	0	1	7	0	102
PA_vRNA	652	1681	0	0	1	1	0	106
PA_vRNA	656	1823	0	0	1	1	0	58
PA_vRNA	657	1125	0	0	1	2	0	77
PA_vRNA	659	1048	0	0	1	1	0	3
PA_vRNA	662	1857	0	0	1	6	0	129
PA_vRNA	664	1554	0	0	1	1	0	145
PA_vRNA	665	1747	0	0	1	3	0	120
PA_vRNA	666	1692	0	0	1	2	0	74
PA_vRNA	666	1723	1	1	1	2	0	93
PA_vRNA	667	1390	0	0	1	1	0	21
PA_vRNA	673	1719	0	0	1	1	0	5
PA_vRNA	676	1706	0	0	1	7	0	119
PA_vRNA	677	1706	0	0	1	1	0	50
PA_vRNA	677	1729	0	0	1	3	0	92
PA_vRNA	678	1111	0	0	1	2	0	63
PA_vRNA	678	1145	0	0	1	2	0	98
PA_vRNA	678	1666	0	0	1	1	0	107
PA_vRNA	682	1698	0	0	1	2	0	121
PA_vRNA	683	1958	0	0	1	1	0	75
PA_vRNA	685	1535	0	0	1	1	0	50
PA_vRNA	691	1021	0	0	1	4	0	81
PA_vRNA	691	1130	0	0	1	3	0	130
PA_vRNA	691	1623	0	0	1	21	0	145
PA_vRNA	693	1705	0	0	1	3	0	33
PA_vRNA	696	1080	0	0	1	1	0	87
PA_vRNA	696	1611	0	0	1	11	1	111
PA_vRNA	697	1650	0	0	1	1	0	26
PA_vRNA	700	1516	0	0	1	2	0	93
PA_vRNA	711	1691	0	0	1	1	0	74
PA_vRNA	715	1580	0	0	1	20	0	142
PA_vRNA	716	1646	0	0	1	1	0	134
PA_vRNA	718	770	0	0	1	1	0	71
PA_vRNA	718	1646	0	0	1	2	0	105
PA_vRNA	720	1501	0	0	1	5	0	93
PA_vRNA	723	752	0	0	1	1	0	37
PA_vRNA	737	1600	0	0	1	1	0	146
PA_vRNA	739	1589	0	0	1	1	0	128
PA_vRNA	747	966	0	0	1	1	0	133
PA_vRNA	751	895	0	0	1	1	0	76
PA_vRNA	754	1761	0	0	1	1	0	76
PA_vRNA	757	1583	0	0	1	1	0	107
PA_vRNA	758	1032	0	0	1	1	0	27
PA_vRNA	759	1582	0	0	1	1	0	122
PA_vRNA	759	1609	0	0	1	15	0	129
PA_vRNA	761	807	0	0	1	1	0	90
PA_vRNA	761	1734	0	0	1	10	0	117
PA_vRNA	769	1582	0	0	1	1	0	10
PA_vRNA	773	1609	0	0	1	1	0	45
PA_vRNA	774	1596	0	0	1	1	0	86
PA_vRNA	774	1642	0	0	1	2	0	88
PA_vRNA	775	1748	0	0	1	8	0	135
PA_vRNA	789	1710	0	0	1	2	0	108
PA_vRNA	792	903	0	0	1	1	0	65
PA_vRNA	792	1541	0	0	1	1	0	118
PA_vRNA	793	840	0	0	1	1	1	28
PA_vRNA	793	848	0	0	1	0	1	3
PA_vRNA	798	1459	0	0	1	2	0	5
PA_vRNA	800	1529	0	0	1	1	0	82
PA_vRNA	802	1592	0	0	1	2	0	3
PA_vRNA	807	935	0	0	1	1	0	64
PA_vRNA	808	819	0	0	1	2	0	46
PA_vRNA	810	833	0	0	1	2	0	96
PA_vRNA	810	1582	0	0	1	2	0	77
PA_vRNA	812	1639	0	0	1	2	0	133
PA_vRNA	813	1637	0	0	1	1	0	70
PA_vRNA	829	1610	0	0	1	2	0	37
PA_vRNA	844	2064	0	0	1	1	0	32
PA_vRNA	869	2104	0	0	1	1	0	33
PA_vRNA	870	1660	0	0	1	2	0	132
PA_vRNA	876	1473	0	0	1	1	0	53
PA_vRNA	876	2059	0	0	1	1	0	90
PA_vRNA	884	1719	0	0	1	2	0	42
PA_vRNA	890	933	0	0	1	1	0	72
PA_vRNA	890	984	0	0	1	1	0	56
PA_vRNA	903	1781	0	0	1	1	0	80
PA_vRNA	905	1890	0	0	1	2	0	114
PA_vRNA	906	1467	0	0	1	1	0	96
PA_vRNA	908	1398	0	0	1	1	0	55
PA_vRNA	912	1776	0	0	1	1	0	63
PA_vRNA	928	978	0	0	1	1	0	82
PA_vRNA	934	984	0	0	1	2	0	34
PA_vRNA	941	1066	0	0	1	1	0	32
PA_vRNA	951	1324	0	0	1	1	0	26
PA_vRNA	956	1585	0	0	1	4	0	117
PA_vRNA	970	1529	0	0	1	1	0	52
PA_vRNA	971	1984	0	0	1	1	0	31
PA_vRNA	972	1588	0	0	1	1	0	43
PA_vRNA	991	1381	0	0	1	2	0	130
PA_vRNA	995	1508	0	0	1	1	0	116
PA_vRNA	1005	1571	0	0	1	1	0	60
PA_vRNA	1021	1049	0	0	1	1	0	34
PA_vRNA	1028	1249	0	0	1	1	0	56
PA_vRNA	1036	1712	0	0	1	1	0	116
PA_vRNA	1037	2031	0	0	1	1	0	150
PA_vRNA	1038	1875	0	0	1	1	0	22
PA_vRNA	1039	2102	0	0	1	1	0	51
PA_vRNA	1043	1608	0	0	1	1	0	31
PA_vRNA	1044	1997	0	0	1	1	0	99
PA_vRNA	1046	1599	0	0	1	3	0	130
PA_vRNA	1048	1577	2	4	1	1	0	38
PA_vRNA	1049	2014	0	0	1	1	0	48
PA_vRNA	1055	1358	0	0	1	1	0	72
PA_vRNA	1055	1700	0	0	1	1	0	55
PA_vRNA	1063	1609	0	0	1	2	0	102
PA_vRNA	1070	1430	0	0	1	1	0	106
PA_vRNA	1075	1406	0	0	1	1	0	101
PA_vRNA	1080	1739	0	0	1	1	0	27
PA_vRNA	1082	1813	0	0	1	1	0	42
PA_vRNA	1085	1743	0	0	1	2	0	85
PA_vRNA	1086	1693	0	0	1	1	0	60
PA_vRNA	1091	1747	2	6	1	1	0	25
PA_vRNA	1105	2056	0	0	1	1	0	88
PA_vRNA	1117	1895	0	0	1	1	0	3
PA_vRNA	1120	1635	0	0	1	1	0	116
PA_vRNA	1123	1973	0	0	1	1	0	52
PA_vRNA	1130	1671	0	0	1	1	0	24
PA_vRNA	1131	1618	0	0	1	1	0	125
PA_vRNA	1132	1607	0	0	1	5	0	122
PA_vRNA	1133	1719	0	0	1	4	0	120
PA_vRNA	1135	1298	0	0	1	1	0	26
PA_vRNA	1156	1715	0	0	1	1	0	92
PA_vRNA	1166	1836	0	0	1	1	1	92
PA_vRNA	1173	1947	0	0	1	1	0	106
PA_vRNA	1174	1254	0	0	1	1	0	49
PA_vRNA	1196	1601	0	0	1	1	0	40
PA_vRNA	1197	1994	0	0	1	2	0	31
PA_vRNA	1208	2012	0	0	1	1	0	130
PA_vRNA	1218	1462	0	0	1	1	0	33
PA_vRNA	1222	1796	0	0	1	1	0	124
PA_vRNA	1229	1833	0	0	1	1	0	95
PA_vRNA	1239	1418	0	0	1	1	0	73
PA_vRNA	1240	1583	0	0	1	1	0	58
PA_vRNA	1241	1695	0	0	1	1	0	83
PA_vRNA	1241	1906	0	0	1	2	0	79
PA_vRNA	1243	1336	0	0	1	1	0	62
PA_vRNA	1252	1461	0	0	1	1	0	58
PA_vRNA	1258	1586	0	0	1	1	0	88
PA_vRNA	1260	1834	0	0	1	2	0	91
PA_vRNA	1264	1396	0	0	1	1	0	110
PA_vRNA	1280	1881	0	0	1	2	0	54
PA_vRNA	1304	1641	0	0	1	1	0	36
PA_vRNA	1443	1610	0	0	1	2	0	97
PA_vRNA	1459	1873	0	0	1	1	0	48
PA_vRNA	1478	1523	0	0	1	1	0	118
PA_vRNA	1480	1575	0	0	1	1	0	114
PA_vRNA	1508	1646	0	0	1	1	0	136
PA_vRNA	1508	1701	0	0	1	1	0	23
PA_vRNA	1544	1768	0	0	1	2	0	59
PA_vRNA	1565	1656	0	0	1	1	0	58
PA_vRNA	1583	1957	0	0	1	1	0	71
PA_vRNA	1607	1968	0	0	1	1	0	124
PA_vRNA	1634	1709	0	0	1	1	0	47
PA_vRNA	1661	1711	0	0	1	1	0	6
PA_vRNA	1866	1876	0	0	1	97	3	76
PA_vRNA	1931	2108	0	0	1	1	0	61
PA_vRNA	1970	2044	0	0	1	1	0	105
PA_vRNA	1976	2050	0	0	1	2	0	78
PA_vRNA	1981	2048	0	0	1	7	0	40
PA_vRNA	2023	2045	0	0	1	1	0	44
PA_vRNA	2036	2044	0	0	1	31	0	76
PA_vRNA	2048	2083	0	0	1	2	0	114
PB1_vRNA	127	1842	0	0	1	1	0	57
PB1_vRNA	161	2206	0	0	1	1	0	58
PB1_vRNA	166	2205	0	0	1	1	0	75
PB1_vRNA	167	2188	0	0	1	2	0	64
PB1_vRNA	174	2198	0	0	1	1	0	47
PB1_vRNA	175	1956	0	0	1	1	0	1
PB1_vRNA	175	2135	0	0	1	1	0	115
PB1_vRNA	177	1956	0	0	1	1	0	2
PB1_vRNA	177	2235	0	0	1	1	0	90
PB1_vRNA	179	1002	0	0	1	1	0	76
PB1_vRNA	179	1957	0	0	1	620	1	148
PB1_vRNA	179	2216	0	0	1	0	1	4
PB1_vRNA	180	1395	0	0	1	1	0	4
PB1_vRNA	181	1981	0	0	1	1	0	82
PB1_vRNA	186	2227	0	0	1	9	0	106
PB1_vRNA	188	2131	0	0	1	1	0	71
PB1_vRNA	191	2155	0	0	1	1	0	23
PB1_vRNA	197	2233	0	0	1	1	0	94
PB1_vRNA	201	2179	0	0	1	1	0	75
PB1_vRNA	202	2214	0	0	1	1	0	30
PB1_vRNA	202	2241	0	0	1	2	0	84
PB1_vRNA	204	2227	0	0	1	1	0	41
PB1_vRNA	205	1867	0	0	1	413	0	146
PB1_vRNA	205	2138	0	0	1	1	0	45
PB1_vRNA	206	234	0	0	1	1	0	34
PB1_vRNA	210	797	0	0	1	1	0	94
PB1_vRNA	215	2139	0	0	1	58	0	149
PB1_vRNA	215	2194	0	0	1	1	0	74
PB1_vRNA	218	2204	0	0	1	1	0	29
PB1_vRNA	220	2206	0	0	1	11	0	119
PB1_vRNA	222	2196	0	0	1	1	0	19
PB1_vRNA	226	843	0	0	1	1	0	99
PB1_vRNA	229	2082	0	0	1	1	0	110
PB1_vRNA	229	2172	0	0	1	4	0	115
PB1_vRNA	230	2190	0	0	1	1	0	43
PB1_vRNA	230	2207	0	0	1	2	0	106
PB1_vRNA	230	2208	0	0	1	1	0	24
PB1_vRNA	231	2137	0	0	1	1	0	20
PB1_vRNA	231	2155	0	0	1	15	0	123
PB1_vRNA	231	2182	0	0	1	112	0	139
PB1_vRNA	234	851	0	0	1	3	0	68
PB1_vRNA	234	2028	0	0	1	16	0	128
PB1_vRNA	234	2143	0	0	1	8	0	90
PB1_vRNA	235	273	0	0	1	32	0	77
PB1_vRNA	235	2206	0	0	1	2	0	108
PB1_vRNA	237	2074	0	0	1	1	0	34
PB1_vRNA	239	2072	0	0	1	2	0	107
PB1_vRNA	239	2073	0	0	1	1	0	2
PB1_vRNA	239	2172	0	0	1	1	0	131
PB1_vRNA	240	2073	0	0	1	341	0	147
PB1_vRNA	240	2074	0	0	1	1	0	3
PB1_vRNA	241	2126	0	0	1	1	0	55
PB1_vRNA	241	2167	0	0	1	17	0	85
PB1_vRNA	242	263	0	0	1	40	1	64
PB1_vRNA	242	1595	0	0	1	1	0	41
PB1_vRNA	242	1901	0	0	1	256	0	140
PB1_vRNA	242	1991	0	0	1	0	3	6
PB1_vRNA	242	2075	0	0	1	1	0	33
PB1_vRNA	243	852	0	0	1	1	0	54
PB1_vRNA	244	258	0	0	1	1	0	62
PB1_vRNA	244	2214	0	0	1	1	0	80
PB1_vRNA	245	2087	0	0	1	1	0	73
PB1_vRNA	246	855	0	0	1	1	0	9
PB1_vRNA	247	2178	0	0	1	1	0	73
PB1_vRNA	249	2224	0	0	1	4	0	95
PB1_vRNA	250	2182	0	0	1	4	0	96
PB1_vRNA	253	320	0	0	1	119	0	96
PB1_vRNA	253	2139	0	0	1	2	0	76
PB1_vRNA	253	2141	0	0	1	1	0	61
PB1_vRNA	254	273	0	0	1	2	0	98
PB1_vRNA	256	2057	0	0	1	23	0	130
PB1_vRNA	256	2153	0	0	1	1	0	138
PB1_vRNA	258	2147	0	0	1	1	0	107
PB1_vRNA	259	2145	0	0	1	1	0	92
PB1_vRNA	260	1448	0	0	1	1	0	98
PB1_vRNA	260	1470	0	0	1	1	0	85
PB1_vRNA	260	1739	0	0	1	64	0	142
PB1_vRNA	262	1741	0	0	1	1	0	76
PB1_vRNA	262	2089	0	0	1	1	0	98
PB1_vRNA	266	2175	0	0	1	1	0	62
PB1_vRNA	267	2180	0	0	1	33	0	120
PB1_vRNA	267	2194	0	0	1	389	0	148
PB1_vRNA	270	2072	0	0	1	2	0	72
PB1_vRNA	273	328	0	0	1	0	1	3
PB1_vRNA	276	329	0	0	1	493	3	89
PB1_vRNA	276	331	0	0	1	2	0	2
PB1_vRNA	276	2180	0	0	1	1	0	4
PB1_vRNA	278	2225	0	0	1	3	0	55
PB1_vRNA	279	2120	0	0	1	1	0	11
PB1_vRNA	280	796	0	0	1	1	0	79
PB1_vRNA	280	2032	0	0	1	1	0	29
PB1_vRNA	282	2241	0	0	1	1	0	84
PB1_vRNA	284	2136	1	3	1	1	3	90
PB1_vRNA	285	1635	0	0	1	1	0	9
PB1_vRNA	287	2139	0	0	1	919	3	147
PB1_vRNA	288	2159	0	0	1	1	0	91
PB1_vRNA	289	2141	0	0	1	1	0	7
PB1_vRNA	290	1876	0	0	1	49	0	134
PB1_vRNA	290	2091	0	0	1	1	0	81
PB1_vRNA	290	2196	0	0	1	10	0	107
PB1_vRNA	291	2135	0	0	1	5	0	114
PB1_vRNA	293	307	0	0	1	1	0	22
PB1_vRNA	294	1487	0	0	1	9	0	93
PB1_vRNA	295	2140	0	0	1	1	0	1
PB1_vRNA	297	2092	0	0	1	1	0	34
PB1_vRNA	297	2125	0	0	1	1	0	44
PB1_vRNA	297	2128	0	0	1	1	0	96
PB1_vRNA	299	2014	0	0	1	1	0	96
PB1_vRNA	299	2099	0	0	1	1	0	62
PB1_vRNA	299	2149	0	0	1	3	0	64
PB1_vRNA	299	2183	0	0	1	1	0	42
PB1_vRNA	301	2141	0	0	1	3	0	13
PB1_vRNA	302	2192	0	0	1	3	0	96
PB1_vRNA	303	2138	0	0	1	3	0	66
PB1_vRNA	303	2140	0	0	1	0	1	7
PB1_vRNA	303	2148	0	0	1	198	0	137
PB1_vRNA	307	2022	0	0	1	6	0	117
PB1_vRNA	308	375	0	0	1	16	0	144
PB1_vRNA	310	1981	0	0	1	1	0	109
PB1_vRNA	310	2153	0	0	1	7	0	133
PB1_vRNA	311	2091	0	0	1	2	0	111
PB1_vRNA	312	1270	0	0	1	1	0	35
PB1_vRNA	312	2114	0	0	1	1	0	70
PB1_vRNA	312	2152	0	0	1	40	0	128
PB1_vRNA	314	1877	0	0	1	141	0	148
PB1_vRNA	314	1879	0	0	1	2	0	3
PB1_vRNA	314	2132	0	0	1	1	0	70
PB1_vRNA	315	1878	0	0	1	1	0	57
PB1_vRNA	315	2040	0	0	1	2	0	136
PB1_vRNA	315	2145	0	0	1	3	0	89
PB1_vRNA	318	2061	0	0	1	66	0	148
PB1_vRNA	318	2201	0	0	1	1	0	69
PB1_vRNA	319	2152	0	0	1	1	0	81
PB1_vRNA	320	2020	0	0	1	17	0	120
PB1_vRNA	323	334	0	0	1	1	0	36
PB1_vRNA	324	2151	0	0	1	2	0	78
PB1_vRNA	325	336	0	0	1	89	0	108
PB1_vRNA	325	2152	0	0	1	581	0	147
PB1_vRNA	326	2078	0	0	1	1	0	141
PB1_vRNA	328	2020	0	0	1	49	0	64
PB1_vRNA	328	2048	0	0	1	173	0	149
PB1_vRNA	329	2144	0	0	1	3	0	108
PB1_vRNA	330	1996	1	1	1	9	0	87
PB1_vRNA	330	2072	0	0	1	1	0	85
PB1_vRNA	331	2073	0	0	1	24	0	136
PB1_vRNA	337	1996	0	0	1	81	0	148
PB1_vRNA	338	375	0	0	1	5	0	43
PB1_vRNA	338	2092	0	0	1	91	1	104
PB1_vRNA	338	2184	0	0	1	2	0	25
PB1_vRNA	341	2112	0	0	1	1	0	108
PB1_vRNA	341	2130	0	0	1	2	0	84
PB1_vRNA	343	2179	0	0	1	3	0	15
PB1_vRNA	350	1298	0	0	1	1	0	131
PB1_vRNA	351	2056	0	0	1	40	0	77
PB1_vRNA	353	2090	0	0	1	1	0	136
PB1_vRNA	354	2102	0	0	1	1	0	46
PB1_vRNA	354	2126	0	0	1	1	0	64
PB1_vRNA	354	2130	0	0	1	0	1	7
PB1_vRNA	354	2153	0	0	1	1	0	61
PB1_vRNA	358	2227	0	0	1	1	0	51
PB1_vRNA	361	2038	0	0	1	1	0	71
PB1_vRNA	362	2005	0	0	1	1	0	26
PB1_vRNA	371	2021	0	0	1	1	0	128
PB1_vRNA	373	2014	2	6	1	2	0	97
PB1_vRNA	373	2088	2	6	1	3	0	120
PB1_vRNA	375	424	0	0	1	6	0	62
PB1_vRNA	375	1915	0	0	1	1	0	57
PB1_vRNA	375	2049	0	0	1	3	0	79
PB1_vRNA	375	2065	0	0	1	18	0	144
PB1_vRNA	376	1989	0	0	1	13	0	125
PB1_vRNA	377	2051	0	0	1	1	0	81
PB1_vRNA	377	2069	0	0	1	1	0	33
PB1_vRNA	378	1896	0	0	1	1	0	28
PB1_vRNA	378	1912	0	0	1	1	0	34
PB1_vRNA	380	2149	0	0	1	1	0	30
PB1_vRNA	384	1897	0	0	1	20	0	149
PB1_vRNA	384	2045	0	0	1	12	0	144
PB1_vRNA	386	2058	0	0	1	168	0	149
PB1_vRNA	387	2103	0	0	1	1	0	96
PB1_vRNA	387	2114	0	0	1	1	0	70
PB1_vRNA	388	2002	0	0	1	2	0	122
PB1_vRNA	390	2007	0	0	1	1	0	74
PB1_vRNA	391	2082	0	0	1	6	0	114
PB1_vRNA	392	2000	1	5	1	1	0	126
PB1_vRNA	392	2045	0	0	1	2	0	24
PB1_vRNA	392	2049	0	0	1	1	0	63
PB1_vRNA	393	2081	0	0	1	33	1	138
PB1_vRNA	396	2097	0	0	1	1	0	78
PB1_vRNA	397	2119	0	0	1	1	0	24
PB1_vRNA	399	1888	0	0	1	10	1	125
PB1_vRNA	399	1981	0	0	1	0	1	3
PB1_vRNA	400	1994	0	0	1	1	1	13
PB1_vRNA	402	1919	0	0	1	3	0	86
PB1_vRNA	402	1945	0	0	1	2	0	107
PB1_vRNA	402	2085	0	0	1	1	0	80
PB1_vRNA	406	2014	0	0	1	1	0	62
PB1_vRNA	406	2043	0	0	1	1	0	64
PB1_vRNA	408	2084	0	0	1	22	0	136
PB1_vRNA	409	459	0	0	1	1	0	40
PB1_vRNA	409	2003	0	0	1	1	0	62
PB1_vRNA	412	2003	0	0	1	1	0	22
PB1_vRNA	415	1951	0	0	1	1	0	5
PB1_vRNA	415	2014	0	0	1	1	0	2
PB1_vRNA	416	1924	0	0	1	1	0	48
PB1_vRNA	416	1947	0	0	1	4	0	122
PB1_vRNA	416	1951	0	0	1	600	0	121
PB1_vRNA	416	1983	0	0	1	4	0	134
PB1_vRNA	416	2002	0	0	1	0	2	3
PB1_vRNA	416	2022	0	0	1	1	0	64
PB1_vRNA	416	2061	0	0	1	4	0	118
PB1_vRNA	416	2063	0	0	1	1	0	28
PB1_vRNA	416	2081	0	0	1	217	2	147
PB1_vRNA	416	2139	0	0	1	11	0	139
PB1_vRNA	416	2147	0	0	1	2	0	73
PB1_vRNA	417	1952	0	0	1	2	0	87
PB1_vRNA	417	2015	0	0	1	147	0	96
PB1_vRNA	418	2014	0	0	1	1	0	51
PB1_vRNA	418	2075	0	0	1	15	0	141
PB1_vRNA	419	1954	1	1	1	15	0	89
PB1_vRNA	419	1997	0	0	1	4	0	63
PB1_vRNA	419	2023	0	0	1	3	0	43
PB1_vRNA	421	2003	0	0	1	6	0	125
PB1_vRNA	422	2014	0	0	1	2	0	84
PB1_vRNA	424	447	0	0	1	21	0	67
PB1_vRNA	425	1956	0	0	1	1	0	5
PB1_vRNA	428	2018	0	0	1	318	0	148
PB1_vRNA	429	2014	0	0	1	1	0	45
PB1_vRNA	430	2032	0	0	1	1	0	88
PB1_vRNA	431	1958	0	0	1	2	0	79
PB1_vRNA	431	2070	0	0	1	2	0	93
PB1_vRNA	433	1938	0	0	1	1	0	4
PB1_vRNA	433	1967	0	0	1	1	0	131
PB1_vRNA	434	572	0	0	1	1	0	66
PB1_vRNA	434	1938	0	0	1	353	0	146
PB1_vRNA	434	2002	0	0	1	1	0	10
PB1_vRNA	435	1927	0	0	1	2	0	70
PB1_vRNA	435	2062	0	0	1	3	0	50
PB1_vRNA	436	1931	0	0	1	6	0	88
PB1_vRNA	436	1994	0	0	1	1	1	48
PB1_vRNA	437	1902	0	0	1	27	0	141
PB1_vRNA	437	1954	0	0	1	2	0	132
PB1_vRNA	438	1964	0	0	1	1	0	15
PB1_vRNA	438	1991	0	0	1	8	0	134
PB1_vRNA	438	1997	0	0	1	1	0	60
PB1_vRNA	438	2005	0	0	1	1	0	84
PB1_vRNA	438	2008	0	0	1	1	0	50
PB1_vRNA	438	2020	0	0	1	1	0	61
PB1_vRNA	438	2026	0	0	1	207	0	149
PB1_vRNA	438	2048	0	0	1	15	1	144
PB1_vRNA	438	2092	0	0	1	1	0	70
PB1_vRNA	439	2125	0	0	1	2	0	54
PB1_vRNA	440	2040	0	0	1	2	0	113
PB1_vRNA	443	2046	0	0	1	1	0	4
PB1_vRNA	444	1938	0	0	1	19	0	124
PB1_vRNA	444	2020	0	0	1	3	0	126
PB1_vRNA	444	2090	0	0	1	1	0	64
PB1_vRNA	445	1938	0	0	1	3	0	136
PB1_vRNA	445	2029	0	0	1	104	0	108
PB1_vRNA	446	474	0	0	1	2	0	68
PB1_vRNA	446	490	0	0	1	24	0	44
PB1_vRNA	446	500	0	0	1	4	0	104
PB1_vRNA	446	1933	0	0	1	3	0	116
PB1_vRNA	446	2003	0	0	1	1	0	73
PB1_vRNA	446	2037	0	0	1	4	0	101
PB1_vRNA	447	1967	0	0	1	4	0	103
PB1_vRNA	447	1992	0	0	1	1303	6	147
PB1_vRNA	447	2022	0	0	1	91	0	144
PB1_vRNA	447	2031	0	0	1	0	1	3
PB1_vRNA	448	2021	0	0	1	1	0	16
PB1_vRNA	448	2057	0	0	1	1	0	64
PB1_vRNA	450	1995	0	0	1	4	0	106
PB1_vRNA	450	2021	0	0	1	1	0	64
PB1_vRNA	452	1965	0	0	1	1	0	42
PB1_vRNA	460	1924	0	0	1	1	0	111
PB1_vRNA	460	1971	0	0	1	1	0	61
PB1_vRNA	461	1910	0	0	1	1	0	26
PB1_vRNA	461	2021	0	0	1	1	0	57
PB1_vRNA	463	1828	0	0	1	1	0	20
PB1_vRNA	463	2022	0	0	1	2	0	85
PB1_vRNA	465	1914	0	0	1	526	0	147
PB1_vRNA	465	1949	0	0	1	1	0	54
PB1_vRNA	470	2003	0	0	1	2	0	58
PB1_vRNA	471	1949	0	0	1	1	0	118
PB1_vRNA	472	2058	0	0	1	1	0	60
PB1_vRNA	473	1971	0	0	1	1	0	21
PB1_vRNA	473	1972	0	0	1	2	0	1
PB1_vRNA	474	1972	0	0	1	562	0	148
PB1_vRNA	479	489	0	0	1	10	0	45
PB1_vRNA	480	1178	0	0	1	1	0	7
PB1_vRNA	480	1926	0	0	1	99	0	138
PB1_vRNA	480	2037	0	0	1	1	0	30
PB1_vRNA	481	1927	0	0	1	1	0	4
PB1_vRNA	482	1266	0	0	1	1	0	111
PB1_vRNA	485	1969	0	0	1	1	0	5
PB1_vRNA	486	2019	0	0	1	1	0	125
PB1_vRNA	487	1997	0	0	1	87	0	137
PB1_vRNA	492	2045	0	0	1	10	0	141
PB1_vRNA	498	798	0	0	1	2	0	105
PB1_vRNA	500	1243	0	0	1	1	0	90
PB1_vRNA	500	1767	0	0	1	1	0	82
PB1_vRNA	501	2034	0	0	1	1	0	89
PB1_vRNA	502	2002	0	0	1	1	0	31
PB1_vRNA	503	1910	0	0	1	1	0	65
PB1_vRNA	504	2082	0	0	1	1	0	87
PB1_vRNA	506	2033	0	0	1	2	0	63
PB1_vRNA	509	2004	0	0	1	4	0	121
PB1_vRNA	511	1868	0	0	1	1	0	68
PB1_vRNA	513	1938	0	0	1	2	0	99
PB1_vRNA	515	1880	0	0	1	1	0	57
PB1_vRNA	515	1929	0	0	1	25	0	67
PB1_vRNA	518	1228	2	6	1	2	1	104
PB1_vRNA	518	1663	2	6	1	1	0	64
PB1_vRNA	523	622	0	0	1	1	0	12
PB1_vRNA	523	2075	0	0	1	1	0	35
PB1_vRNA	525	2011	0	0	1	2	0	94
PB1_vRNA	528	1870	0	0	1	2	0	86
PB1_vRNA	528	2015	0	0	1	35	0	143
PB1_vRNA	529	2007	0	0	1	6	0	95
PB1_vRNA	530	2028	0	0	1	1	0	74
PB1_vRNA	531	1833	0	0	1	2	0	74
PB1_vRNA	531	1982	0	0	1	1	0	76
PB1_vRNA	532	1958	0	0	1	2	0	137
PB1_vRNA	532	1978	0	0	1	2	0	39
PB1_vRNA	535	1825	0	0	1	27	0	44
PB1_vRNA	535	1926	0	0	1	13	0	45
PB1_vRNA	543	2085	0	0	1	1	0	98
PB1_vRNA	553	1904	0	0	1	3	0	94
PB1_vRNA	555	1996	0	0	1	30	0	124
PB1_vRNA	558	798	0	0	1	1	0	114
PB1_vRNA	559	1762	0	0	1	1	0	96
PB1_vRNA	562	1888	0	0	1	1	0	20
PB1_vRNA	569	2004	0	0	1	1	0	56
PB1_vRNA	570	1896	0	0	1	2	0	120
PB1_vRNA	571	1768	0	0	1	1	0	109
PB1_vRNA	571	2001	0	0	1	1	0	67
PB1_vRNA	572	1924	0	0	1	8	0	92
PB1_vRNA	578	1718	0	0	1	7	0	124
PB1_vRNA	578	1922	0	0	1	2	0	57
PB1_vRNA	579	2092	0	0	1	2	0	29
PB1_vRNA	590	1930	0	0	1	0	1	4
PB1_vRNA	591	622	0	0	1	1	0	70
PB1_vRNA	591	1785	0	0	1	1	0	10
PB1_vRNA	592	1933	0	0	1	1	0	65
PB1_vRNA	609	1762	0	0	1	2	0	119
PB1_vRNA	616	1746	0	0	1	3	0	124
PB1_vRNA	616	1817	0	0	1	5	0	107
PB1_vRNA	618	1808	0	0	1	1	0	8
PB1_vRNA	622	1706	0	0	1	2	0	120
PB1_vRNA	624	1768	0	0	1	1	0	53
PB1_vRNA	625	642	0	0	1	2	0	55
PB1_vRNA	625	1808	0	0	1	3	0	128
PB1_vRNA	626	1785	0	0	1	1	0	64
PB1_vRNA	626	1786	0	0	1	1	0	57
PB1_vRNA	631	1895	0	0	1	2	0	142
PB1_vRNA	634	1828	0	0	1	5	0	122
PB1_vRNA	645	1810	0	0	1	10	0	121
PB1_vRNA	655	1693	0	0	1	1	0	136
PB1_vRNA	655	1741	0	0	1	0	1	4
PB1_vRNA	655	1818	0	0	1	1	0	63
PB1_vRNA	662	1664	0	0	1	1	0	53
PB1_vRNA	683	697	0	0	1	2	0	62
PB1_vRNA	694	1808	0	0	1	17	0	119
PB1_vRNA	698	1803	0	0	1	2	0	53
PB1_vRNA	701	1702	0	0	1	10	0	118
PB1_vRNA	704	1785	0	0	1	1	0	28
PB1_vRNA	706	1678	0	0	1	1	0	88
PB1_vRNA	707	1833	0	0	1	1	0	51
PB1_vRNA	713	1792	0	0	1	2	0	130
PB1_vRNA	716	1975	0	0	1	47	0	126
PB1_vRNA	719	1453	0	0	1	1	0	87
PB1_vRNA	731	1798	0	0	1	1	0	61
PB1_vRNA	732	795	0	0	1	9	0	67
PB1_vRNA	739	1745	0	0	1	2	0	110
PB1_vRNA	760	1748	0	0	1	2	0	136
PB1_vRNA	765	1733	0	0	1	3	0	135
PB1_vRNA	768	1707	0	0	1	3	0	140
PB1_vRNA	770	2052	0	0	1	1	0	90
PB1_vRNA	772	1666	0	0	1	1	0	28
PB1_vRNA	772	1805	0	0	1	1	0	27
PB1_vRNA	775	1731	0	0	1	2	0	31
PB1_vRNA	782	1787	0	0	1	1	0	21
PB1_vRNA	794	1699	0	0	1	1	0	119
PB1_vRNA	797	1189	0	0	1	1	0	55
PB1_vRNA	801	1768	0	0	1	4	0	111
PB1_vRNA	803	1195	0	0	1	1	0	117
PB1_vRNA	813	1687	0	0	1	2	0	79
PB1_vRNA	817	885	0	0	1	1	0	110
PB1_vRNA	821	1570	0	0	1	1	0	36
PB1_vRNA	824	1344	0	0	1	1	0	64
PB1_vRNA	824	1403	0	0	1	1	0	114
PB1_vRNA	825	1602	0	0	1	1	0	35
PB1_vRNA	832	1667	0	0	1	1	0	118
PB1_vRNA	835	1490	0	0	1	1	0	113
PB1_vRNA	843	1636	0	0	1	1	0	65
PB1_vRNA	843	1643	0	0	1	1	0	55
PB1_vRNA	843	1649	0	0	1	2	0	99
PB1_vRNA	844	908	0	0	1	1	0	3
PB1_vRNA	848	1583	0	0	1	1	0	125
PB1_vRNA	853	2082	0	0	1	12	0	138
PB1_vRNA	855	1665	0	0	1	4	0	94
PB1_vRNA	855	1767	0	0	1	1	0	20
PB1_vRNA	863	1744	0	0	1	12	1	67
PB1_vRNA	867	896	0	0	1	1	0	94
PB1_vRNA	890	1642	0	0	1	5	0	97
PB1_vRNA	907	1732	0	0	1	1	0	78
PB1_vRNA	948	1619	0	0	1	1	0	94
PB1_vRNA	949	1261	0	0	1	28	0	148
PB1_vRNA	972	1154	0	0	1	2	0	78
PB1_vRNA	975	1310	0	0	1	1	0	44
PB1_vRNA	983	1154	0	0	1	9	0	145
PB1_vRNA	986	1454	0	0	1	2	0	28
PB1_vRNA	987	1452	0	0	1	1	0	87
PB1_vRNA	991	1018	0	0	1	1	0	78
PB1_vRNA	1002	1473	0	0	1	1	0	91
PB1_vRNA	1156	1687	0	0	1	1	0	57
PB1_vRNA	1210	1319	0	0	1	1	0	48
PB1_vRNA	1217	1867	0	0	1	2	0	131
PB1_vRNA	1239	1308	0	0	1	1	0	103
PB1_vRNA	1247	1604	0	0	1	1	0	28
PB1_vRNA	1272	1622	0	0	1	1	0	64
PB1_vRNA	1272	1718	0	0	1	1	0	121
PB1_vRNA	1283	1326	0	0	1	1	0	115
PB1_vRNA	1283	1681	0	0	1	1	1	85
PB1_vRNA	1321	1382	0	0	1	1	0	110
PB1_vRNA	1342	1399	0	0	1	1	0	56
PB1_vRNA	1457	1632	0	0	1	1	0	19
PB1_vRNA	1579	1726	0	0	1	2	0	110
PB1_vRNA	2056	2074	0	0	1	312	2	146
PB1_vRNA	2057	2075	0	0	1	2	0	95
PB1_vRNA	2069	2148	0	0	1	0	1	3
PB1_vRNA	2153	2194	0	0	1	1	0	25
PB2_vRNA	49	1925	0	0	1	1	0	6
PB2_vRNA	87	1617	0	0	1	1	0	3
PB2_vRNA	118	2046	0	0	1	1	0	51
PB2_vRNA	122	682	0	0	1	1	0	45
PB2_vRNA	126	165	0	0	1	2	0	57
PB2_vRNA	135	2048	0	0	1	1	0	129
PB2_vRNA	136	2130	0	0	1	1	0	78
PB2_vRNA	141	2090	0	0	1	11	0	114
PB2_vRNA	148	1956	0	0	1	1	0	41
PB2_vRNA	150	698	0	0	1	1	0	6
PB2_vRNA	151	2142	0	0	1	1	0	66
PB2_vRNA	158	380	0	0	1	1	0	8
PB2_vRNA	158	983	0	0	1	1	0	75
PB2_vRNA	163	285	0	0	1	1	0	105
PB2_vRNA	171	2105	0	0	1	1	0	52
PB2_vRNA	173	463	1	3	1	1	0	83
PB2_vRNA	173	1414	0	0	1	1	0	47
PB2_vRNA	176	2249	0	0	1	3	0	82
PB2_vRNA	179	300	0	0	1	3	0	94
PB2_vRNA	186	200	0	0	1	5	0	77
PB2_vRNA	186	2183	0	0	1	1	0	28
PB2_vRNA	187	253	0	0	1	0	1	4
PB2_vRNA	188	403	0	0	1	1	1	133
PB2_vRNA	189	2203	0	0	1	1	0	52
PB2_vRNA	192	2182	0	0	1	1	0	146
PB2_vRNA	195	2191	0	0	1	1	0	27
PB2_vRNA	195	2200	0	0	1	3	0	58
PB2_vRNA	197	2155	0	0	1	1	0	100
PB2_vRNA	199	1998	0	0	1	5	0	114
PB2_vRNA	201	2125	0	0	1	2	0	108
PB2_vRNA	201	2171	0	0	1	1	0	48
PB2_vRNA	205	2152	0	0	1	2	0	143
PB2_vRNA	205	2153	0	0	1	2	0	58
PB2_vRNA	205	2235	0	0	1	4	0	72
PB2_vRNA	207	2153	0	0	1	2	0	44
PB2_vRNA	209	2149	0	0	1	1	0	19
PB2_vRNA	211	279	0	0	1	11	0	127
PB2_vRNA	215	283	0	0	1	52	0	142
PB2_vRNA	215	2243	0	0	1	1	0	49
PB2_vRNA	217	2179	0	0	1	1	0	69
PB2_vRNA	217	2189	0	0	1	2	0	79
PB2_vRNA	217	2224	0	0	1	2	0	52
PB2_vRNA	226	1695	0	0	1	1	0	131
PB2_vRNA	227	2181	0	0	1	3	0	49
PB2_vRNA	228	1935	0	0	1	1	0	54
PB2_vRNA	228	2181	0	0	1	2	0	72
PB2_vRNA	230	2153	0	0	1	1	0	44
PB2_vRNA	231	2182	0	0	1	3	0	141
PB2_vRNA	232	2215	0	0	1	1	0	59
PB2_vRNA	236	2155	0	0	1	1	0	56
PB2_vRNA	237	2126	0	0	1	1	0	82
PB2_vRNA	245	2098	0	0	1	1	0	29
PB2_vRNA	245	2166	0	0	1	3	0	121
PB2_vRNA	246	2163	0	0	1	1	0	59
PB2_vRNA	246	2242	0	0	1	1	0	74
PB2_vRNA	247	1105	0	0	1	1	0	40
PB2_vRNA	247	2166	0	0	1	1	0	96
PB2_vRNA	249	2126	0	0	1	1	0	22
PB2_vRNA	250	318	0	0	1	1	0	29
PB2_vRNA	251	2179	0	0	1	2	0	54
PB2_vRNA	254	2245	0	0	1	1	0	73
PB2_vRNA	258	2127	0	0	1	3	0	103
PB2_vRNA	258	2192	0	0	1	1	0	84
PB2_vRNA	258	2223	0	0	1	1	0	95
PB2_vRNA	261	2113	0	0	1	11	0	99
PB2_vRNA	261	2186	0	0	1	1	0	63
PB2_vRNA	263	2158	0	0	1	3	0	100
PB2_vRNA	264	2161	0	0	1	1	0	63
PB2_vRNA	264	2182	1	3	1	1223	0	148
PB2_vRNA	266	301	0	0	1	7	0	129
PB2_vRNA	267	2125	0	0	1	1	0	41
PB2_vRNA	268	2053	0	0	1	1	0	90
PB2_vRNA	268	2144	0	0	1	1	0	80
PB2_vRNA	268	2147	0	0	1	2	0	88
PB2_vRNA	269	2133	0	0	1	1	0	81
PB2_vRNA	269	2143	0	0	1	6	0	97
PB2_vRNA	269	2171	0	0	1	1	0	43
PB2_vRNA	270	2019	0	0	1	5	0	100
PB2_vRNA	271	2137	0	0	1	1	0	64
PB2_vRNA	274	1979	0	0	1	3	0	76
PB2_vRNA	274	2185	0	0	1	2	0	112
PB2_vRNA	275	2140	0	0	1	35	0	136
PB2_vRNA	275	2174	0	0	1	2	0	65
PB2_vRNA	276	2205	0	0	1	17	0	121
PB2_vRNA	277	2126	0	0	1	1	0	38
PB2_vRNA	277	2172	0	0	1	2	0	6
PB2_vRNA	278	2162	0	0	1	1	0	97
PB2_vRNA	278	2197	0	0	1	1	0	5
PB2_vRNA	282	2144	0	0	1	1	0	45
PB2_vRNA	284	2165	0	0	1	18	0	148
PB2_vRNA	284	2179	0	0	1	1	0	111
PB2_vRNA	284	2181	0	0	1	3	0	137
PB2_vRNA	287	2163	0	0	1	1	0	53
PB2_vRNA	287	2181	0	0	1	1	0	3
PB2_vRNA	287	2195	0	0	1	1	0	8
PB2_vRNA	289	2169	0	0	1	1	0	82
PB2_vRNA	291	2083	0	0	1	1	0	47
PB2_vRNA	291	2136	0	0	1	4	0	91
PB2_vRNA	292	2015	0	0	1	1	0	49
PB2_vRNA	292	2034	0	0	1	1	0	34
PB2_vRNA	292	2089	0	0	1	1	0	104
PB2_vRNA	292	2163	0	0	1	4	0	104
PB2_vRNA	294	2028	0	0	1	1	0	85
PB2_vRNA	294	2124	0	0	1	2	0	37
PB2_vRNA	294	2167	0	0	1	7	0	140
PB2_vRNA	295	2215	0	0	1	2	0	45
PB2_vRNA	297	2113	0	0	1	1	0	81
PB2_vRNA	300	2056	0	0	1	1	0	43
PB2_vRNA	302	2137	0	0	1	18	0	118
PB2_vRNA	310	2179	0	0	1	2	0	85
PB2_vRNA	311	2162	0	0	1	4	0	104
PB2_vRNA	312	2133	0	0	1	4	0	77
PB2_vRNA	313	2074	0	0	1	2	0	104
PB2_vRNA	313	2081	0	0	1	1	0	74
PB2_vRNA	313	2150	0	0	1	1	0	22
PB2_vRNA	314	2120	0	0	1	3	0	105
PB2_vRNA	317	2222	0	0	1	2	0	33
PB2_vRNA	318	2073	0	0	1	1	0	91
PB2_vRNA	318	2155	0	0	1	690	0	147
PB2_vRNA	318	2169	0	0	1	2	0	79
PB2_vRNA	319	628	0	0	1	2	0	19
PB2_vRNA	320	2077	0	0	1	4	0	74
PB2_vRNA	320	2140	0	0	1	1	0	33
PB2_vRNA	321	389	0	0	1	2	0	72
PB2_vRNA	325	2061	0	0	1	1	0	99
PB2_vRNA	327	2026	0	0	1	4	0	90
PB2_vRNA	329	2061	0	0	1	2	0	74
PB2_vRNA	330	2165	0	0	1	1	0	131
PB2_vRNA	332	2084	0	0	1	1	0	24
PB2_vRNA	333	1983	2	6	1	3	0	79
PB2_vRNA	333	2035	1	1	1	1	0	77
PB2_vRNA	333	2082	0	0	1	3	0	118
PB2_vRNA	333	2184	0	0	1	1	0	123
PB2_vRNA	334	1931	0	0	1	9	0	95
PB2_vRNA	338	2088	1	1	1	1	0	50
PB2_vRNA	339	2060	0	0	1	1	0	16
PB2_vRNA	343	2064	0	0	1	1	0	3
PB2_vRNA	344	2015	0	0	1	18	0	133
PB2_vRNA	344	2122	0	0	1	1	0	69
PB2_vRNA	346	1999	0	0	1	1	0	143
PB2_vRNA	346	2116	0	0	1	12	0	116
PB2_vRNA	347	1632	0	0	1	2	0	39
PB2_vRNA	349	2127	0	0	1	42	0	149
PB2_vRNA	350	1341	0	0	1	1	0	20
PB2_vRNA	351	2074	0	0	1	27	0	141
PB2_vRNA	351	2103	0	0	1	1	0	96
PB2_vRNA	354	2032	0	0	1	1	0	24
PB2_vRNA	355	1267	0	0	1	1	0	10
PB2_vRNA	356	2020	0	0	1	4	0	97
PB2_vRNA	358	2259	0	0	1	10	0	83
PB2_vRNA	364	1247	0	0	1	1	0	114
PB2_vRNA	364	2015	0	0	1	1	0	91
PB2_vRNA	366	2082	0	0	1	1	0	93
PB2_vRNA	369	2055	0	0	1	117	2	148
PB2_vRNA	369	2119	0	0	1	4	0	84
PB2_vRNA	370	1893	0	0	1	3	0	125
PB2_vRNA	372	2036	0	0	1	1	0	58
PB2_vRNA	373	2182	1	1	1	5	0	115
PB2_vRNA	374	2040	0	0	1	1	0	90
PB2_vRNA	375	2016	0	0	1	2	0	33
PB2_vRNA	376	1972	0	0	1	1	0	46
PB2_vRNA	376	2012	0	0	1	6	0	63
PB2_vRNA	378	2042	0	0	1	37	0	139
PB2_vRNA	378	2058	0	0	1	5	0	147
PB2_vRNA	379	2018	0	0	1	2	0	25
PB2_vRNA	380	414	0	0	1	1	0	74
PB2_vRNA	381	1288	0	0	1	1	0	97
PB2_vRNA	381	1689	0	0	1	1	0	12
PB2_vRNA	381	1691	0	0	1	1	0	106
PB2_vRNA	382	882	0	0	1	1	0	12
PB2_vRNA	382	1365	0	0	1	1	0	11
PB2_vRNA	384	2024	0	0	1	9	0	126
PB2_vRNA	386	1933	0	0	1	1	0	105
PB2_vRNA	387	1148	0	0	1	2	0	20
PB2_vRNA	387	2014	0	0	1	1	0	75
PB2_vRNA	387	2074	0	0	1	16	0	124
PB2_vRNA	387	2158	0	0	1	6	0	131
PB2_vRNA	388	1432	1	5	1	1	0	96
PB2_vRNA	388	2122	0	0	1	2	0	7
PB2_vRNA	390	877	0	0	1	1	0	78
PB2_vRNA	390	2016	0	0	1	22	0	146
PB2_vRNA	390	2054	0	0	1	15	0	115
PB2_vRNA	390	2072	0	0	1	1	0	106
PB2_vRNA	390	2082	0	0	1	1	0	82
PB2_vRNA	390	2103	0	0	1	1	0	6
PB2_vRNA	390	2126	0	0	1	5	0	86
PB2_vRNA	391	2019	0	0	1	1	0	119
PB2_vRNA	391	2179	0	0	1	3	0	89
PB2_vRNA	392	1312	0	0	1	2	0	40
PB2_vRNA	392	2062	0	0	1	3	0	109
PB2_vRNA	392	2132	0	0	1	1	0	73
PB2_vRNA	394	969	0	0	1	1	0	42
PB2_vRNA	398	529	1	5	1	10	1	95
PB2_vRNA	398	1159	1	5	1	1	0	82
PB2_vRNA	399	2001	0	0	1	8	0	111
PB2_vRNA	400	462	0	0	1	1	0	42
PB2_vRNA	400	898	0	0	1	1	0	48
PB2_vRNA	402	510	0	0	1	1	0	129
PB2_vRNA	403	2028	0	0	1	94	0	137
PB2_vRNA	403	2049	0	0	1	4	0	98
PB2_vRNA	405	2013	0	0	1	3	0	131
PB2_vRNA	406	2128	0	0	1	1	0	94
PB2_vRNA	408	1808	0	0	1	1	0	50
PB2_vRNA	408	2037	0	0	1	10	0	114
PB2_vRNA	408	2061	0	0	1	1	0	100
PB2_vRNA	409	1996	0	0	1	4	0	148
PB2_vRNA	410	2037	0	0	1	2	0	58
PB2_vRNA	410	2052	0	0	1	25	0	147
PB2_vRNA	411	1775	0	0	1	3	0	54
PB2_vRNA	411	2014	0	0	1	1	0	3
PB2_vRNA	421	2084	0	0	1	17	0	56
PB2_vRNA	423	1247	0	0	1	1	0	41
PB2_vRNA	423	2033	0	0	1	3	0	26
PB2_vRNA	423	2171	2	6	1	5	0	118
PB2_vRNA	424	2024	0	0	1	1	0	112
PB2_vRNA	425	1969	0	0	1	3	0	92
PB2_vRNA	428	2128	0	0	1	2	0	84
PB2_vRNA	436	1983	0	0	1	1	0	128
PB2_vRNA	439	1960	0	0	1	1	0	48
PB2_vRNA	439	2026	0	0	1	1	0	6
PB2_vRNA	439	2031	1	1	1	1	0	149
PB2_vRNA	439	2033	0	0	1	6	0	132
PB2_vRNA	439	2038	0	0	1	2	0	110
PB2_vRNA	439	2045	0	0	1	2	0	44
PB2_vRNA	439	2088	1	1	1	2	0	54
PB2_vRNA	440	2053	0	0	1	1	0	58
PB2_vRNA	444	2022	0	0	1	6	0	62
PB2_vRNA	445	1888	0	0	1	1	0	134
PB2_vRNA	446	1908	0	0	1	6	0	66
PB2_vRNA	449	1923	0	0	1	360	0	148
PB2_vRNA	450	2173	0	0	1	2	0	103
PB2_vRNA	453	512	0	0	1	0	1	4
PB2_vRNA	454	1950	0	0	1	9	0	132
PB2_vRNA	455	1460	0	0	1	1	0	139
PB2_vRNA	455	1905	0	0	1	0	1	6
PB2_vRNA	455	1977	0	0	1	0	1	6
PB2_vRNA	455	2044	0	0	1	2	0	85
PB2_vRNA	455	2067	0	0	1	2	0	107
PB2_vRNA	456	1837	0	0	1	1	0	93
PB2_vRNA	456	1885	0	0	1	1	0	115
PB2_vRNA	456	1893	0	0	1	1	0	109
PB2_vRNA	456	2066	0	0	1	1	0	72
PB2_vRNA	457	1766	0	0	1	1	0	69
PB2_vRNA	458	1462	0	0	1	1	0	88
PB2_vRNA	458	1848	0	0	1	1	0	42
PB2_vRNA	458	1969	0	0	1	2	0	69
PB2_vRNA	459	487	0	0	1	1	0	60
PB2_vRNA	462	1942	0	0	1	57	2	139
PB2_vRNA	464	1981	0	0	1	1	0	50
PB2_vRNA	465	1883	0	0	1	3	0	60
PB2_vRNA	466	2159	0	0	1	1	0	23
PB2_vRNA	471	1931	0	0	1	14	0	135
PB2_vRNA	471	1999	0	0	1	2	0	88
PB2_vRNA	472	2147	0	0	1	3	0	102
PB2_vRNA	477	1961	0	0	1	2	0	87
PB2_vRNA	477	2059	0	0	1	2	0	72
PB2_vRNA	479	1356	0	0	1	1	0	145
PB2_vRNA	479	2021	0	0	1	3	0	117
PB2_vRNA	480	2022	0	0	1	1	0	44
PB2_vRNA	482	1921	0	0	1	1	0	111
PB2_vRNA	482	1952	0	0	1	1	0	31
PB2_vRNA	484	607	0	0	1	1	0	65
PB2_vRNA	486	532	0	0	1	1	0	4
PB2_vRNA	487	532	0	0	1	173	5	150
PB2_vRNA	487	1730	0	0	1	0	4	3
PB2_vRNA	489	1971	0	0	1	1	0	58
PB2_vRNA	490	1618	0	0	1	1	0	89
PB2_vRNA	503	881	0	0	1	1	0	31
PB2_vRNA	506	1910	0	0	1	1	0	128
PB2_vRNA	506	2013	0	0	1	1	0	124
PB2_vRNA	507	1071	0	0	1	1	0	84
PB2_vRNA	510	1804	0	0	1	1	0	68
PB2_vRNA	511	1978	0	0	1	1	0	27
PB2_vRNA	514	2010	0	0	1	1	0	34
PB2_vRNA	516	1878	0	0	1	1	0	125
PB2_vRNA	516	1907	0	0	1	5	0	134
PB2_vRNA	516	2017	0	0	1	7	0	71
PB2_vRNA	517	1830	0	0	1	3	0	98
PB2_vRNA	517	1913	0	0	1	1	0	105
PB2_vRNA	517	2015	0	0	1	5	0	100
PB2_vRNA	518	1960	0	0	1	2	0	58
PB2_vRNA	523	1874	0	0	1	5	0	126
PB2_vRNA	524	1956	0	0	1	1	0	103
PB2_vRNA	524	2060	0	0	1	1	0	123
PB2_vRNA	526	1957	0	0	1	2	0	129
PB2_vRNA	527	550	0	0	1	1	0	42
PB2_vRNA	529	1958	0	0	1	3	0	131
PB2_vRNA	531	1698	0	0	1	1	0	49
PB2_vRNA	536	598	0	0	1	1	0	24
PB2_vRNA	541	2061	0	0	1	1	0	127
PB2_vRNA	549	1884	0	0	1	1	0	84
PB2_vRNA	550	1935	0	0	1	5	0	87
PB2_vRNA	551	1790	0	0	1	4	0	100
PB2_vRNA	551	1844	0	0	1	1	0	50
PB2_vRNA	551	1886	0	0	1	416	1	147
PB2_vRNA	552	1893	0	0	1	1	0	43
PB2_vRNA	560	1868	0	0	1	1	0	30
PB2_vRNA	561	1874	0	0	1	1	0	97
PB2_vRNA	563	658	0	0	1	1	0	29
PB2_vRNA	563	1847	0	0	1	4	0	128
PB2_vRNA	564	1769	0	0	1	1	0	6
PB2_vRNA	564	1830	0	0	1	5	0	133
PB2_vRNA	564	1917	0	0	1	13	0	116
PB2_vRNA	570	1814	0	0	1	6	0	144
PB2_vRNA	573	1866	0	0	1	6	0	147
PB2_vRNA	574	1215	0	0	1	1	0	94
PB2_vRNA	575	1905	0	0	1	1	0	142
PB2_vRNA	576	1785	0	0	1	1	0	140
PB2_vRNA	576	1872	0	0	1	1	0	73
PB2_vRNA	576	2059	0	0	1	1	0	8
PB2_vRNA	577	1828	0	0	1	1	0	73
PB2_vRNA	580	1864	0	0	1	1	0	41
PB2_vRNA	581	957	0	0	1	1	0	32
PB2_vRNA	582	1797	0	0	1	17	0	115
PB2_vRNA	583	1787	0	0	1	3	0	87
PB2_vRNA	583	1855	0	0	1	5	0	129
PB2_vRNA	583	1896	0	0	1	9	0	137
PB2_vRNA	585	1871	0	0	1	9	0	101
PB2_vRNA	586	1897	0	0	1	1	0	44
PB2_vRNA	593	1781	0	0	1	1	0	44
PB2_vRNA	594	1866	0	0	1	1	0	91
PB2_vRNA	595	2121	0	0	1	1	0	65
PB2_vRNA	596	1839	0	0	1	2	0	121
PB2_vRNA	597	1881	0	0	1	2	0	78
PB2_vRNA	599	1870	0	0	1	12	0	121
PB2_vRNA	601	650	0	0	1	2	0	62
PB2_vRNA	601	1776	0	0	1	2	0	70
PB2_vRNA	601	1852	0	0	1	1	0	118
PB2_vRNA	601	1876	0	0	1	1	0	35
PB2_vRNA	609	1855	1	1	1	0	1	79
PB2_vRNA	611	1857	0	0	1	42	1	145
PB2_vRNA	613	1888	0	0	1	52	1	142
PB2_vRNA	622	1793	0	0	1	1	0	96
PB2_vRNA	625	1904	0	0	1	20	0	134
PB2_vRNA	626	1787	0	0	1	56	0	142
PB2_vRNA	628	1789	0	0	1	1	0	6
PB2_vRNA	633	2091	0	0	1	2	0	82
PB2_vRNA	635	1789	0	0	1	1	0	3
PB2_vRNA	635	1890	0	0	1	2	0	42
PB2_vRNA	637	1831	0	0	1	1	0	98
PB2_vRNA	638	1075	0	0	1	2	0	116
PB2_vRNA	640	1773	0	0	1	1	0	36
PB2_vRNA	643	1820	0	0	1	1	0	3
PB2_vRNA	647	1885	0	0	1	1	0	38
PB2_vRNA	649	1853	0	0	1	3	0	95
PB2_vRNA	652	1797	0	0	1	1	0	69
PB2_vRNA	660	1887	0	0	1	0	1	6
PB2_vRNA	661	930	0	0	1	1	0	124
PB2_vRNA	661	1312	0	0	1	1	0	62
PB2_vRNA	663	1117	0	0	1	1	0	122
PB2_vRNA	666	1854	0	0	1	1	0	23
PB2_vRNA	673	1084	0	0	1	1	0	52
PB2_vRNA	677	896	0	0	1	2	0	73
PB2_vRNA	680	1921	0	0	1	1	0	97
PB2_vRNA	689	1772	0	0	1	1	0	3
PB2_vRNA	689	1777	0	0	1	2	0	97
PB2_vRNA	689	1840	0	0	1	2	0	30
PB2_vRNA	689	1884	0	0	1	126	0	147
PB2_vRNA	692	733	0	0	1	1	0	112
PB2_vRNA	692	1750	0	0	1	1	0	41
PB2_vRNA	692	1830	0	0	1	2	0	110
PB2_vRNA	692	1845	0	0	1	1	0	32
PB2_vRNA	702	881	0	0	1	2	0	61
PB2_vRNA	704	827	0	0	1	1	0	3
PB2_vRNA	704	890	0	0	1	3	0	143
PB2_vRNA	708	747	0	0	1	1	0	68
PB2_vRNA	708	792	1	5	1	1	0	5
PB2_vRNA	709	1118	0	0	1	1	0	80
PB2_vRNA	709	1826	0	0	1	1	0	24
PB2_vRNA	711	859	0	0	1	1	0	57
PB2_vRNA	714	938	0	0	1	1	0	35
PB2_vRNA	714	2120	0	0	1	1	0	35
PB2_vRNA	715	1688	0	0	1	1	0	22
PB2_vRNA	717	896	0	0	1	4	0	108
PB2_vRNA	717	1754	0	0	1	1	0	88
PB2_vRNA	721	1738	0	0	1	4	0	146
PB2_vRNA	729	1674	0	0	1	1	0	65
PB2_vRNA	740	782	0	0	1	1	0	42
PB2_vRNA	744	1210	0	0	1	2	0	9
PB2_vRNA	747	1770	0	0	1	1	0	54
PB2_vRNA	749	1933	0	0	1	1	0	135
PB2_vRNA	752	2098	0	0	1	1	0	8
PB2_vRNA	757	1619	0	0	1	1	0	3
PB2_vRNA	775	787	0	0	1	1	0	23
PB2_vRNA	778	1516	0	0	1	1	0	131
PB2_vRNA	785	805	1	5	1	1	0	24
PB2_vRNA	787	1833	0	0	1	1	0	139
PB2_vRNA	793	1642	0	0	1	1	0	124
PB2_vRNA	800	1613	0	0	1	1	0	21
PB2_vRNA	811	891	0	0	1	1	0	25
PB2_vRNA	813	1677	0	0	1	13	0	142
PB2_vRNA	817	1532	0	0	1	1	0	138
PB2_vRNA	821	873	0	0	1	1	0	107
PB2_vRNA	821	1713	0	0	1	1	0	134
PB2_vRNA	828	1612	0	0	1	1	0	50
PB2_vRNA	848	2093	0	0	1	1	0	30
PB2_vRNA	853	905	0	0	1	1	0	96
PB2_vRNA	855	1552	0	0	1	2	0	79
PB2_vRNA	859	883	2	2	1	2	0	115
PB2_vRNA	859	1687	0	0	1	1	0	82
PB2_vRNA	867	954	0	0	1	1	0	93
PB2_vRNA	877	1169	0	0	1	1	0	46
PB2_vRNA	878	1026	0	0	1	1	0	16
PB2_vRNA	878	1528	0	0	1	3	0	94
PB2_vRNA	880	1626	0	0	1	0	1	70
PB2_vRNA	886	1157	0	0	1	1	0	23
PB2_vRNA	894	2071	0	0	1	1	0	54
PB2_vRNA	900	929	0	0	1	1	0	105
PB2_vRNA	913	1604	0	0	1	1	0	56
PB2_vRNA	915	1516	1	5	1	1	0	23
PB2_vRNA	925	1485	0	0	1	1	0	69
PB2_vRNA	951	966	0	0	1	1	0	31
PB2_vRNA	963	1587	0	0	1	1	0	47
PB2_vRNA	974	1367	0	0	1	2	0	109
PB2_vRNA	975	1561	0	0	1	1	0	73
PB2_vRNA	980	1471	0	0	1	1	0	30
PB2_vRNA	1002	2059	0	0	1	0	1	7
PB2_vRNA	1012	1244	0	0	1	1	0	64
PB2_vRNA	1012	1291	0	0	1	1	0	85
PB2_vRNA	1015	1341	0	0	1	1	0	90
PB2_vRNA	1024	1448	0	0	1	1	0	94
PB2_vRNA	1081	1643	0	0	1	1	0	56
PB2_vRNA	1087	1164	0	0	1	3	0	85
PB2_vRNA	1088	2119	0	0	1	1	0	16
PB2_vRNA	1099	1511	0	0	1	1	0	73
PB2_vRNA	1101	1126	0	0	1	1	0	77
PB2_vRNA	1142	2278	0	0	1	1	0	38
PB2_vRNA	1159	1269	0	0	1	1	0	131
PB2_vRNA	1172	2116	0	0	1	1	0	95
PB2_vRNA	1180	1215	0	0	1	1	0	7
PB2_vRNA	1185	1211	0	0	1	1	0	72
PB2_vRNA	1189	1211	0	0	1	1	0	31
PB2_vRNA	1252	2052	0	0	1	1	0	105
PB2_vRNA	1255	1515	0	0	1	3	0	70
PB2_vRNA	1259	1514	0	0	1	1	0	38
PB2_vRNA	1306	1494	0	0	1	1	0	3
PB2_vRNA	1314	2063	0	0	1	2	0	33
PB2_vRNA	1320	1373	0	0	1	1	0	52
PB2_vRNA	1341	1652	0	0	1	2	0	125
PB2_vRNA	1449	1710	0	0	1	1	0	12
PB2_vRNA	1455	1495	0	0	1	1	0	11
PB2_vRNA	1470	2165	0	0	1	1	0	148
PB2_vRNA	1503	1517	0	0	1	2	0	45
PB2_vRNA	1546	2113	0	0	1	1	0	103
PB2_vRNA	1590	1736	0	0	1	1	0	35
PB2_vRNA	1628	1804	0	0	1	1	0	55
PB2_vRNA	1653	2023	0	0	1	1	0	93
PB2_vRNA	1676	2032	0	0	1	4	0	109
PB2_vRNA	1791	2261	0	0	1	1	0	15
PB2_vRNA	1827	1936	0	0	1	1	0	88
PB2_vRNA	1890	1988	0	0	1	2	0	25
PB2_vRNA	1891	1949	0	0	1	1	0	41
PB2_vRNA	1975	1988	0	0	1	5	0	66
PB2_vRNA	1985	2015	0	0	1	0	1	4
PB2_vRNA	2202	2212	0	0	1	1	0	25
PB2_vRNA	2212	2246	0	0	1	1	0	22
