HA_vRNA	78	458	0	0	1	1	0	41
HA_vRNA	79	816	0	0	1	2	0	42
HA_vRNA	94	158	0	0	1	6	0	88
HA_vRNA	96	454	0	0	1	5	0	49
HA_vRNA	164	859	0	0	1	1	0	52
HA_vRNA	165	1157	0	0	1	1	0	121
HA_vRNA	176	255	0	0	1	1	0	58
HA_vRNA	179	644	0	0	1	1	0	38
HA_vRNA	186	667	0	0	1	1	0	85
HA_vRNA	189	665	0	0	1	1	0	40
HA_vRNA	190	561	0	0	1	1	0	75
HA_vRNA	192	792	0	0	1	1	0	30
HA_vRNA	192	1437	0	0	1	1	0	120
HA_vRNA	193	773	0	0	1	1	0	32
HA_vRNA	194	706	0	0	1	1	0	92
HA_vRNA	200	664	0	0	1	2	0	38
HA_vRNA	213	631	0	0	1	2	0	41
HA_vRNA	218	468	0	0	1	1	0	27
HA_vRNA	218	1680	0	0	1	2	0	40
HA_vRNA	229	1637	0	0	1	4	0	45
HA_vRNA	231	529	0	0	1	1	0	127
HA_vRNA	241	1642	0	0	1	1	0	78
HA_vRNA	247	1620	0	0	1	34	0	124
HA_vRNA	248	1680	2	6	1	2	0	45
HA_vRNA	251	397	0	0	1	1	0	15
HA_vRNA	253	1634	0	0	1	1	0	23
HA_vRNA	262	515	0	0	1	2	0	110
HA_vRNA	264	519	0	0	1	1	0	41
HA_vRNA	268	538	0	0	1	1	0	3
HA_vRNA	269	315	0	0	1	1	0	74
HA_vRNA	270	520	0	0	1	1	0	16
HA_vRNA	271	486	0	0	1	2	0	8
HA_vRNA	282	503	0	0	1	1	0	85
HA_vRNA	286	587	0	0	1	1	0	3
HA_vRNA	301	1612	0	0	1	4	0	37
HA_vRNA	303	1509	0	0	1	2	0	29
HA_vRNA	304	972	0	0	1	1	0	32
HA_vRNA	310	1165	0	0	1	3	0	39
HA_vRNA	321	1647	2	2	1	1	0	34
HA_vRNA	329	1607	0	0	1	5	0	81
HA_vRNA	333	1524	0	0	1	4	0	110
HA_vRNA	351	1523	0	0	1	1	0	84
HA_vRNA	356	1461	0	0	1	1	0	5
HA_vRNA	368	1533	0	0	1	2	0	63
HA_vRNA	369	1583	0	0	1	7	0	146
HA_vRNA	370	1184	0	0	1	1	0	114
HA_vRNA	370	1531	0	0	1	1	0	3
HA_vRNA	370	1584	0	0	1	1	0	68
HA_vRNA	378	1464	0	0	1	1	0	124
HA_vRNA	393	1595	0	0	1	25	0	125
HA_vRNA	395	443	0	0	1	3	0	81
HA_vRNA	398	1531	0	0	1	1	0	71
HA_vRNA	402	1443	0	0	1	2	0	4
HA_vRNA	411	1513	0	0	1	1	0	59
HA_vRNA	416	1473	0	0	1	2	0	97
HA_vRNA	445	709	2	6	1	2	0	23
HA_vRNA	445	973	2	6	1	1	0	78
HA_vRNA	447	1420	0	0	1	2	0	82
HA_vRNA	451	1006	0	0	1	1	0	16
HA_vRNA	464	1610	0	0	1	2	0	39
HA_vRNA	489	677	0	0	1	1	0	42
HA_vRNA	489	678	0	0	1	2	0	61
HA_vRNA	535	1479	0	0	1	4	0	107
HA_vRNA	542	981	0	0	1	1	0	33
HA_vRNA	548	1134	0	0	1	1	0	94
HA_vRNA	562	1200	2	2	1	1	0	1
HA_vRNA	568	629	0	0	1	1	0	25
HA_vRNA	583	1345	0	0	1	2	0	81
HA_vRNA	593	1275	0	0	1	1	0	3
HA_vRNA	593	1459	0	0	1	3	0	39
HA_vRNA	599	1219	0	0	1	1	0	7
HA_vRNA	618	1252	2	4	1	1	0	34
HA_vRNA	635	1304	0	0	1	2	0	94
HA_vRNA	647	670	0	0	1	1	0	92
HA_vRNA	662	717	0	0	1	1	0	100
HA_vRNA	669	1243	0	0	1	1	0	88
HA_vRNA	676	1005	0	0	1	1	0	26
HA_vRNA	684	1235	0	0	1	1	0	19
HA_vRNA	688	1381	0	0	1	2	0	88
HA_vRNA	700	1354	0	0	1	1	0	43
HA_vRNA	711	974	0	0	1	3	0	126
HA_vRNA	727	1267	0	0	1	1	0	3
HA_vRNA	751	1076	0	0	1	2	0	96
HA_vRNA	762	1399	0	0	1	1	0	44
HA_vRNA	763	971	0	0	1	2	0	97
HA_vRNA	767	1085	0	0	1	1	0	52
HA_vRNA	776	1075	0	0	1	2	0	89
HA_vRNA	800	1116	0	0	1	1	0	55
HA_vRNA	809	851	0	0	1	3	0	70
HA_vRNA	812	855	0	0	1	1	0	41
HA_vRNA	821	1051	0	0	1	1	0	46
HA_vRNA	825	1251	0	0	1	1	0	80
HA_vRNA	894	1062	0	0	1	1	0	45
HA_vRNA	1027	1292	0	0	1	1	0	55
HA_vRNA	1042	1058	0	0	1	2	0	65
HA_vRNA	1077	1589	0	0	1	1	0	40
HA_vRNA	1119	1529	0	0	1	1	0	42
HA_vRNA	1189	1279	0	0	1	1	0	35
HA_vRNA	1250	1327	0	0	1	1	0	27
HA_vRNA	1330	1470	0	0	1	1	0	39
HA_vRNA	1440	1482	0	0	1	1	0	60
HA_vRNA	1538	1677	0	0	1	1	0	21
HA_vRNA	1547	1582	0	0	1	1	0	3
HA_vRNA	1617	1645	0	0	1	1	0	41
M_vRNA	98	269	0	0	1	1	0	51
M_vRNA	99	904	0	0	1	1	0	25
M_vRNA	100	133	0	0	1	9	0	94
M_vRNA	110	264	0	0	1	3	0	13
M_vRNA	123	894	0	0	1	1	0	29
M_vRNA	125	905	0	0	1	2	0	93
M_vRNA	161	184	0	0	1	1	0	25
M_vRNA	181	304	0	0	1	1	0	46
M_vRNA	189	389	0	0	1	3	0	68
M_vRNA	190	211	0	0	1	3	0	91
M_vRNA	193	393	0	0	1	35	0	126
M_vRNA	193	544	0	0	1	1	0	102
M_vRNA	199	390	0	0	1	9	0	66
M_vRNA	209	637	0	0	1	3	0	76
M_vRNA	210	389	0	0	1	1	0	68
M_vRNA	214	876	0	0	1	1	0	75
M_vRNA	217	395	0	0	1	12	0	92
M_vRNA	218	347	0	0	1	1	0	10
M_vRNA	218	632	0	0	1	1	0	79
M_vRNA	226	871	0	0	1	4	0	87
M_vRNA	231	408	0	0	1	1	0	5
M_vRNA	232	266	0	0	1	1	0	54
M_vRNA	257	282	0	0	1	1	0	85
M_vRNA	269	367	0	0	1	11	1	112
M_vRNA	269	463	0	0	1	1	0	6
M_vRNA	269	508	0	0	1	0	1	7
M_vRNA	269	639	0	0	1	4	0	65
M_vRNA	270	509	0	0	1	1	0	4
M_vRNA	274	438	0	0	1	1	0	97
M_vRNA	274	600	0	0	1	4	0	51
M_vRNA	274	674	0	0	1	8	0	130
M_vRNA	282	401	0	0	1	1	0	53
M_vRNA	284	382	0	0	1	1	0	110
M_vRNA	285	486	0	0	1	1	0	68
M_vRNA	288	376	0	0	1	2	0	72
M_vRNA	291	884	0	0	1	1	0	62
M_vRNA	292	363	0	0	1	15	0	63
M_vRNA	292	381	0	0	1	3	0	121
M_vRNA	294	451	0	0	1	2	0	103
M_vRNA	306	391	0	0	1	1	0	6
M_vRNA	327	366	0	0	1	1	0	83
M_vRNA	336	723	0	0	1	3	0	60
M_vRNA	369	640	0	0	1	1	0	24
M_vRNA	374	433	2	4	1	1	0	37
M_vRNA	375	574	0	0	1	2	0	40
M_vRNA	376	388	0	0	1	2	0	77
M_vRNA	376	516	0	0	1	9	0	86
M_vRNA	389	585	0	0	1	1	0	41
M_vRNA	391	647	0	0	1	5	0	50
M_vRNA	393	589	0	0	1	2	0	49
M_vRNA	397	438	0	0	1	7	0	127
M_vRNA	399	676	0	0	1	1	0	103
M_vRNA	407	428	0	0	1	23	0	123
M_vRNA	407	658	0	0	1	1	0	38
M_vRNA	410	658	0	0	1	1	0	38
M_vRNA	416	538	0	0	1	2	0	88
M_vRNA	418	655	0	0	1	1	0	32
M_vRNA	427	642	0	0	1	11	0	116
M_vRNA	427	657	0	0	1	1	0	29
M_vRNA	432	450	0	0	1	1	0	42
M_vRNA	435	658	0	0	1	21	0	124
M_vRNA	438	512	0	0	1	5	0	72
M_vRNA	438	640	0	0	1	1	0	64
M_vRNA	440	517	0	0	1	1	0	34
M_vRNA	442	642	2	4	1	5	0	57
M_vRNA	448	642	0	0	1	2	0	20
M_vRNA	473	532	0	0	1	1	0	7
M_vRNA	476	505	0	0	1	1	0	5
M_vRNA	499	856	0	0	1	1	0	21
M_vRNA	515	646	0	0	1	3	0	6
M_vRNA	517	603	0	0	1	3	0	10
M_vRNA	519	580	0	0	1	1	0	120
M_vRNA	524	551	0	0	1	1	0	64
M_vRNA	534	586	0	0	1	1	0	3
M_vRNA	557	710	0	0	1	1	0	28
M_vRNA	579	640	0	0	1	1	0	56
M_vRNA	580	638	0	0	1	1	0	24
M_vRNA	593	624	0	0	1	2	0	81
M_vRNA	594	628	0	0	1	6	0	118
M_vRNA	595	642	0	0	1	1	0	8
M_vRNA	599	629	0	0	1	1	0	84
M_vRNA	600	624	0	0	1	1	0	39
M_vRNA	600	631	0	0	1	1	0	87
M_vRNA	600	632	0	0	1	2	0	24
M_vRNA	601	619	0	0	1	2	0	33
M_vRNA	601	621	0	0	1	5	0	79
M_vRNA	604	718	0	0	1	4	0	85
M_vRNA	620	671	0	0	1	1	0	63
M_vRNA	622	674	0	0	1	1	0	34
M_vRNA	667	865	0	0	1	1	0	86
M_vRNA	690	747	0	0	1	1	0	73
M_vRNA	698	770	0	0	1	1	0	80
M_vRNA	731	752	0	0	1	5	0	124
M_vRNA	749	802	0	0	1	9	0	47
M_vRNA	751	759	0	0	1	3	0	43
NA_vRNA	52	958	0	0	1	1	0	6
NA_vRNA	102	374	0	0	1	2	0	12
NA_vRNA	113	1075	0	0	1	1	0	7
NA_vRNA	116	1103	0	0	1	4	0	104
NA_vRNA	119	1247	0	0	1	2	0	32
NA_vRNA	121	838	0	0	1	1	0	87
NA_vRNA	125	484	0	0	1	1	0	58
NA_vRNA	127	151	0	0	1	1	0	110
NA_vRNA	127	1258	0	0	1	1	0	41
NA_vRNA	130	999	0	0	1	1	0	24
NA_vRNA	132	938	1	5	1	2	0	56
NA_vRNA	133	1216	0	0	1	1	0	3
NA_vRNA	136	1295	0	0	1	8	0	102
NA_vRNA	142	990	0	0	1	1	0	75
NA_vRNA	142	1259	0	0	1	2	0	63
NA_vRNA	143	185	0	0	1	1	0	6
NA_vRNA	148	715	2	6	1	2	0	23
NA_vRNA	148	1320	0	0	1	1	0	76
NA_vRNA	152	624	0	0	1	11	0	91
NA_vRNA	158	1003	0	0	1	2	0	106
NA_vRNA	166	1309	0	0	1	1	0	1
NA_vRNA	167	1181	0	0	1	17	0	114
NA_vRNA	168	690	0	0	1	1	0	24
NA_vRNA	172	998	0	0	1	1	0	120
NA_vRNA	172	1209	0	0	1	1	0	84
NA_vRNA	172	1230	0	0	1	12	0	109
NA_vRNA	172	1307	0	0	1	2	0	88
NA_vRNA	173	1308	0	0	1	603	0	102
NA_vRNA	174	691	0	0	1	10	0	138
NA_vRNA	175	1061	0	0	1	39	0	115
NA_vRNA	179	1203	0	0	1	2	0	138
NA_vRNA	181	1336	0	0	1	12	0	41
NA_vRNA	185	1273	0	0	1	153	0	137
NA_vRNA	188	213	0	0	1	23	0	136
NA_vRNA	188	964	0	0	1	3	0	77
NA_vRNA	189	1185	0	0	1	1	0	41
NA_vRNA	189	1256	0	0	1	15	0	53
NA_vRNA	189	1335	0	0	1	1	0	15
NA_vRNA	190	1225	0	0	1	25	0	116
NA_vRNA	192	868	0	0	1	1	0	91
NA_vRNA	196	1256	0	0	1	25	0	50
NA_vRNA	199	1257	0	0	1	5	1	109
NA_vRNA	201	1144	2	6	1	7	0	108
NA_vRNA	214	1334	0	0	1	1	0	63
NA_vRNA	217	1261	0	0	1	5	0	92
NA_vRNA	221	1283	0	0	1	3	0	89
NA_vRNA	230	608	0	0	1	4	0	4
NA_vRNA	230	1301	1	3	1	2	0	44
NA_vRNA	234	1258	0	0	1	63	0	114
NA_vRNA	236	248	0	0	1	1	0	55
NA_vRNA	236	1143	0	0	1	1	0	5
NA_vRNA	236	1323	0	0	1	3	0	44
NA_vRNA	249	1158	0	0	1	6	0	77
NA_vRNA	256	344	0	0	1	1	1	3
NA_vRNA	256	467	0	0	1	1	1	26
NA_vRNA	259	380	0	0	1	3	0	91
NA_vRNA	259	553	0	0	1	1	1	19
NA_vRNA	259	1095	0	0	1	2	1	52
NA_vRNA	261	436	0	0	1	2	0	48
NA_vRNA	262	1168	0	0	1	24	0	119
NA_vRNA	263	786	1	5	1	2	0	82
NA_vRNA	263	1219	1	5	1	1	0	8
NA_vRNA	264	371	0	0	1	1	0	113
NA_vRNA	265	605	0	0	1	1	0	29
NA_vRNA	270	763	0	0	1	1	0	4
NA_vRNA	271	469	0	0	1	1	0	12
NA_vRNA	275	1196	0	0	1	9	0	128
NA_vRNA	275	1199	0	0	1	2	0	79
NA_vRNA	276	1158	0	0	1	1	0	5
NA_vRNA	276	1224	0	0	1	1	0	4
NA_vRNA	282	342	2	2	1	1	0	3
NA_vRNA	283	733	0	0	1	1	0	92
NA_vRNA	285	1326	0	0	1	17	0	84
NA_vRNA	292	600	0	0	1	1	0	8
NA_vRNA	292	1160	0	0	1	1	0	76
NA_vRNA	294	1037	0	0	1	1	0	36
NA_vRNA	306	633	0	0	1	1	0	22
NA_vRNA	316	398	0	0	1	1	0	32
NA_vRNA	316	691	0	0	1	1	0	5
NA_vRNA	319	1066	0	0	1	1	0	3
NA_vRNA	322	633	0	0	1	1	0	5
NA_vRNA	323	885	0	0	1	1	0	26
NA_vRNA	326	561	0	0	1	1	0	32
NA_vRNA	328	769	0	0	1	1	0	31
NA_vRNA	331	921	0	0	1	1	0	127
NA_vRNA	331	1030	0	0	1	1	0	105
NA_vRNA	333	553	0	0	1	1	0	52
NA_vRNA	334	877	2	6	1	1	0	103
NA_vRNA	334	1113	0	0	1	1	0	75
NA_vRNA	334	1128	2	6	1	1	0	47
NA_vRNA	335	534	0	0	1	3	0	66
NA_vRNA	335	537	0	0	1	1	0	44
NA_vRNA	335	1258	0	0	1	2	0	50
NA_vRNA	337	1204	0	0	1	16	0	125
NA_vRNA	341	1163	0	0	1	1	0	9
NA_vRNA	341	1211	0	0	1	1	0	69
NA_vRNA	342	374	0	0	1	1	0	55
NA_vRNA	343	603	0	0	1	1	0	75
NA_vRNA	345	525	0	0	1	1	0	118
NA_vRNA	347	559	0	0	1	1	0	7
NA_vRNA	348	553	0	0	1	1	0	17
NA_vRNA	348	1256	0	0	1	2	0	140
NA_vRNA	349	471	0	0	1	2	0	95
NA_vRNA	352	1222	0	0	1	1	0	20
NA_vRNA	353	1124	0	0	1	1	0	79
NA_vRNA	353	1129	0	0	1	19	0	56
NA_vRNA	354	1248	0	0	1	1	0	3
NA_vRNA	359	1051	0	0	1	1	0	89
NA_vRNA	365	387	0	0	1	44	0	115
NA_vRNA	367	496	0	0	1	1	0	27
NA_vRNA	369	938	0	0	1	1	0	18
NA_vRNA	375	482	0	0	1	2	0	7
NA_vRNA	381	553	0	0	1	1	0	24
NA_vRNA	384	397	0	0	1	1	0	91
NA_vRNA	386	1070	0	0	1	15	0	89
NA_vRNA	389	471	0	0	1	1	0	100
NA_vRNA	395	477	0	0	1	1	0	103
NA_vRNA	402	446	0	0	1	1	0	7
NA_vRNA	402	1108	0	0	1	1	0	94
NA_vRNA	402	1140	0	0	1	1	0	4
NA_vRNA	414	1138	0	0	1	4	0	93
NA_vRNA	416	984	0	0	1	2	0	5
NA_vRNA	416	1036	0	0	1	1	0	7
NA_vRNA	422	1069	0	0	1	1	0	105
NA_vRNA	435	707	0	0	1	1	0	14
NA_vRNA	437	1077	0	0	1	1	0	49
NA_vRNA	438	986	0	0	1	1	0	3
NA_vRNA	442	486	2	4	1	3	0	4
NA_vRNA	446	1024	0	0	1	15	0	121
NA_vRNA	455	1088	0	0	1	2	0	101
NA_vRNA	459	1041	0	0	1	1	0	6
NA_vRNA	469	1007	0	0	1	3	0	93
NA_vRNA	469	1093	0	0	1	13	0	134
NA_vRNA	475	491	0	0	1	2	0	80
NA_vRNA	478	977	0	0	1	1	0	96
NA_vRNA	486	716	0	0	1	1	0	111
NA_vRNA	492	871	0	0	1	0	1	3
NA_vRNA	494	690	0	0	1	2	0	3
NA_vRNA	500	975	0	0	1	1	0	105
NA_vRNA	503	1051	0	0	1	42	0	115
NA_vRNA	510	920	0	0	1	3	0	47
NA_vRNA	514	1072	0	0	1	1	0	104
NA_vRNA	514	1076	0	0	1	6	0	94
NA_vRNA	515	1072	0	0	1	5	0	114
NA_vRNA	518	563	0	0	1	1	0	78
NA_vRNA	519	1063	0	0	1	9	0	126
NA_vRNA	523	1085	0	0	1	1	0	4
NA_vRNA	524	920	0	0	1	4	0	139
NA_vRNA	526	955	0	0	1	1	0	11
NA_vRNA	527	1064	0	0	1	2	0	95
NA_vRNA	543	1014	0	0	1	2	0	110
NA_vRNA	545	1079	0	0	1	1	0	68
NA_vRNA	549	1110	0	0	1	19	0	129
NA_vRNA	552	1016	0	0	1	2	0	81
NA_vRNA	563	894	0	0	1	1	0	56
NA_vRNA	563	943	0	0	1	2	0	81
NA_vRNA	563	1039	1	3	1	2	0	76
NA_vRNA	564	1039	0	0	1	13	0	120
NA_vRNA	606	1189	0	0	1	73	0	128
NA_vRNA	610	1140	0	0	1	3	0	4
NA_vRNA	627	745	0	0	1	3	0	88
NA_vRNA	632	745	0	0	1	1	0	5
NA_vRNA	655	997	0	0	1	2	0	47
NA_vRNA	660	1001	0	0	1	1	0	44
NA_vRNA	665	767	0	0	1	3	0	97
NA_vRNA	665	961	0	0	1	5	0	126
NA_vRNA	674	926	0	0	1	1	0	2
NA_vRNA	684	1164	0	0	1	1	0	77
NA_vRNA	717	743	0	0	1	1	0	13
NA_vRNA	732	1073	0	0	1	7	0	76
NA_vRNA	744	1039	1	1	1	0	1	4
NA_vRNA	749	1038	0	0	1	0	1	3
NA_vRNA	764	935	0	0	1	2	0	103
NA_vRNA	767	1281	0	0	1	2	0	84
NA_vRNA	782	1106	0	0	1	1	0	108
NA_vRNA	785	839	0	0	1	1	0	94
NA_vRNA	799	1262	0	0	1	2	0	75
NA_vRNA	803	1115	0	0	1	1	0	6
NA_vRNA	807	1324	0	0	1	7	0	86
NA_vRNA	839	1050	0	0	1	1	0	75
NA_vRNA	846	882	0	0	1	0	1	75
NA_vRNA	848	987	0	0	1	1	0	3
NA_vRNA	860	880	0	0	1	1	0	22
NA_vRNA	864	915	0	0	1	1	0	109
NA_vRNA	867	1132	0	0	1	1	0	14
NA_vRNA	868	1111	0	0	1	1	0	81
NA_vRNA	872	1127	0	0	1	1	0	94
NA_vRNA	874	960	0	0	1	1	0	44
NA_vRNA	876	1036	0	0	1	1	0	79
NA_vRNA	890	904	0	0	1	2	0	7
NA_vRNA	901	1139	0	0	1	1	0	12
NA_vRNA	902	925	0	0	1	1	0	10
NA_vRNA	926	1034	0	0	1	1	0	9
NA_vRNA	928	1008	0	0	1	7	0	129
NA_vRNA	931	1070	0	0	1	1	0	68
NA_vRNA	948	1054	0	0	1	1	0	4
NA_vRNA	958	981	0	0	1	1	0	5
NA_vRNA	1013	1022	0	0	1	2	0	35
NA_vRNA	1093	1174	0	0	1	1	0	60
NA_vRNA	1097	1167	0	0	1	1	0	111
NA_vRNA	1186	1225	0	0	1	1	0	123
NA_vRNA	1186	1256	0	0	1	12	0	54
NA_vRNA	1195	1240	0	0	1	1	0	53
NA_vRNA	1203	1301	0	0	1	1	0	48
NA_vRNA	1307	1324	0	0	1	19	0	48
NP_vRNA	40	1015	0	0	1	1	0	39
NP_vRNA	69	677	0	0	1	2	0	31
NP_vRNA	78	975	0	0	1	1	0	40
NP_vRNA	81	1183	0	0	1	1	0	43
NP_vRNA	84	324	0	0	1	3	0	54
NP_vRNA	139	1127	0	0	1	2	0	34
NP_vRNA	141	740	0	0	1	1	0	51
NP_vRNA	143	1072	0	0	1	1	0	8
NP_vRNA	145	992	0	0	1	1	0	34
NP_vRNA	149	823	0	0	1	1	0	81
NP_vRNA	154	738	0	0	1	3	0	86
NP_vRNA	154	1126	0	0	1	1	0	74
NP_vRNA	160	1034	0	0	1	1	0	4
NP_vRNA	166	1078	0	0	1	1	0	8
NP_vRNA	178	910	0	0	1	1	0	98
NP_vRNA	180	679	0	0	1	1	0	5
NP_vRNA	181	1220	0	0	1	2	0	54
NP_vRNA	182	1114	0	0	1	1	0	18
NP_vRNA	183	1025	0	0	1	1	0	36
NP_vRNA	184	770	2	4	1	1	1	28
NP_vRNA	192	1366	0	0	1	6	0	88
NP_vRNA	193	782	0	0	1	2	0	139
NP_vRNA	193	917	0	0	1	2	0	87
NP_vRNA	195	274	0	0	1	1	0	22
NP_vRNA	195	276	0	0	1	2	0	4
NP_vRNA	203	1413	0	0	1	155	0	143
NP_vRNA	207	1411	0	0	1	1	0	4
NP_vRNA	211	271	2	6	1	5	0	118
NP_vRNA	213	259	0	0	1	3	0	66
NP_vRNA	218	1399	0	0	1	2	0	88
NP_vRNA	221	261	0	0	1	1	0	84
NP_vRNA	225	327	0	0	1	2	0	36
NP_vRNA	225	1424	0	0	1	6	0	112
NP_vRNA	226	1403	0	0	1	3	0	114
NP_vRNA	230	1049	0	0	1	1	0	106
NP_vRNA	232	1114	0	0	1	1	0	124
NP_vRNA	232	1401	0	0	1	8	0	133
NP_vRNA	233	994	0	0	1	1	0	10
NP_vRNA	233	1129	0	0	1	1	0	77
NP_vRNA	249	1394	0	0	1	4	0	123
NP_vRNA	254	1319	1	1	1	1	0	9
NP_vRNA	261	1442	0	0	1	1	0	43
NP_vRNA	262	1430	0	0	1	5	0	123
NP_vRNA	263	1352	0	0	1	4	0	78
NP_vRNA	265	1389	0	0	1	2	0	49
NP_vRNA	268	1282	0	0	1	1	0	86
NP_vRNA	277	882	0	0	1	1	0	3
NP_vRNA	283	1326	0	0	1	1	0	67
NP_vRNA	292	1359	0	0	1	42	0	126
NP_vRNA	326	1221	0	0	1	6	0	53
NP_vRNA	330	814	0	0	1	1	0	54
NP_vRNA	331	1367	0	0	1	2	0	57
NP_vRNA	337	1315	0	0	1	2	0	76
NP_vRNA	339	1011	0	0	1	1	0	5
NP_vRNA	341	910	0	0	1	5	0	69
NP_vRNA	344	546	0	0	1	1	0	56
NP_vRNA	344	641	0	0	1	1	0	83
NP_vRNA	345	369	0	0	1	1	0	72
NP_vRNA	345	883	0	0	1	1	0	70
NP_vRNA	346	902	0	0	1	5	0	124
NP_vRNA	346	1309	0	0	1	2	0	5
NP_vRNA	347	534	0	0	1	1	0	24
NP_vRNA	349	1214	0	0	1	1	0	79
NP_vRNA	352	1040	0	0	1	3	0	131
NP_vRNA	359	1224	0	0	1	2	0	73
NP_vRNA	371	637	0	0	1	1	0	47
NP_vRNA	372	1221	0	0	1	1	0	95
NP_vRNA	379	643	0	0	1	0	1	9
NP_vRNA	379	719	0	0	1	0	1	9
NP_vRNA	379	721	0	0	1	3	0	70
NP_vRNA	379	882	0	0	1	1	0	29
NP_vRNA	380	724	0	0	1	5	0	82
NP_vRNA	381	1107	0	0	1	1	0	47
NP_vRNA	395	705	0	0	1	2	0	76
NP_vRNA	402	530	0	0	1	1	0	114
NP_vRNA	404	896	0	0	1	1	0	116
NP_vRNA	406	804	0	0	1	1	1	6
NP_vRNA	406	1142	0	0	1	1	0	6
NP_vRNA	406	1216	0	0	1	3	0	91
NP_vRNA	411	679	2	6	1	1	0	5
NP_vRNA	414	1203	0	0	1	2	0	39
NP_vRNA	420	1091	0	0	1	1	0	3
NP_vRNA	421	1124	0	0	1	1	0	65
NP_vRNA	424	1089	0	0	1	17	0	123
NP_vRNA	426	1196	0	0	1	12	0	109
NP_vRNA	430	1151	0	0	1	2	0	87
NP_vRNA	437	767	0	0	1	1	0	20
NP_vRNA	441	983	0	0	1	1	0	22
NP_vRNA	444	473	0	0	1	1	0	64
NP_vRNA	459	479	0	0	1	2	0	42
NP_vRNA	504	1139	0	0	1	1	0	6
NP_vRNA	506	1023	0	0	1	3	0	103
NP_vRNA	514	1021	0	0	1	1	0	4
NP_vRNA	517	1142	0	0	1	11	0	133
NP_vRNA	519	674	0	0	1	1	0	7
NP_vRNA	522	849	0	0	1	1	0	86
NP_vRNA	532	832	0	0	1	1	0	9
NP_vRNA	537	685	0	0	1	1	0	8
NP_vRNA	571	595	0	0	1	1	0	57
NP_vRNA	584	595	0	0	1	5	0	96
NP_vRNA	589	957	0	0	1	1	0	109
NP_vRNA	606	699	0	0	1	2	0	9
NP_vRNA	618	637	0	0	1	5	0	92
NP_vRNA	645	794	0	0	1	1	0	56
NP_vRNA	679	805	0	0	1	2	0	29
NP_vRNA	680	809	0	0	1	1	0	71
NP_vRNA	680	889	0	0	1	1	0	49
NP_vRNA	692	1045	0	0	1	1	0	44
NP_vRNA	716	760	0	0	1	1	0	3
NP_vRNA	724	789	0	0	1	1	0	4
NP_vRNA	724	791	0	0	1	1	0	91
NP_vRNA	724	793	0	0	1	1	0	60
NP_vRNA	727	777	0	0	1	2	0	6
NP_vRNA	727	879	0	0	1	1	0	89
NP_vRNA	729	1369	0	0	1	1	0	8
NP_vRNA	748	938	0	0	1	2	0	111
NP_vRNA	773	851	0	0	1	1	0	95
NP_vRNA	778	875	0	0	1	1	0	131
NP_vRNA	786	884	0	0	1	1	0	25
NP_vRNA	786	911	0	0	1	1	0	106
NP_vRNA	792	1304	0	0	1	2	0	47
NP_vRNA	795	1332	0	0	1	1	0	100
NP_vRNA	798	895	0	0	1	2	0	68
NP_vRNA	805	922	0	0	1	4	0	60
NP_vRNA	810	1087	0	0	1	1	0	27
NP_vRNA	811	858	0	0	1	1	0	13
NP_vRNA	813	971	0	0	1	3	0	51
NP_vRNA	815	961	0	0	1	1	0	87
NP_vRNA	855	1137	0	0	1	1	0	82
NP_vRNA	866	877	0	0	1	2	0	6
NP_vRNA	883	1204	0	0	1	1	0	60
NP_vRNA	884	1040	0	0	1	1	0	45
NP_vRNA	887	1171	0	0	1	2	0	67
NP_vRNA	888	1198	0	0	1	1	0	39
NP_vRNA	894	1204	0	0	1	5	0	100
NP_vRNA	897	954	0	0	1	1	0	95
NP_vRNA	899	992	0	0	1	1	0	129
NP_vRNA	900	938	0	0	1	3	0	65
NP_vRNA	911	1044	0	0	1	1	0	5
NP_vRNA	915	1043	0	0	1	1	0	75
NP_vRNA	916	943	0	0	1	1	0	52
NP_vRNA	917	1115	0	0	1	1	0	10
NP_vRNA	918	936	0	0	1	3	0	66
NP_vRNA	922	933	0	0	1	1	0	55
NP_vRNA	922	942	0	0	1	6	0	101
NP_vRNA	925	949	0	0	1	1	0	45
NP_vRNA	926	1212	0	0	1	2	0	23
NP_vRNA	932	973	0	0	1	1	0	23
NP_vRNA	939	1065	0	0	1	1	0	68
NP_vRNA	940	987	0	0	1	1	0	6
NP_vRNA	952	1035	0	0	1	1	0	127
NP_vRNA	952	1220	0	0	1	0	1	39
NP_vRNA	954	969	0	0	1	1	0	58
NP_vRNA	955	983	0	0	1	1	0	108
NP_vRNA	957	1087	0	0	1	1	0	3
NP_vRNA	958	1148	0	0	1	1	0	87
NP_vRNA	963	974	0	0	1	1	0	1
NP_vRNA	979	1086	0	0	1	1	1	3
NP_vRNA	982	1045	0	0	1	1	0	109
NP_vRNA	983	1032	2	2	1	2	0	16
NP_vRNA	985	1034	0	0	1	2	0	3
NP_vRNA	988	1155	0	0	1	1	0	3
NP_vRNA	991	1030	0	0	1	1	0	3
NP_vRNA	1003	1333	0	0	1	1	0	101
NP_vRNA	1024	1054	0	0	1	1	0	52
NP_vRNA	1102	1158	0	0	1	2	0	108
NP_vRNA	1110	1166	0	0	1	1	0	72
NP_vRNA	1170	1193	0	0	1	1	0	40
NP_vRNA	1177	1295	0	0	1	1	0	6
NP_vRNA	1209	1229	0	0	1	3	0	76
NP_vRNA	1210	1302	0	0	1	1	0	115
NP_vRNA	1227	1332	0	0	1	1	0	65
NS_vRNA	124	631	0	0	1	1	0	118
NS_vRNA	145	235	0	0	1	2	0	88
NS_vRNA	155	175	0	0	1	1	0	93
NS_vRNA	170	543	0	0	1	2	0	77
NS_vRNA	173	199	0	0	1	1	0	51
NS_vRNA	189	616	0	0	1	6	0	121
NS_vRNA	190	716	0	0	1	2	0	73
NS_vRNA	192	232	0	0	1	3	0	80
NS_vRNA	196	528	0	0	1	1	0	58
NS_vRNA	197	237	0	0	1	1	0	110
NS_vRNA	223	688	0	0	1	1	0	3
NS_vRNA	237	442	0	0	1	2	0	113
NS_vRNA	242	530	0	0	1	1	0	19
NS_vRNA	243	513	0	0	1	1	0	19
NS_vRNA	243	718	0	0	1	2	0	97
NS_vRNA	247	495	0	0	1	1	0	3
NS_vRNA	247	631	0	0	1	1	0	53
NS_vRNA	254	338	0	0	1	2	0	5
NS_vRNA	259	443	0	0	1	2	0	78
NS_vRNA	276	582	0	0	1	1	0	53
NS_vRNA	277	438	0	0	1	2	0	74
NS_vRNA	294	319	0	0	1	3	0	7
NS_vRNA	301	535	0	0	1	1	0	3
NS_vRNA	308	644	0	0	1	1	0	43
NS_vRNA	309	418	0	0	1	3	0	81
NS_vRNA	310	512	0	0	1	5	0	85
NS_vRNA	311	781	0	0	1	1	0	3
NS_vRNA	319	608	0	0	1	1	0	53
NS_vRNA	324	482	0	0	1	1	0	22
NS_vRNA	347	848	0	0	1	1	0	22
NS_vRNA	348	573	0	0	1	1	0	128
NS_vRNA	350	404	0	0	1	1	0	9
NS_vRNA	352	408	0	0	1	3	0	57
NS_vRNA	366	530	0	0	1	2	0	6
NS_vRNA	393	471	0	0	1	1	0	7
NS_vRNA	398	536	0	0	1	1	0	57
NS_vRNA	422	446	0	0	1	1	0	3
NS_vRNA	452	458	0	0	1	1	0	22
NS_vRNA	478	546	0	0	1	2	0	68
NS_vRNA	479	521	0	0	1	1	0	7
NS_vRNA	482	575	0	0	1	1	0	4
NS_vRNA	500	780	0	0	1	1	0	3
NS_vRNA	504	556	0	0	1	1	0	5
NS_vRNA	505	530	0	0	1	2	0	51
NS_vRNA	542	622	0	0	1	1	0	11
NS_vRNA	554	566	0	0	1	2	0	23
NS_vRNA	557	625	0	0	1	1	0	117
NS_vRNA	558	630	0	0	1	3	0	104
NS_vRNA	581	643	0	0	1	1	0	87
NS_vRNA	612	647	1	1	1	1	0	127
NS_vRNA	654	679	0	0	1	1	0	25
NS_vRNA	700	730	0	0	1	7	0	76
NS_vRNA	703	733	0	0	1	2	0	120
NS_vRNA	706	729	0	0	1	1	0	21
NS_vRNA	715	726	0	0	1	1	0	96
NS_vRNA	761	803	0	0	1	3	0	58
NS_vRNA	806	825	0	0	1	1	0	6
NS_vRNA	823	840	0	0	1	1	0	30
NS_vRNA	855	869	0	0	1	1	0	22
PA_vRNA	44	1931	0	0	1	1	0	26
PA_vRNA	54	145	0	0	1	0	8	8
PA_vRNA	57	328	0	0	1	1	1	7
PA_vRNA	61	2000	0	0	1	3	0	43
PA_vRNA	62	1006	0	0	1	0	1	3
PA_vRNA	66	1965	0	0	1	2	0	53
PA_vRNA	69	142	0	0	1	4	1	9
PA_vRNA	69	424	0	0	1	0	2	12
PA_vRNA	73	602	2	6	1	16	0	3
PA_vRNA	76	1958	0	0	1	1	0	44
PA_vRNA	78	252	0	0	1	1	0	5
PA_vRNA	78	1782	0	0	1	1	0	46
PA_vRNA	84	237	0	0	1	4	0	5
PA_vRNA	95	176	0	0	1	2	2	7
PA_vRNA	98	164	0	0	1	11	4	70
PA_vRNA	102	216	0	0	1	1	0	18
PA_vRNA	106	126	0	0	1	3	1	45
PA_vRNA	107	2066	0	0	1	15	0	79
PA_vRNA	109	176	0	0	1	4	0	72
PA_vRNA	111	169	0	0	1	9	0	9
PA_vRNA	113	2057	0	0	1	5	0	50
PA_vRNA	114	175	0	0	1	1	1	3
PA_vRNA	115	175	0	0	1	14	0	100
PA_vRNA	115	181	0	0	1	1	1	4
PA_vRNA	117	1920	0	0	1	0	3	5
PA_vRNA	118	2021	0	0	1	5	0	84
PA_vRNA	120	340	0	0	1	2	0	12
PA_vRNA	123	167	0	0	1	1	0	7
PA_vRNA	137	2011	0	0	1	0	4	4
PA_vRNA	138	326	0	0	1	1	0	5
PA_vRNA	140	1656	0	0	1	3	0	96
PA_vRNA	143	1336	0	0	1	3	0	32
PA_vRNA	144	1014	0	0	1	1	0	30
PA_vRNA	146	464	0	0	1	5	0	73
PA_vRNA	147	646	0	0	1	1	0	72
PA_vRNA	150	1041	0	0	1	1	0	94
PA_vRNA	150	1995	0	0	1	2	0	74
PA_vRNA	151	1023	0	0	1	1	0	90
PA_vRNA	153	570	0	0	1	0	1	7
PA_vRNA	158	323	0	0	1	1	0	43
PA_vRNA	161	192	0	0	1	1	0	5
PA_vRNA	161	1310	0	0	1	1	0	27
PA_vRNA	162	2040	0	0	1	1	0	5
PA_vRNA	163	1856	0	0	1	2	0	86
PA_vRNA	165	525	0	0	1	1	0	10
PA_vRNA	167	192	0	0	1	1	0	3
PA_vRNA	172	2128	0	0	1	2	0	69
PA_vRNA	173	2073	0	0	1	1	0	39
PA_vRNA	175	2113	0	0	1	53	0	121
PA_vRNA	178	2120	0	0	1	2	0	67
PA_vRNA	180	2024	0	0	1	1	0	75
PA_vRNA	181	2006	0	0	1	8	0	120
PA_vRNA	186	1950	0	0	1	1	0	29
PA_vRNA	192	513	0	0	1	2	1	9
PA_vRNA	194	1999	0	0	1	2	0	122
PA_vRNA	195	1953	0	0	1	3	0	46
PA_vRNA	195	2138	0	0	1	11	0	89
PA_vRNA	195	2145	0	0	1	1	0	52
PA_vRNA	196	1936	0	0	1	12	0	58
PA_vRNA	197	1984	0	0	1	262	0	141
PA_vRNA	198	378	0	0	1	1	0	6
PA_vRNA	206	1831	0	0	1	1	0	59
PA_vRNA	207	2103	0	0	1	9	0	84
PA_vRNA	209	257	0	0	1	2	0	5
PA_vRNA	209	2055	0	0	1	1	0	5
PA_vRNA	210	2001	0	0	1	15	0	131
PA_vRNA	210	2053	0	0	1	3	0	106
PA_vRNA	212	314	0	0	1	1	0	43
PA_vRNA	213	256	0	0	1	2	1	85
PA_vRNA	213	2023	0	0	1	16	0	131
PA_vRNA	214	2105	0	0	1	1	0	70
PA_vRNA	215	1207	0	0	1	1	0	68
PA_vRNA	222	2090	0	0	1	1	0	1
PA_vRNA	222	2111	0	0	1	2	0	112
PA_vRNA	223	2089	0	0	1	5	0	53
PA_vRNA	224	1985	0	0	1	0	2	4
PA_vRNA	224	2030	0	0	1	1	0	5
PA_vRNA	224	2139	0	0	1	3	0	95
PA_vRNA	225	695	0	0	1	642	4	61
PA_vRNA	225	1986	0	0	1	7	0	101
PA_vRNA	225	2054	0	0	1	1	0	4
PA_vRNA	225	2096	0	0	1	1	0	5
PA_vRNA	225	2113	0	0	1	228	0	121
PA_vRNA	225	2117	0	0	1	1	0	108
PA_vRNA	225	2133	0	0	1	9	0	94
PA_vRNA	226	1999	0	0	1	0	1	4
PA_vRNA	227	2106	0	0	1	1	0	3
PA_vRNA	229	2020	0	0	1	2	0	40
PA_vRNA	230	2062	0	0	1	47	0	135
PA_vRNA	230	2082	0	0	1	2	0	57
PA_vRNA	233	2105	0	0	1	2	0	7
PA_vRNA	234	2034	0	0	1	218	0	128
PA_vRNA	234	2082	0	0	1	54	0	131
PA_vRNA	235	1914	0	0	1	2	0	72
PA_vRNA	235	2087	0	0	1	3	16	86
PA_vRNA	236	2032	0	0	1	6	0	92
PA_vRNA	236	2050	0	0	1	1	0	63
PA_vRNA	236	2079	0	0	1	6	0	7
PA_vRNA	236	2088	0	0	1	7	0	97
PA_vRNA	236	2090	0	0	1	6	0	102
PA_vRNA	237	2068	0	0	1	1	0	92
PA_vRNA	237	2090	0	0	1	12	0	63
PA_vRNA	237	2107	0	0	1	2	0	2
PA_vRNA	238	1998	0	0	1	3	57	9
PA_vRNA	238	2016	0	0	1	43	0	134
PA_vRNA	238	2050	0	0	1	2	0	39
PA_vRNA	238	2060	0	0	1	6	0	76
PA_vRNA	238	2090	0	0	1	11911	87	144
PA_vRNA	239	1916	0	0	1	1	0	3
PA_vRNA	239	1972	0	0	1	15	0	128
PA_vRNA	239	2011	0	0	1	1	1	3
PA_vRNA	240	2092	0	0	1	4	0	59
PA_vRNA	241	2065	0	0	1	4	0	95
PA_vRNA	241	2101	2	4	1	4	2	5
PA_vRNA	242	779	0	0	1	1	0	81
PA_vRNA	242	1987	0	0	1	10	0	122
PA_vRNA	242	2088	0	0	1	1	0	2
PA_vRNA	242	2094	0	0	1	0	3	46
PA_vRNA	243	324	0	0	1	2	0	84
PA_vRNA	243	1789	0	0	1	1	0	109
PA_vRNA	243	1998	0	0	1	5123	15	147
PA_vRNA	243	2000	0	0	1	3	0	118
PA_vRNA	243	2067	0	0	1	569	1	143
PA_vRNA	244	1999	0	0	1	9	0	75
PA_vRNA	244	2000	0	0	1	4	0	70
PA_vRNA	245	2069	0	0	1	3	0	97
PA_vRNA	245	2096	0	0	1	82	0	131
PA_vRNA	246	1965	0	0	1	1	0	6
PA_vRNA	246	2063	0	0	1	112	0	128
PA_vRNA	247	1983	0	0	1	2	0	96
PA_vRNA	247	2113	0	0	1	1	0	3
PA_vRNA	248	1791	0	0	1	737	3	145
PA_vRNA	248	2036	0	0	1	1	0	80
PA_vRNA	249	2090	0	0	1	1	0	7
PA_vRNA	250	1793	2	6	1	1	0	25
PA_vRNA	250	2062	0	0	1	7	0	1
PA_vRNA	252	2005	0	0	1	2	0	2
PA_vRNA	252	2091	0	0	1	1	0	1
PA_vRNA	252	2143	0	0	1	14	0	84
PA_vRNA	253	1988	0	0	1	4	0	5
PA_vRNA	253	1999	0	0	1	3	0	3
PA_vRNA	253	2034	0	0	1	1	0	1
PA_vRNA	253	2060	0	0	1	5	0	109
PA_vRNA	253	2061	0	0	1	21	8	18
PA_vRNA	253	2073	0	0	1	2	0	4
PA_vRNA	254	1989	0	0	1	3	0	42
PA_vRNA	254	2046	0	0	1	1	0	3
PA_vRNA	254	2061	0	0	1	4201	5	139
PA_vRNA	255	2062	0	0	1	9	0	130
PA_vRNA	256	2061	0	0	1	7	0	2
PA_vRNA	257	2015	0	0	1	174	0	146
PA_vRNA	257	2032	0	0	1	2	0	1
PA_vRNA	258	1940	0	0	1	450	0	147
PA_vRNA	258	1942	0	0	1	1	1	44
PA_vRNA	258	1978	0	0	1	0	1	4
PA_vRNA	258	2050	0	0	1	28	0	114
PA_vRNA	259	2053	0	0	1	1	0	52
PA_vRNA	261	301	0	0	1	1	1	6
PA_vRNA	261	2053	0	0	1	1	0	36
PA_vRNA	262	2001	0	0	1	2	0	3
PA_vRNA	262	2030	0	0	1	9	0	111
PA_vRNA	262	2063	0	0	1	1	0	2
PA_vRNA	263	2038	0	0	1	3	0	1
PA_vRNA	263	2057	0	0	1	1	0	6
PA_vRNA	264	2023	0	0	1	607	1	145
PA_vRNA	264	2026	0	0	1	2	0	2
PA_vRNA	265	2034	0	0	1	11	0	105
PA_vRNA	266	291	0	0	1	1	0	1
PA_vRNA	266	1874	0	0	1	1	0	3
PA_vRNA	266	1996	0	0	1	2	1	4
PA_vRNA	266	2029	0	0	1	3	0	3
PA_vRNA	266	2049	0	0	1	1	0	7
PA_vRNA	266	2052	0	0	1	1	0	50
PA_vRNA	267	314	0	0	1	1	0	63
PA_vRNA	267	2024	0	0	1	2	0	3
PA_vRNA	267	2051	0	0	1	38	0	145
PA_vRNA	268	1976	0	0	1	0	23	7
PA_vRNA	268	2037	0	0	1	4	0	91
PA_vRNA	268	2052	0	0	1	86	23	7
PA_vRNA	269	2002	0	0	1	4	0	1
PA_vRNA	269	2026	0	0	1	1	0	7
PA_vRNA	270	2064	0	0	1	2	0	5
PA_vRNA	271	1989	0	0	1	1	0	7
PA_vRNA	271	2037	0	0	1	1	0	3
PA_vRNA	271	2088	0	0	1	1	0	6
PA_vRNA	273	2041	0	0	1	183	2	6
PA_vRNA	274	1423	0	0	1	1	0	124
PA_vRNA	274	2045	0	0	1	47	0	6
PA_vRNA	277	1930	0	0	1	5	0	85
PA_vRNA	277	2021	0	0	1	44	0	128
PA_vRNA	277	2048	0	0	1	2	0	99
PA_vRNA	277	2089	0	0	1	6	0	73
PA_vRNA	279	1995	0	0	1	2	0	1
PA_vRNA	281	1997	0	0	1	1	0	4
PA_vRNA	282	1987	0	0	1	2	0	56
PA_vRNA	282	2094	0	0	1	1	0	3
PA_vRNA	282	2099	0	0	1	11	0	100
PA_vRNA	283	1980	0	0	1	2	0	9
PA_vRNA	283	2050	0	0	1	75	0	131
PA_vRNA	283	2088	0	0	1	8	0	107
PA_vRNA	284	2024	0	0	1	20	0	123
PA_vRNA	284	2027	0	0	1	3	1	100
PA_vRNA	284	2071	0	0	1	1	0	3
PA_vRNA	285	1937	0	0	1	0	3	3
PA_vRNA	285	1976	0	0	1	17	3	134
PA_vRNA	285	1985	0	0	1	1	0	4
PA_vRNA	285	2027	0	0	1	1770	5	146
PA_vRNA	285	2028	0	0	1	1	1	61
PA_vRNA	286	386	0	0	1	5	0	96
PA_vRNA	286	1952	0	0	1	222	0	146
PA_vRNA	286	1961	0	0	1	1	0	14
PA_vRNA	286	2051	0	0	1	10	0	95
PA_vRNA	287	1953	0	0	1	1	0	3
PA_vRNA	287	2042	0	0	1	1	0	6
PA_vRNA	288	1963	0	0	1	288	0	141
PA_vRNA	289	355	0	0	1	17	10	7
PA_vRNA	289	2028	0	0	1	22	7	9
PA_vRNA	289	2049	0	0	1	1	3	2
PA_vRNA	290	2047	0	0	1	1	0	74
PA_vRNA	290	2048	0	0	1	6	0	113
PA_vRNA	291	355	0	0	1	4	5	114
PA_vRNA	291	2030	0	0	1	1	1	3
PA_vRNA	291	2050	0	0	1	2	0	61
PA_vRNA	292	355	0	0	1	842	10	125
PA_vRNA	292	1933	0	0	1	1	0	6
PA_vRNA	292	2025	0	0	1	1	0	100
PA_vRNA	292	2049	0	0	1	2352	5	143
PA_vRNA	292	2063	0	0	1	9	0	148
PA_vRNA	292	2116	0	0	1	1	0	4
PA_vRNA	293	356	0	0	1	2	0	99
PA_vRNA	293	1998	0	0	1	2	1	102
PA_vRNA	293	2040	0	0	1	1	0	1
PA_vRNA	293	2053	0	0	1	2	0	3
PA_vRNA	294	357	0	0	1	1	0	5
PA_vRNA	294	1892	0	0	1	1	0	4
PA_vRNA	294	1929	0	0	1	1	0	56
PA_vRNA	294	1982	0	0	1	24	0	120
PA_vRNA	294	1997	0	0	1	1100	1	148
PA_vRNA	294	2048	0	0	1	43	0	122
PA_vRNA	294	2073	0	0	1	11	0	106
PA_vRNA	295	367	0	0	1	0	1	6
PA_vRNA	295	1998	0	0	1	2	1	30
PA_vRNA	295	2001	0	0	1	1	0	2
PA_vRNA	295	2012	0	0	1	1	1	4
PA_vRNA	295	2051	0	0	1	4	0	128
PA_vRNA	296	1997	0	0	1	1	0	1
PA_vRNA	296	2006	0	0	1	3	0	4
PA_vRNA	296	2050	0	0	1	2	0	51
PA_vRNA	296	2055	0	0	1	0	1	7
PA_vRNA	296	2063	0	0	1	1	0	4
PA_vRNA	297	333	0	0	1	5	0	83
PA_vRNA	297	655	0	0	1	1	0	8
PA_vRNA	297	1983	0	0	1	2	0	3
PA_vRNA	297	2031	0	0	1	2	0	1
PA_vRNA	297	2051	0	0	1	3	0	2
PA_vRNA	298	2037	0	0	1	695	0	139
PA_vRNA	298	2044	0	0	1	3	0	4
PA_vRNA	298	2104	0	0	1	26	0	123
PA_vRNA	299	1963	0	0	1	1	4	40
PA_vRNA	299	1983	0	0	1	1	0	1
PA_vRNA	299	1985	0	0	1	537	2	142
PA_vRNA	299	2038	0	0	1	2	0	79
PA_vRNA	300	363	0	0	1	2	0	31
PA_vRNA	302	426	0	0	1	2	0	3
PA_vRNA	302	1961	0	0	1	1	0	4
PA_vRNA	302	2003	0	0	1	1	0	6
PA_vRNA	303	2005	0	0	1	1	0	1
PA_vRNA	303	2043	0	0	1	296	0	145
PA_vRNA	303	2117	0	0	1	1	0	16
PA_vRNA	304	1986	0	0	1	4	0	1
PA_vRNA	304	1989	0	0	1	1	0	62
PA_vRNA	304	2016	0	0	1	2	0	71
PA_vRNA	305	429	2	2	1	30	10	47
PA_vRNA	305	2033	2	2	1	0	2	4
PA_vRNA	305	2115	0	0	1	2	0	1
PA_vRNA	305	2119	0	0	1	801	0	115
PA_vRNA	307	1993	0	0	1	3	1	40
PA_vRNA	307	1996	0	0	1	8	0	119
PA_vRNA	307	2063	0	0	1	26	0	114
PA_vRNA	308	1875	0	0	1	0	1	3
PA_vRNA	308	1993	0	0	1	5491	22	150
PA_vRNA	308	2051	0	0	1	0	1	3
PA_vRNA	309	433	0	0	1	1662	3	45
PA_vRNA	309	1995	0	0	1	9	12	126
PA_vRNA	309	1996	0	0	1	17	0	96
PA_vRNA	309	2021	0	0	1	1	0	6
PA_vRNA	309	2026	0	0	1	1	0	6
PA_vRNA	310	323	0	0	1	2	0	41
PA_vRNA	310	326	0	0	1	2	1	101
PA_vRNA	310	1995	0	0	1	15	0	94
PA_vRNA	310	2028	0	0	1	1	0	4
PA_vRNA	311	2118	0	0	1	1	0	5
PA_vRNA	312	1394	0	0	1	1	0	122
PA_vRNA	312	2028	0	0	1	2	7	8
PA_vRNA	313	1962	0	0	1	8	0	127
PA_vRNA	313	2127	0	0	1	42	0	107
PA_vRNA	314	1947	0	0	1	1	0	4
PA_vRNA	314	2027	0	0	1	1	0	3
PA_vRNA	316	328	0	0	1	9	0	128
PA_vRNA	316	2081	0	0	1	1	0	99
PA_vRNA	318	1991	0	0	1	5	0	1
PA_vRNA	319	1996	0	0	1	3	0	2
PA_vRNA	319	2026	2	2	1	1	0	1
PA_vRNA	319	2027	0	0	1	3	0	36
PA_vRNA	319	2033	2	2	1	1	0	80
PA_vRNA	319	2123	0	0	1	60	0	106
PA_vRNA	320	2035	0	0	1	1	0	3
PA_vRNA	321	329	0	0	1	6	1	5
PA_vRNA	321	1973	0	0	1	0	1	3
PA_vRNA	321	1976	0	0	1	0	1	3
PA_vRNA	321	1996	0	0	1	1	0	81
PA_vRNA	321	1998	0	0	1	2	9	5
PA_vRNA	321	2027	0	0	1	105	1	140
PA_vRNA	321	2120	0	0	1	0	1	3
PA_vRNA	322	396	0	0	1	1	0	29
PA_vRNA	322	2030	0	0	1	30	0	132
PA_vRNA	325	332	0	0	1	105	0	68
PA_vRNA	328	2008	0	0	1	2	0	67
PA_vRNA	329	648	0	0	1	10	0	141
PA_vRNA	329	2010	0	0	1	4	0	57
PA_vRNA	329	2011	0	0	1	3	1	24
PA_vRNA	330	1978	0	0	1	1	0	5
PA_vRNA	330	2021	0	0	1	2	0	1
PA_vRNA	331	2011	0	0	1	1030	7	149
PA_vRNA	332	1873	0	0	1	2	0	76
PA_vRNA	332	2084	0	0	1	14	0	116
PA_vRNA	334	1893	0	0	1	2	0	30
PA_vRNA	334	1906	0	0	1	2	0	18
PA_vRNA	334	2044	0	0	1	1	0	3
PA_vRNA	335	1784	0	0	1	0	4	5
PA_vRNA	335	1840	0	0	1	154	0	140
PA_vRNA	335	1904	0	0	1	67	4	134
PA_vRNA	335	1956	0	0	1	1	1	5
PA_vRNA	335	1960	0	0	1	3	0	77
PA_vRNA	335	2018	0	0	1	2	0	5
PA_vRNA	335	2019	0	0	1	1	0	4
PA_vRNA	336	1766	0	0	1	0	1	3
PA_vRNA	336	1891	0	0	1	1	0	3
PA_vRNA	336	1894	0	0	1	117	1	138
PA_vRNA	336	2056	0	0	1	0	1	3
PA_vRNA	347	1964	0	0	1	10	0	130
PA_vRNA	347	1965	0	0	1	5	0	88
PA_vRNA	349	1934	0	0	1	7	0	80
PA_vRNA	349	2045	0	0	1	1	0	5
PA_vRNA	351	1986	0	0	1	25	0	115
PA_vRNA	352	377	1	3	1	0	1	3
PA_vRNA	353	2027	0	0	1	2	0	1
PA_vRNA	354	2027	0	0	1	6	1	3
PA_vRNA	355	1948	0	0	1	6	0	104
PA_vRNA	355	2005	0	0	1	1	0	3
PA_vRNA	355	2026	1	5	1	2	0	1
PA_vRNA	356	1860	0	0	1	4	1	67
PA_vRNA	357	1952	0	0	1	1	0	3
PA_vRNA	357	2018	0	0	1	1	0	3
PA_vRNA	357	2044	0	0	1	1	0	3
PA_vRNA	358	2011	0	0	1	1	0	1
PA_vRNA	360	1093	0	0	1	1	0	109
PA_vRNA	360	1989	0	0	1	3	0	65
PA_vRNA	361	1926	2	4	1	9	0	140
PA_vRNA	361	2024	0	0	1	2285	7	145
PA_vRNA	362	1927	0	0	1	2	0	5
PA_vRNA	362	1995	0	0	1	0	1	3
PA_vRNA	363	1936	0	0	1	1	0	3
PA_vRNA	363	1963	0	0	1	78	4	142
PA_vRNA	363	1969	0	0	1	10	0	99
PA_vRNA	366	2010	0	0	1	1	0	6
PA_vRNA	367	1901	0	0	1	2	0	45
PA_vRNA	370	2074	0	0	1	1	0	15
PA_vRNA	371	1879	0	0	1	12	0	102
PA_vRNA	371	1980	0	0	1	1	0	6
PA_vRNA	371	2073	0	0	1	1	0	85
PA_vRNA	372	1833	0	0	1	1	0	3
PA_vRNA	373	1979	0	0	1	3	0	43
PA_vRNA	376	2032	0	0	1	1	0	43
PA_vRNA	377	1863	0	0	1	3	0	96
PA_vRNA	378	2011	0	0	1	1	0	47
PA_vRNA	380	1860	0	0	1	0	1	5
PA_vRNA	380	1942	2	2	1	4	0	111
PA_vRNA	380	1953	0	0	1	1	0	91
PA_vRNA	384	1955	0	0	1	1	0	12
PA_vRNA	385	620	0	0	1	0	1	4
PA_vRNA	385	2006	0	0	1	0	1	4
PA_vRNA	387	1818	2	6	1	1	0	3
PA_vRNA	387	1958	0	0	1	161	2	143
PA_vRNA	387	2027	0	0	1	14	0	104
PA_vRNA	388	1147	0	0	1	1	0	30
PA_vRNA	389	1904	0	0	1	1	0	67
PA_vRNA	390	719	0	0	1	2	0	12
PA_vRNA	390	1330	0	0	1	1	0	103
PA_vRNA	390	1564	0	0	1	1	0	73
PA_vRNA	390	1841	0	0	1	2	0	104
PA_vRNA	390	1904	0	0	1	1	0	3
PA_vRNA	391	1941	0	0	1	14	0	126
PA_vRNA	391	1955	0	0	1	4	0	48
PA_vRNA	392	1952	0	0	1	4	0	103
PA_vRNA	392	1965	0	0	1	10	0	112
PA_vRNA	394	1149	0	0	1	1	0	7
PA_vRNA	394	1827	0	0	1	1	12	12
PA_vRNA	395	1946	0	0	1	8	0	99
PA_vRNA	397	729	0	0	1	2	0	3
PA_vRNA	398	1894	0	0	1	2	0	103
PA_vRNA	399	1713	0	0	1	2	0	9
PA_vRNA	399	2044	0	0	1	1	0	41
PA_vRNA	401	1789	0	0	1	1	0	69
PA_vRNA	402	477	0	0	1	1	0	5
PA_vRNA	402	2137	0	0	1	1	0	72
PA_vRNA	403	1158	0	0	1	1	1	84
PA_vRNA	403	1332	0	0	1	0	1	3
PA_vRNA	403	1655	0	0	1	1	0	4
PA_vRNA	403	2139	0	0	1	2	0	83
PA_vRNA	404	1844	0	0	1	2	0	9
PA_vRNA	405	1842	0	0	1	1	1	25
PA_vRNA	405	1874	0	0	1	0	1	3
PA_vRNA	407	1916	0	0	1	1	0	8
PA_vRNA	408	1817	0	0	1	1	0	3
PA_vRNA	408	1857	0	0	1	3	0	65
PA_vRNA	408	1869	0	0	1	2	0	78
PA_vRNA	409	1956	0	0	1	2	0	80
PA_vRNA	410	1776	0	0	1	1	0	51
PA_vRNA	411	1651	0	0	1	8	0	102
PA_vRNA	411	1954	0	0	1	14	0	81
PA_vRNA	415	1979	0	0	1	59	0	111
PA_vRNA	416	1888	0	0	1	4	0	98
PA_vRNA	417	460	0	0	1	1	0	8
PA_vRNA	417	1840	0	0	1	1	0	2
PA_vRNA	420	923	0	0	1	3	0	9
PA_vRNA	420	1769	0	0	1	1	0	77
PA_vRNA	421	1712	0	0	1	1	0	111
PA_vRNA	423	1824	0	0	1	14	13	88
PA_vRNA	424	1885	0	0	1	1	0	96
PA_vRNA	425	1822	0	0	1	13	0	119
PA_vRNA	425	1825	0	0	1	12	1	73
PA_vRNA	425	1879	0	0	1	0	1	9
PA_vRNA	426	479	0	0	1	1	0	3
PA_vRNA	426	1645	0	0	1	1	0	85
PA_vRNA	426	1824	0	0	1	12	0	70
PA_vRNA	426	1842	0	0	1	4	0	4
PA_vRNA	427	1825	0	0	1	3	1	29
PA_vRNA	427	1845	0	0	1	2	0	1
PA_vRNA	427	2046	0	0	1	1	0	4
PA_vRNA	428	1161	0	0	1	1	0	104
PA_vRNA	428	1825	0	0	1	18634	68	149
PA_vRNA	428	1826	0	0	1	28	2	4
PA_vRNA	428	1827	0	0	1	6	0	97
PA_vRNA	428	1921	0	0	1	2	1	6
PA_vRNA	428	1953	0	0	1	3	0	4
PA_vRNA	429	1826	0	0	1	9	0	114
PA_vRNA	429	1893	0	0	1	1	0	5
PA_vRNA	430	1985	0	0	1	1	0	3
PA_vRNA	431	1991	2	4	1	8	0	34
PA_vRNA	432	1972	0	0	1	1	0	3
PA_vRNA	433	1869	0	0	1	63	0	126
PA_vRNA	434	504	0	0	1	1	0	120
PA_vRNA	434	1838	0	0	1	9	2	8
PA_vRNA	434	1840	0	0	1	28	0	117
PA_vRNA	434	1914	0	0	1	8	0	124
PA_vRNA	435	1903	0	0	1	141	1	131
PA_vRNA	435	1962	0	0	1	66	0	117
PA_vRNA	437	1789	0	0	1	20	1	127
PA_vRNA	437	1879	0	0	1	1	0	3
PA_vRNA	439	1978	2	6	1	5	0	111
PA_vRNA	441	1819	0	0	1	0	1	3
PA_vRNA	443	1941	0	0	1	63	0	147
PA_vRNA	446	1927	0	0	1	7	0	93
PA_vRNA	447	1840	0	0	1	2	0	75
PA_vRNA	449	1683	0	0	1	1	0	89
PA_vRNA	451	1823	0	0	1	2	0	134
PA_vRNA	451	1875	0	0	1	2	0	101
PA_vRNA	451	1876	0	0	1	3	0	34
PA_vRNA	451	1878	0	0	1	3	0	119
PA_vRNA	451	1884	0	0	1	2	0	51
PA_vRNA	453	1877	0	0	1	1608	1	145
PA_vRNA	453	2055	0	0	1	82	1	132
PA_vRNA	454	1899	0	0	1	101	1	141
PA_vRNA	454	2028	0	0	1	0	1	3
PA_vRNA	455	1900	0	0	1	1	0	42
PA_vRNA	455	1915	0	0	1	1	0	1
PA_vRNA	455	1999	0	0	1	3	0	132
PA_vRNA	456	1328	0	0	1	7	0	115
PA_vRNA	461	1932	0	0	1	97	0	136
PA_vRNA	463	1019	0	0	1	1	0	62
PA_vRNA	463	1946	0	0	1	15	0	135
PA_vRNA	470	1503	0	0	1	2	0	53
PA_vRNA	470	1933	0	0	1	2	0	4
PA_vRNA	471	1162	0	0	1	1	0	3
PA_vRNA	471	1775	0	0	1	10	1	134
PA_vRNA	471	1883	0	0	1	6	0	114
PA_vRNA	472	1781	0	0	1	2	0	57
PA_vRNA	472	1844	0	0	1	0	1	3
PA_vRNA	473	1884	0	0	1	10	0	39
PA_vRNA	474	1786	0	0	1	1	0	3
PA_vRNA	474	1871	0	0	1	4	0	12
PA_vRNA	475	1830	0	0	1	1	0	9
PA_vRNA	476	1856	0	0	1	1	0	71
PA_vRNA	477	1888	0	0	1	1594	1	50
PA_vRNA	479	1917	0	0	1	1	0	11
PA_vRNA	480	1310	0	0	1	1	0	73
PA_vRNA	480	1918	0	0	1	768	4	127
PA_vRNA	480	1928	0	0	1	3	0	2
PA_vRNA	481	1963	0	0	1	2	0	117
PA_vRNA	482	1108	0	0	1	1	0	65
PA_vRNA	482	1910	0	0	1	2	0	5
PA_vRNA	483	1395	0	0	1	1	0	35
PA_vRNA	486	1669	0	0	1	3	0	83
PA_vRNA	488	568	0	0	1	0	1	5
PA_vRNA	490	1749	0	0	1	1	0	53
PA_vRNA	491	1812	0	0	1	2	0	37
PA_vRNA	491	2016	0	0	1	1	2	73
PA_vRNA	492	2028	0	0	1	1	0	3
PA_vRNA	494	1827	0	0	1	5	0	130
PA_vRNA	494	1940	0	0	1	2	0	84
PA_vRNA	495	1548	0	0	1	2	0	85
PA_vRNA	495	1825	0	0	1	1	0	8
PA_vRNA	495	1980	0	0	1	1	0	3
PA_vRNA	496	1812	0	0	1	4	0	117
PA_vRNA	496	1875	0	0	1	1	0	111
PA_vRNA	496	1918	0	0	1	2	0	57
PA_vRNA	496	2015	0	0	1	1	0	22
PA_vRNA	497	2016	0	0	1	415	3	145
PA_vRNA	498	1881	0	0	1	6	0	106
PA_vRNA	500	1860	0	0	1	1	0	60
PA_vRNA	500	2032	0	0	1	7	1	120
PA_vRNA	503	1682	0	0	1	11	0	75
PA_vRNA	505	1438	0	0	1	2	0	4
PA_vRNA	507	526	0	0	1	12	0	97
PA_vRNA	509	1819	0	0	1	0	1	4
PA_vRNA	509	1825	0	0	1	2	1	6
PA_vRNA	512	1844	0	0	1	48	0	127
PA_vRNA	512	1868	0	0	1	1	0	6
PA_vRNA	513	1959	2	4	1	2	0	38
PA_vRNA	517	2095	0	0	1	1	0	3
PA_vRNA	524	616	0	0	1	8	0	78
PA_vRNA	524	1725	0	0	1	6	0	121
PA_vRNA	525	1806	0	0	1	1	0	57
PA_vRNA	526	1758	0	0	1	1	0	81
PA_vRNA	527	1639	0	0	1	5	0	100
PA_vRNA	527	1757	0	0	1	1	0	51
PA_vRNA	527	1810	0	0	1	1	0	110
PA_vRNA	528	1771	0	0	1	1	0	74
PA_vRNA	528	1827	0	0	1	15	1	128
PA_vRNA	528	1840	0	0	1	14	0	102
PA_vRNA	530	2029	0	0	1	1	0	3
PA_vRNA	536	1789	0	0	1	1	0	3
PA_vRNA	537	1940	0	0	1	59	0	141
PA_vRNA	538	1704	0	0	1	1	0	3
PA_vRNA	538	1730	0	0	1	1	0	3
PA_vRNA	538	1950	0	0	1	4	0	106
PA_vRNA	539	1718	0	0	1	2	0	68
PA_vRNA	539	1822	0	0	1	235	0	136
PA_vRNA	539	1859	0	0	1	1	0	82
PA_vRNA	540	1848	0	0	1	6	0	129
PA_vRNA	544	1822	0	0	1	1	0	120
PA_vRNA	545	1760	0	0	1	24	0	128
PA_vRNA	545	1770	0	0	1	9	0	66
PA_vRNA	559	2136	0	0	1	31	0	98
PA_vRNA	561	1458	0	0	1	1	0	57
PA_vRNA	561	1825	0	0	1	2	0	7
PA_vRNA	562	1823	0	0	1	2	0	4
PA_vRNA	562	1952	0	0	1	4	0	125
PA_vRNA	563	1783	0	0	1	2	0	86
PA_vRNA	567	1663	0	0	1	15	0	127
PA_vRNA	567	1725	0	0	1	1	0	102
PA_vRNA	567	1777	0	0	1	2	0	135
PA_vRNA	569	1151	0	0	1	1	0	42
PA_vRNA	569	1711	0	0	1	1	0	48
PA_vRNA	569	1771	0	0	1	2	0	67
PA_vRNA	570	1882	0	0	1	1	0	6
PA_vRNA	576	972	0	0	1	1	0	105
PA_vRNA	576	1158	0	0	1	1	0	19
PA_vRNA	576	1840	0	0	1	1	0	12
PA_vRNA	576	1908	0	0	1	1	0	4
PA_vRNA	576	1925	0	0	1	2	0	7
PA_vRNA	581	2011	0	0	1	0	1	3
PA_vRNA	582	1677	0	0	1	2	0	59
PA_vRNA	583	1012	0	0	1	1	1	22
PA_vRNA	583	1485	0	0	1	1	0	7
PA_vRNA	587	1729	0	0	1	1	0	61
PA_vRNA	588	1384	0	0	1	1	0	4
PA_vRNA	590	1787	0	0	1	3	0	50
PA_vRNA	591	1755	0	0	1	1	0	29
PA_vRNA	591	1756	0	0	1	3	0	34
PA_vRNA	591	1788	0	0	1	533	2	52
PA_vRNA	592	1757	0	0	1	1	0	21
PA_vRNA	593	1757	0	0	1	1376	4	148
PA_vRNA	593	1790	0	0	1	1	0	9
PA_vRNA	595	1155	0	0	1	1	0	4
PA_vRNA	595	1716	0	0	1	1	0	4
PA_vRNA	595	1759	0	0	1	2	0	48
PA_vRNA	596	1191	0	0	1	3	0	68
PA_vRNA	597	729	0	0	1	1	0	6
PA_vRNA	599	1165	0	0	1	1	0	54
PA_vRNA	600	1157	0	0	1	1	0	6
PA_vRNA	601	1762	0	0	1	2	0	54
PA_vRNA	603	1813	0	0	1	14	0	119
PA_vRNA	604	673	0	0	1	1	0	3
PA_vRNA	605	1668	0	0	1	1	0	84
PA_vRNA	608	1742	0	0	1	1	0	23
PA_vRNA	611	1652	0	0	1	1	0	4
PA_vRNA	612	1097	0	0	1	2	0	136
PA_vRNA	613	1667	0	0	1	1	0	13
PA_vRNA	613	1823	0	0	1	2	0	68
PA_vRNA	619	1717	0	0	1	1	0	62
PA_vRNA	621	1822	0	0	1	2	0	94
PA_vRNA	625	1741	0	0	1	5	0	104
PA_vRNA	626	1869	0	0	1	1	0	4
PA_vRNA	629	1594	0	0	1	4	0	129
PA_vRNA	631	1642	0	0	1	4	0	103
PA_vRNA	635	1701	0	0	1	1	0	6
PA_vRNA	635	1722	0	0	1	4	0	106
PA_vRNA	635	1817	0	0	1	1	0	38
PA_vRNA	637	2182	0	0	1	4	0	52
PA_vRNA	643	1948	0	0	1	1	0	124
PA_vRNA	644	1666	0	0	1	1	0	32
PA_vRNA	645	1091	0	0	1	2	0	7
PA_vRNA	646	674	0	0	1	1	0	3
PA_vRNA	647	680	0	0	1	2	0	92
PA_vRNA	651	1704	0	0	1	4	0	87
PA_vRNA	652	1790	0	0	1	117	0	142
PA_vRNA	656	1702	0	0	1	2	0	44
PA_vRNA	657	1320	0	0	1	1	0	26
PA_vRNA	657	1679	0	0	1	2	0	113
PA_vRNA	658	1703	0	0	1	1	0	87
PA_vRNA	661	702	0	0	1	1	0	67
PA_vRNA	664	1721	0	0	1	5	0	91
PA_vRNA	666	1723	1	1	1	2265	6	148
PA_vRNA	666	1725	1	1	1	3	0	103
PA_vRNA	667	1724	0	0	1	3	0	19
PA_vRNA	678	884	0	0	1	2	0	9
PA_vRNA	680	1525	0	0	1	1	0	4
PA_vRNA	693	1649	0	0	1	1	0	10
PA_vRNA	695	1713	0	0	1	1	0	47
PA_vRNA	696	1668	0	0	1	1	0	39
PA_vRNA	696	1777	0	0	1	1	0	4
PA_vRNA	697	1882	0	0	1	3	0	77
PA_vRNA	698	754	0	0	1	2	0	101
PA_vRNA	714	1543	0	0	1	2	1	84
PA_vRNA	720	1741	0	0	1	9	0	123
PA_vRNA	723	1681	0	0	1	1	0	75
PA_vRNA	734	1010	0	0	1	1	0	5
PA_vRNA	737	1713	0	0	1	1	0	3
PA_vRNA	744	753	0	0	1	474	3	48
PA_vRNA	747	862	0	0	1	1	0	50
PA_vRNA	753	1195	0	0	1	1	0	66
PA_vRNA	758	1632	0	0	1	19	0	105
PA_vRNA	759	1695	0	0	1	8	0	108
PA_vRNA	761	1497	0	0	1	3	0	73
PA_vRNA	778	1881	0	0	1	0	1	5
PA_vRNA	784	1541	0	0	1	8	0	102
PA_vRNA	786	1653	0	0	1	1	1	5
PA_vRNA	804	841	0	0	1	3	0	56
PA_vRNA	809	868	0	0	1	1	0	3
PA_vRNA	813	857	0	0	1	1	0	52
PA_vRNA	814	1726	0	0	1	1	0	4
PA_vRNA	837	1524	0	0	1	1	0	99
PA_vRNA	856	1616	0	0	1	2	0	84
PA_vRNA	870	1444	0	0	1	1	0	4
PA_vRNA	870	1660	0	0	1	18	0	137
PA_vRNA	888	924	0	0	1	1	0	23
PA_vRNA	890	984	0	0	1	1	0	39
PA_vRNA	904	1541	0	0	1	4	0	50
PA_vRNA	909	1444	0	0	1	1	0	11
PA_vRNA	926	1959	0	0	1	1	0	4
PA_vRNA	929	1714	0	0	1	1	0	127
PA_vRNA	940	1344	0	0	1	1	0	3
PA_vRNA	952	999	0	0	1	1	0	6
PA_vRNA	1005	1571	0	0	1	1	0	58
PA_vRNA	1046	1599	0	0	1	2	0	65
PA_vRNA	1049	1106	0	0	1	4	0	144
PA_vRNA	1064	2174	0	0	1	1	0	53
PA_vRNA	1074	1785	0	0	1	1	0	10
PA_vRNA	1117	1152	0	0	1	1	0	3
PA_vRNA	1120	1635	0	0	1	1	0	82
PA_vRNA	1144	1392	0	0	1	1	0	37
PA_vRNA	1173	1947	0	0	1	1	0	7
PA_vRNA	1176	1710	0	0	1	21	0	8
PA_vRNA	1186	1746	0	0	1	1	0	85
PA_vRNA	1222	1845	0	0	1	0	1	4
PA_vRNA	1224	2145	0	0	1	1	0	15
PA_vRNA	1234	1346	0	0	1	2	0	52
PA_vRNA	1260	1834	0	0	1	1	0	137
PA_vRNA	1265	1397	0	0	1	1	0	56
PA_vRNA	1274	1783	0	0	1	1	0	31
PA_vRNA	1316	2137	0	0	1	1	0	51
PA_vRNA	1338	1487	0	0	1	1	0	32
PA_vRNA	1338	1792	0	0	1	2	0	37
PA_vRNA	1359	1396	0	0	1	1	0	34
PA_vRNA	1362	1912	0	0	1	2	0	52
PA_vRNA	1425	1699	0	0	1	1	0	9
PA_vRNA	1468	1500	0	0	1	2	0	86
PA_vRNA	1481	1621	0	0	1	2	0	72
PA_vRNA	1484	1656	0	0	1	1	0	68
PA_vRNA	1486	1523	0	0	1	1	0	111
PA_vRNA	1604	2147	0	0	1	1	0	26
PA_vRNA	1625	1657	0	0	1	4	0	81
PA_vRNA	1806	1956	0	0	1	1	0	116
PA_vRNA	1819	2071	0	0	1	4	0	40
PA_vRNA	1891	1988	0	0	1	0	8	3
PA_vRNA	1917	2039	0	0	1	2	2	50
PA_vRNA	1920	1977	0	0	1	1	0	4
PA_vRNA	1920	2097	0	0	1	9	0	11
PA_vRNA	1931	2108	0	0	1	1	0	9
PA_vRNA	1937	1946	0	0	1	1	0	26
PA_vRNA	1968	2006	0	0	1	2	1	70
PA_vRNA	1970	2044	0	0	1	3	0	73
PA_vRNA	1976	2050	0	0	1	1	0	64
PA_vRNA	2009	2034	0	0	1	71	1	18
PA_vRNA	2020	2067	0	0	1	2	2	6
PA_vRNA	2189	2196	0	0	1	187	8	38
PB1_vRNA	76	1587	0	0	1	10	0	63
PB1_vRNA	98	113	0	0	1	3	3	7
PB1_vRNA	101	2026	0	0	1	1	0	36
PB1_vRNA	105	173	0	0	1	1	1	34
PB1_vRNA	105	797	0	0	1	1	0	42
PB1_vRNA	116	592	0	0	1	1	0	82
PB1_vRNA	123	2052	0	0	1	1	0	117
PB1_vRNA	128	1843	0	0	1	1	0	23
PB1_vRNA	132	162	0	0	1	1	0	120
PB1_vRNA	135	2180	0	0	1	2	0	41
PB1_vRNA	140	151	0	0	1	3	1	125
PB1_vRNA	145	963	0	0	1	1	0	65
PB1_vRNA	147	177	0	0	1	5	0	83
PB1_vRNA	147	347	0	0	1	2	1	39
PB1_vRNA	149	1112	0	0	1	1	0	105
PB1_vRNA	150	2003	0	0	1	5	0	116
PB1_vRNA	152	177	0	0	1	2	0	44
PB1_vRNA	155	2071	0	0	1	1	0	103
PB1_vRNA	156	1332	0	0	1	2	0	53
PB1_vRNA	173	1637	0	0	1	1	0	5
PB1_vRNA	174	238	0	0	1	1	0	94
PB1_vRNA	175	1782	0	0	1	1	0	49
PB1_vRNA	175	1986	0	0	1	1	0	102
PB1_vRNA	175	2243	0	0	1	1	0	28
PB1_vRNA	179	1783	0	0	1	1	0	107
PB1_vRNA	179	1957	0	0	1	1	0	37
PB1_vRNA	187	234	0	0	1	28	1	65
PB1_vRNA	188	206	0	0	1	6	1	81
PB1_vRNA	190	2209	0	0	1	6	0	50
PB1_vRNA	191	2098	0	0	1	787	1	146
PB1_vRNA	191	2099	0	0	1	4	0	25
PB1_vRNA	195	2244	0	0	1	7	0	67
PB1_vRNA	198	2205	0	0	1	4	1	86
PB1_vRNA	198	2235	0	0	1	3	0	78
PB1_vRNA	199	2133	0	0	1	1	0	87
PB1_vRNA	199	2229	0	0	1	4	0	96
PB1_vRNA	203	1162	0	0	1	1	0	41
PB1_vRNA	203	2179	0	0	1	8	0	92
PB1_vRNA	205	864	0	0	1	1	0	28
PB1_vRNA	205	1867	0	0	1	1	0	4
PB1_vRNA	207	2196	0	0	1	2	0	104
PB1_vRNA	213	1503	0	0	1	1	0	36
PB1_vRNA	215	1940	0	0	1	34	0	53
PB1_vRNA	215	2194	0	0	1	128	3	80
PB1_vRNA	215	2205	0	0	1	11	3	114
PB1_vRNA	216	2033	0	0	1	1	0	85
PB1_vRNA	216	2137	0	0	1	0	1	4
PB1_vRNA	217	379	0	0	1	1	0	40
PB1_vRNA	218	790	0	0	1	1	0	6
PB1_vRNA	218	2218	0	0	1	6	0	106
PB1_vRNA	219	2236	0	0	1	3	0	101
PB1_vRNA	220	2177	0	0	1	17	1	125
PB1_vRNA	220	2184	0	0	1	2	0	49
PB1_vRNA	222	793	0	0	1	1	0	54
PB1_vRNA	223	2153	0	0	1	1	0	1
PB1_vRNA	227	1469	0	0	1	1	0	75
PB1_vRNA	227	2152	0	0	1	2	7	56
PB1_vRNA	228	2216	0	0	1	1	0	95
PB1_vRNA	229	2136	0	0	1	8	1	121
PB1_vRNA	229	2137	0	0	1	4	0	105
PB1_vRNA	229	2138	0	0	1	1	0	88
PB1_vRNA	230	1484	0	0	1	1	0	84
PB1_vRNA	230	2136	0	0	1	11	0	79
PB1_vRNA	230	2143	0	0	1	9	0	3
PB1_vRNA	230	2153	0	0	1	139	1	127
PB1_vRNA	231	2137	0	0	1	9338	7	148
PB1_vRNA	231	2138	0	0	1	11	0	69
PB1_vRNA	231	2142	0	0	1	12	2	2
PB1_vRNA	231	2151	0	0	1	2	0	4
PB1_vRNA	231	2155	0	0	1	1	0	70
PB1_vRNA	232	2138	0	0	1	3	0	56
PB1_vRNA	232	2141	0	0	1	1	0	1
PB1_vRNA	233	2173	0	0	1	2	0	60
PB1_vRNA	234	278	0	0	1	2	0	3
PB1_vRNA	234	306	0	0	1	14	0	105
PB1_vRNA	234	355	0	0	1	1	2	5
PB1_vRNA	234	851	0	0	1	2	0	57
PB1_vRNA	234	2129	0	0	1	13	0	84
PB1_vRNA	234	2139	0	0	1	1	0	3
PB1_vRNA	234	2143	0	0	1	592	1	149
PB1_vRNA	234	2145	0	0	1	2	0	2
PB1_vRNA	235	2173	0	0	1	2	0	99
PB1_vRNA	236	2194	0	0	1	25	0	137
PB1_vRNA	237	2141	0	0	1	1	0	5
PB1_vRNA	239	2182	0	0	1	1	0	33
PB1_vRNA	240	2150	0	0	1	7	0	102
PB1_vRNA	240	2176	0	0	1	1	0	1
PB1_vRNA	241	2126	0	0	1	1	0	82
PB1_vRNA	241	2183	0	0	1	74	0	139
PB1_vRNA	242	338	0	0	1	3	0	39
PB1_vRNA	242	445	0	0	1	2	0	30
PB1_vRNA	242	854	0	0	1	1	0	47
PB1_vRNA	242	1595	0	0	1	3	0	87
PB1_vRNA	242	2156	0	0	1	4	0	113
PB1_vRNA	243	2149	0	0	1	44	0	25
PB1_vRNA	245	344	0	0	1	1	0	21
PB1_vRNA	245	1904	0	0	1	2	0	42
PB1_vRNA	246	855	0	0	1	1	0	99
PB1_vRNA	246	2003	0	0	1	1	0	85
PB1_vRNA	247	2113	0	0	1	1	0	3
PB1_vRNA	249	272	0	0	1	6	0	81
PB1_vRNA	249	2147	0	0	1	50	0	130
PB1_vRNA	250	288	0	0	1	1	0	3
PB1_vRNA	250	2148	0	0	1	1	0	24
PB1_vRNA	251	2012	1	1	1	1	0	65
PB1_vRNA	251	2139	0	0	1	10	1	95
PB1_vRNA	251	2144	0	0	1	1	0	4
PB1_vRNA	252	2156	0	0	1	27	0	136
PB1_vRNA	253	477	0	0	1	1	0	107
PB1_vRNA	253	2147	0	0	1	1	0	37
PB1_vRNA	254	2206	0	0	1	0	1	8
PB1_vRNA	257	2229	0	0	1	13	0	96
PB1_vRNA	258	1292	0	0	1	1	0	63
PB1_vRNA	259	2152	0	0	1	0	7	4
PB1_vRNA	259	2194	0	0	1	3	0	70
PB1_vRNA	260	1167	0	0	1	1	0	5
PB1_vRNA	260	1470	0	0	1	1	0	13
PB1_vRNA	262	2205	0	0	1	2	0	120
PB1_vRNA	263	2138	0	0	1	0	1	96
PB1_vRNA	264	2154	0	0	1	173	1	127
PB1_vRNA	267	1406	0	0	1	1	0	4
PB1_vRNA	271	2079	0	0	1	1	0	3
PB1_vRNA	272	2012	0	0	1	1	0	120
PB1_vRNA	273	2150	0	0	1	1	0	35
PB1_vRNA	273	2159	0	0	1	8	0	96
PB1_vRNA	276	2054	0	0	1	1	0	3
PB1_vRNA	276	2143	0	0	1	1	0	40
PB1_vRNA	276	2150	0	0	1	8	0	119
PB1_vRNA	278	2234	0	0	1	1	0	30
PB1_vRNA	280	2156	0	0	1	1	0	98
PB1_vRNA	281	2166	0	0	1	1	0	59
PB1_vRNA	282	2154	0	0	1	723	2	140
PB1_vRNA	283	2158	0	0	1	1	0	19
PB1_vRNA	284	2144	0	0	1	25	0	105
PB1_vRNA	285	2202	0	0	1	11	0	121
PB1_vRNA	286	2032	0	0	1	3	0	137
PB1_vRNA	287	2139	0	0	1	1	0	63
PB1_vRNA	287	2141	0	0	1	1	0	3
PB1_vRNA	288	2130	0	0	1	1	1	2
PB1_vRNA	289	2130	0	0	1	451	0	122
PB1_vRNA	290	2130	0	0	1	4	0	5
PB1_vRNA	290	2145	0	0	1	1	0	1
PB1_vRNA	290	2150	0	0	1	2	0	2
PB1_vRNA	290	2152	0	0	1	1	0	8
PB1_vRNA	290	2175	0	0	1	1	0	34
PB1_vRNA	292	2162	0	0	1	1	0	87
PB1_vRNA	292	2172	0	0	1	2	0	61
PB1_vRNA	294	2149	0	0	1	2	0	1
PB1_vRNA	295	2148	0	0	1	3	0	11
PB1_vRNA	296	2161	0	0	1	4	0	59
PB1_vRNA	296	2171	0	0	1	1	0	7
PB1_vRNA	297	2079	1	5	1	6	0	6
PB1_vRNA	297	2147	0	0	1	6	0	103
PB1_vRNA	299	2149	0	0	1	7391	4	150
PB1_vRNA	299	2151	0	0	1	4	0	58
PB1_vRNA	299	2152	0	0	1	2	0	2
PB1_vRNA	300	1831	0	0	1	1	0	3
PB1_vRNA	300	2151	0	0	1	23	0	101
PB1_vRNA	300	2171	0	0	1	34	0	103
PB1_vRNA	300	2228	0	0	1	25	0	65
PB1_vRNA	301	2135	0	0	1	4	0	76
PB1_vRNA	301	2144	0	0	1	1	0	65
PB1_vRNA	301	2151	0	0	1	4	0	81
PB1_vRNA	301	2202	0	0	1	0	1	6
PB1_vRNA	303	2138	0	0	1	1	0	41
PB1_vRNA	303	2146	0	0	1	2	1	63
PB1_vRNA	303	2148	0	0	1	4	0	61
PB1_vRNA	304	2151	0	0	1	2	0	53
PB1_vRNA	305	2148	0	0	1	3	18	110
PB1_vRNA	307	2150	0	0	1	18	0	94
PB1_vRNA	307	2153	0	0	1	12	0	1
PB1_vRNA	308	2150	0	0	1	8	1	120
PB1_vRNA	308	2152	0	0	1	22	0	126
PB1_vRNA	308	2159	0	0	1	1	0	3
PB1_vRNA	309	2129	0	0	1	1	0	5
PB1_vRNA	309	2151	0	0	1	16	2	96
PB1_vRNA	309	2154	0	0	1	14	0	38
PB1_vRNA	309	2189	0	0	1	3	0	6
PB1_vRNA	310	2152	0	0	1	28	0	8
PB1_vRNA	310	2153	0	0	1	25422	41	149
PB1_vRNA	310	2154	0	0	1	77	0	124
PB1_vRNA	310	2156	0	0	1	6	6	147
PB1_vRNA	310	2242	0	0	1	3	0	50
PB1_vRNA	311	2154	0	0	1	38	0	95
PB1_vRNA	311	2161	0	0	1	38	0	114
PB1_vRNA	312	2162	0	0	1	1	0	22
PB1_vRNA	313	2109	0	0	1	8	0	110
PB1_vRNA	314	2040	0	0	1	14	0	137
PB1_vRNA	314	2043	0	0	1	0	1	3
PB1_vRNA	314	2159	0	0	1	23	9	121
PB1_vRNA	314	2172	0	0	1	1	0	4
PB1_vRNA	316	2142	0	0	1	1	0	22
PB1_vRNA	316	2179	0	0	1	1	0	1
PB1_vRNA	317	2142	0	0	1	0	1	3
PB1_vRNA	317	2179	0	0	1	1	1	97
PB1_vRNA	318	2132	0	0	1	3	0	47
PB1_vRNA	328	2149	0	0	1	7	0	88
PB1_vRNA	334	2183	0	0	1	5	1	6
PB1_vRNA	335	2089	0	0	1	174	0	139
PB1_vRNA	336	2090	0	0	1	1	1	40
PB1_vRNA	336	2183	0	0	1	1	2	74
PB1_vRNA	337	2144	0	0	1	5	0	107
PB1_vRNA	338	2040	0	0	1	3	0	99
PB1_vRNA	338	2114	0	0	1	2	0	70
PB1_vRNA	338	2184	0	0	1	1633	0	141
PB1_vRNA	338	2186	0	0	1	3	0	76
PB1_vRNA	339	2149	0	0	1	1	0	95
PB1_vRNA	342	2060	0	0	1	90	0	141
PB1_vRNA	343	2118	0	0	1	107	0	124
PB1_vRNA	343	2119	0	0	1	1	0	70
PB1_vRNA	349	2151	0	0	1	8	0	88
PB1_vRNA	350	2026	0	0	1	1	0	102
PB1_vRNA	352	1884	0	0	1	1	0	4
PB1_vRNA	354	2011	0	0	1	1	0	1
PB1_vRNA	354	2030	0	0	1	174	0	144
PB1_vRNA	354	2133	0	0	1	1	0	56
PB1_vRNA	356	2088	2	6	1	5	0	126
PB1_vRNA	356	2156	2	6	1	1	0	99
PB1_vRNA	356	2194	0	0	1	2	0	43
PB1_vRNA	361	2015	0	0	1	1	0	2
PB1_vRNA	361	2113	0	0	1	1	0	20
PB1_vRNA	362	2113	0	0	1	11	0	107
PB1_vRNA	363	2020	0	0	1	105	1	131
PB1_vRNA	363	2120	0	0	1	6	0	106
PB1_vRNA	363	2144	0	0	1	20	0	127
PB1_vRNA	364	2020	0	0	1	1	0	4
PB1_vRNA	367	382	0	0	1	1	0	35
PB1_vRNA	368	2013	0	0	1	1	0	79
PB1_vRNA	369	384	0	0	1	2107	15	64
PB1_vRNA	369	2084	0	0	1	2	1	9
PB1_vRNA	370	2011	0	0	1	4	0	67
PB1_vRNA	371	1977	0	0	1	1	0	3
PB1_vRNA	371	2013	0	0	1	3	0	1
PB1_vRNA	372	2015	0	0	1	35	0	113
PB1_vRNA	372	2073	0	0	1	1	0	66
PB1_vRNA	373	388	0	0	1	2	0	55
PB1_vRNA	373	2014	2	6	1	4334	64	138
PB1_vRNA	373	2015	0	0	1	5	1	83
PB1_vRNA	373	2016	0	0	1	1	0	47
PB1_vRNA	373	2071	0	0	1	40	0	138
PB1_vRNA	373	2074	0	0	1	645	55	141
PB1_vRNA	374	1656	0	0	1	2	0	90
PB1_vRNA	374	2015	0	0	1	1	0	64
PB1_vRNA	374	2039	0	0	1	0	1	6
PB1_vRNA	374	2075	0	0	1	6	0	114
PB1_vRNA	375	2065	0	0	1	1	0	121
PB1_vRNA	376	1910	0	0	1	10	0	131
PB1_vRNA	376	2025	0	0	1	5	6	90
PB1_vRNA	377	1912	0	0	1	1	3	49
PB1_vRNA	377	2038	0	0	1	47	0	118
PB1_vRNA	378	1912	0	0	1	4787	6	146
PB1_vRNA	378	1913	0	0	1	8	1	109
PB1_vRNA	378	1915	0	0	1	7	0	1
PB1_vRNA	378	2132	0	0	1	1	0	45
PB1_vRNA	379	1913	0	0	1	3	0	87
PB1_vRNA	379	2137	0	0	1	0	1	4
PB1_vRNA	380	697	0	0	1	1	0	23
PB1_vRNA	381	2119	0	0	1	2	0	82
PB1_vRNA	384	1922	0	0	1	2	0	92
PB1_vRNA	384	1937	0	0	1	3	0	106
PB1_vRNA	384	1946	0	0	1	0	1	3
PB1_vRNA	385	1962	0	0	1	19	0	113
PB1_vRNA	385	2055	0	0	1	22	0	101
PB1_vRNA	386	2022	0	0	1	4	0	9
PB1_vRNA	387	2006	0	0	1	9	0	124
PB1_vRNA	388	2148	0	0	1	1	0	8
PB1_vRNA	390	2027	0	0	1	1	0	100
PB1_vRNA	391	2004	0	0	1	3	0	115
PB1_vRNA	391	2019	0	0	1	1	0	73
PB1_vRNA	391	2053	0	0	1	0	1	4
PB1_vRNA	391	2066	0	0	1	4	0	91
PB1_vRNA	391	2102	0	0	1	9	0	113
PB1_vRNA	395	2052	0	0	1	1	0	86
PB1_vRNA	396	1175	0	0	1	2	0	74
PB1_vRNA	396	2024	0	0	1	3	0	4
PB1_vRNA	398	2066	0	0	1	0	1	3
PB1_vRNA	399	2047	0	0	1	0	1	3
PB1_vRNA	399	2050	0	0	1	3	0	26
PB1_vRNA	404	2037	0	0	1	8	0	82
PB1_vRNA	406	1946	0	0	1	1	1	49
PB1_vRNA	406	2043	0	0	1	0	1	3
PB1_vRNA	407	1888	0	0	1	0	1	11
PB1_vRNA	408	2026	0	0	1	1	2	3
PB1_vRNA	409	849	0	0	1	2	0	92
PB1_vRNA	410	1685	2	6	1	1	0	54
PB1_vRNA	410	2027	2	6	1	930	2	146
PB1_vRNA	410	2028	0	0	1	1	0	49
PB1_vRNA	410	2113	2	6	1	53	11	124
PB1_vRNA	411	2028	0	0	1	6	0	113
PB1_vRNA	412	2042	0	0	1	1	1	6
PB1_vRNA	413	1718	0	0	1	1	0	61
PB1_vRNA	415	2035	0	0	1	101	0	138
PB1_vRNA	416	1951	0	0	1	2	0	84
PB1_vRNA	416	2006	0	0	1	7	0	92
PB1_vRNA	416	2089	0	0	1	3	0	98
PB1_vRNA	417	2055	0	0	1	38	0	124
PB1_vRNA	419	1991	0	0	1	99	0	119
PB1_vRNA	419	2017	0	0	1	1	0	7
PB1_vRNA	422	2014	0	0	1	1	0	3
PB1_vRNA	422	2073	0	0	1	10	0	110
PB1_vRNA	423	1951	0	0	1	2	0	118
PB1_vRNA	425	2064	0	0	1	1	0	4
PB1_vRNA	426	2043	0	0	1	1	0	4
PB1_vRNA	427	1865	0	0	1	0	1	34
PB1_vRNA	427	1931	0	0	1	0	1	3
PB1_vRNA	427	2075	0	0	1	3	0	104
PB1_vRNA	428	2018	0	0	1	1	0	4
PB1_vRNA	431	1869	0	0	1	20	1	122
PB1_vRNA	431	2004	0	0	1	1	2	7
PB1_vRNA	431	2061	2	6	1	1	0	3
PB1_vRNA	433	2086	0	0	1	15	0	123
PB1_vRNA	434	1971	0	0	1	12	6	65
PB1_vRNA	434	2032	0	0	1	1	2	111
PB1_vRNA	435	1973	0	0	1	1	0	3
PB1_vRNA	435	2041	0	0	1	58	0	138
PB1_vRNA	436	481	0	0	1	19	0	95
PB1_vRNA	436	1931	0	0	1	1	0	71
PB1_vRNA	437	2003	0	0	1	2	0	59
PB1_vRNA	437	2039	0	0	1	4	0	76
PB1_vRNA	437	2115	0	0	1	0	1	3
PB1_vRNA	438	1871	0	0	1	6	0	53
PB1_vRNA	438	1978	0	0	1	1	0	1
PB1_vRNA	438	1994	0	0	1	8	0	108
PB1_vRNA	438	2014	0	0	1	1	0	5
PB1_vRNA	438	2036	0	0	1	126	2	139
PB1_vRNA	439	1966	0	0	1	6	0	2
PB1_vRNA	439	1968	0	0	1	2	0	44
PB1_vRNA	439	2037	0	0	1	1	0	59
PB1_vRNA	440	1968	0	0	1	5	0	55
PB1_vRNA	440	1969	0	0	1	37	0	55
PB1_vRNA	442	1971	0	0	1	2	1	32
PB1_vRNA	443	1972	0	0	1	5	0	5
PB1_vRNA	443	1989	0	0	1	1	0	1
PB1_vRNA	443	2072	0	0	1	9	0	120
PB1_vRNA	444	1972	0	0	1	2204	15	111
PB1_vRNA	445	1974	0	0	1	4	0	3
PB1_vRNA	446	1974	0	0	1	1	0	48
PB1_vRNA	446	1994	0	0	1	1	0	4
PB1_vRNA	447	1970	0	0	1	1	0	2
PB1_vRNA	447	1992	0	0	1	5	0	72
PB1_vRNA	448	1997	0	0	1	1	1	4
PB1_vRNA	448	2206	0	0	1	1	0	9
PB1_vRNA	449	1977	0	0	1	0	4	54
PB1_vRNA	449	2022	0	0	1	1	0	30
PB1_vRNA	451	1923	1	3	1	7	0	109
PB1_vRNA	451	2031	0	0	1	8	0	91
PB1_vRNA	459	2032	0	0	1	9	0	96
PB1_vRNA	460	2034	0	0	1	13	0	128
PB1_vRNA	461	1951	0	0	1	16	0	100
PB1_vRNA	461	1968	0	0	1	9	0	143
PB1_vRNA	463	1938	0	0	1	68	1	124
PB1_vRNA	466	1511	0	0	1	1	0	11
PB1_vRNA	467	2103	0	0	1	71	0	136
PB1_vRNA	472	1967	0	0	1	41	0	122
PB1_vRNA	473	2035	0	0	1	0	1	3
PB1_vRNA	478	514	0	0	1	0	1	6
PB1_vRNA	483	1125	0	0	1	1	0	113
PB1_vRNA	483	2019	0	0	1	6	0	115
PB1_vRNA	486	1786	0	0	1	1	0	95
PB1_vRNA	491	1901	0	0	1	292	0	143
PB1_vRNA	491	2053	0	0	1	4	0	96
PB1_vRNA	492	2136	0	0	1	1	0	43
PB1_vRNA	494	1978	0	0	1	1	0	10
PB1_vRNA	495	762	0	0	1	1	0	14
PB1_vRNA	495	1779	0	0	1	1	0	55
PB1_vRNA	497	1913	0	0	1	57	0	129
PB1_vRNA	497	2277	0	0	1	1	0	24
PB1_vRNA	498	2278	0	0	1	46	1	63
PB1_vRNA	500	1991	0	0	1	6	0	44
PB1_vRNA	503	1786	0	0	1	16	0	130
PB1_vRNA	505	1969	0	0	1	1	0	49
PB1_vRNA	505	1986	0	0	1	45	0	117
PB1_vRNA	505	2004	0	0	1	1	0	12
PB1_vRNA	515	1158	0	0	1	1	0	41
PB1_vRNA	515	2048	0	0	1	0	1	4
PB1_vRNA	516	2053	0	0	1	1	0	76
PB1_vRNA	518	1228	2	6	1	1	0	3
PB1_vRNA	518	2027	2	6	1	4	0	85
PB1_vRNA	519	800	0	0	1	1	0	11
PB1_vRNA	521	2169	0	0	1	3	0	65
PB1_vRNA	523	1730	0	0	1	36	0	122
PB1_vRNA	525	1714	0	0	1	21	0	130
PB1_vRNA	525	2035	0	0	1	0	1	3
PB1_vRNA	528	1980	0	0	1	1	0	39
PB1_vRNA	528	2015	0	0	1	1	0	3
PB1_vRNA	529	1877	0	0	1	1	0	124
PB1_vRNA	529	1957	0	0	1	8	0	118
PB1_vRNA	530	1900	0	0	1	4	0	84
PB1_vRNA	531	2040	0	0	1	1	0	134
PB1_vRNA	535	2071	2	4	1	0	33	9
PB1_vRNA	552	1888	0	0	1	840	1	149
PB1_vRNA	553	1889	0	0	1	1	0	45
PB1_vRNA	555	1897	0	0	1	2	0	130
PB1_vRNA	558	2012	1	3	1	1	0	8
PB1_vRNA	568	1956	0	0	1	1	0	58
PB1_vRNA	569	1724	0	0	1	1	0	75
PB1_vRNA	569	1932	0	0	1	44	0	110
PB1_vRNA	572	2011	0	0	1	1	0	76
PB1_vRNA	577	1808	0	0	1	21	0	95
PB1_vRNA	585	1947	0	0	1	1	0	113
PB1_vRNA	591	2027	0	0	1	31	0	141
PB1_vRNA	592	1902	0	0	1	1	0	23
PB1_vRNA	593	633	0	0	1	22	0	80
PB1_vRNA	593	664	0	0	1	1	0	5
PB1_vRNA	593	1903	0	0	1	39	0	134
PB1_vRNA	593	2003	0	0	1	5	0	100
PB1_vRNA	596	1778	0	0	1	4	0	104
PB1_vRNA	596	1892	0	0	1	1	0	133
PB1_vRNA	607	1760	0	0	1	4	0	119
PB1_vRNA	611	1765	0	0	1	1	0	101
PB1_vRNA	616	1830	0	0	1	1	0	6
PB1_vRNA	619	1829	0	0	1	24	0	107
PB1_vRNA	621	662	0	0	1	4	0	66
PB1_vRNA	621	2062	0	0	1	1	0	20
PB1_vRNA	622	2063	0	0	1	467	1	137
PB1_vRNA	623	1951	0	0	1	0	1	8
PB1_vRNA	623	2064	0	0	1	2	0	33
PB1_vRNA	624	1893	0	0	1	4	0	114
PB1_vRNA	629	1721	0	0	1	1	0	97
PB1_vRNA	630	655	0	0	1	2	0	54
PB1_vRNA	634	1816	0	0	1	40	0	124
PB1_vRNA	637	1832	0	0	1	8	0	129
PB1_vRNA	637	1878	0	0	1	12	0	125
PB1_vRNA	640	1891	0	0	1	1	0	4
PB1_vRNA	660	1761	0	0	1	233	0	149
PB1_vRNA	661	1762	0	0	1	1	0	11
PB1_vRNA	676	1902	0	0	1	1	0	71
PB1_vRNA	677	1903	0	0	1	85	0	133
PB1_vRNA	680	1789	0	0	1	2	0	42
PB1_vRNA	688	1221	0	0	1	1	0	96
PB1_vRNA	694	1820	0	0	1	11	0	108
PB1_vRNA	702	1761	0	0	1	1	0	6
PB1_vRNA	713	1717	0	0	1	1	0	28
PB1_vRNA	714	1730	0	0	1	1	0	78
PB1_vRNA	714	1957	0	0	1	24	0	80
PB1_vRNA	717	1786	0	0	1	1	0	35
PB1_vRNA	719	1453	0	0	1	3	0	89
PB1_vRNA	719	1715	0	0	1	1	0	74
PB1_vRNA	724	1214	0	0	1	1	0	83
PB1_vRNA	729	1720	1	5	1	4	0	66
PB1_vRNA	730	1767	0	0	1	2	0	82
PB1_vRNA	731	1762	0	0	1	1	0	26
PB1_vRNA	731	1768	0	0	1	1	0	65
PB1_vRNA	737	1732	0	0	1	17	0	105
PB1_vRNA	744	798	0	0	1	1	0	100
PB1_vRNA	767	1740	0	0	1	26	0	129
PB1_vRNA	778	1724	0	0	1	33	0	148
PB1_vRNA	782	1659	0	0	1	1	0	107
PB1_vRNA	786	1728	0	0	1	1	0	83
PB1_vRNA	811	1446	0	0	1	1	0	7
PB1_vRNA	854	880	0	0	1	1	0	3
PB1_vRNA	854	2212	0	0	1	1	0	7
PB1_vRNA	855	2206	0	0	1	1	0	87
PB1_vRNA	856	1071	2	2	1	1	0	4
PB1_vRNA	859	1593	0	0	1	1	0	9
PB1_vRNA	867	1612	0	0	1	1	0	39
PB1_vRNA	873	1607	0	0	1	1	0	44
PB1_vRNA	900	1393	0	0	1	1	0	67
PB1_vRNA	939	2169	0	0	1	7	0	83
PB1_vRNA	949	1261	0	0	1	10	0	109
PB1_vRNA	950	1262	0	0	1	1	0	60
PB1_vRNA	951	1694	0	0	1	4	0	117
PB1_vRNA	972	1154	0	0	1	1	0	41
PB1_vRNA	983	1154	0	0	1	6	0	134
PB1_vRNA	987	1095	0	0	1	1	0	23
PB1_vRNA	987	1452	0	0	1	1	0	8
PB1_vRNA	988	1024	0	0	1	2	0	42
PB1_vRNA	1095	1126	0	0	1	1	0	92
PB1_vRNA	1124	1404	0	0	1	1	0	52
PB1_vRNA	1262	1574	0	0	1	2	0	123
PB1_vRNA	1278	1640	0	0	1	1	0	10
PB1_vRNA	1321	1382	0	0	1	2	0	73
PB1_vRNA	1374	1413	0	0	1	1	0	3
PB1_vRNA	1438	1660	0	0	1	1	0	5
PB1_vRNA	1451	1639	0	0	1	1	0	46
PB1_vRNA	1457	1632	0	0	1	1	0	24
PB1_vRNA	1483	1508	0	0	1	1	0	70
PB1_vRNA	1544	2126	0	0	1	1	0	103
PB1_vRNA	1581	2047	0	0	1	0	1	7
PB1_vRNA	1657	2090	0	0	1	3	0	101
PB1_vRNA	1696	2051	0	0	1	1	0	91
PB1_vRNA	1769	1785	0	0	1	1	0	3
PB1_vRNA	1785	1808	0	0	1	1	0	44
PB1_vRNA	1796	2150	0	0	1	1	0	76
PB1_vRNA	1812	2057	0	0	1	1	0	8
PB1_vRNA	1916	1964	0	0	1	19	0	90
PB1_vRNA	1932	1965	0	0	1	1	1	4
PB1_vRNA	1939	2007	0	0	1	3	0	50
PB1_vRNA	1962	2004	0	0	1	0	1	6
PB1_vRNA	1989	2110	0	0	1	1	0	41
PB1_vRNA	1994	2086	0	0	1	42	1	55
PB1_vRNA	2054	2075	0	0	1	20	0	89
PB1_vRNA	2061	2075	0	0	1	2	1	32
PB1_vRNA	2147	2192	0	0	1	27	16	41
PB1_vRNA	2150	2191	0	0	1	1	0	6
PB1_vRNA	2150	2194	0	0	1	19	2	15
PB1_vRNA	2151	2194	0	0	1	11	1	75
PB1_vRNA	2153	2194	0	0	1	2367	65	82
PB1_vRNA	2175	2191	0	0	1	37	0	25
PB1_vRNA	2188	2218	0	0	1	2	0	51
PB1_vRNA	2207	2267	0	0	1	1	0	3
PB1_vRNA	2251	2291	0	0	1	70	0	51
PB1_vRNA	2275	2285	0	0	1	40	3	57
PB1_vRNA	2275	2286	0	0	1	432	23	58
PB1_vRNA	2275	2288	0	0	1	30	0	54
PB2_vRNA	86	1598	0	0	1	1	0	19
PB2_vRNA	101	311	0	0	1	1	0	16
PB2_vRNA	114	184	0	0	1	5	0	29
PB2_vRNA	118	2046	0	0	1	1	0	41
PB2_vRNA	122	682	0	0	1	8	0	55
PB2_vRNA	125	499	0	0	1	1	0	37
PB2_vRNA	125	626	0	0	1	2	0	56
PB2_vRNA	130	217	0	0	1	4	0	92
PB2_vRNA	135	174	0	0	1	1	1	50
PB2_vRNA	135	1831	0	0	1	19	0	129
PB2_vRNA	140	297	0	0	1	1	0	3
PB2_vRNA	141	1986	0	0	1	25	0	114
PB2_vRNA	148	1468	0	0	1	1	0	91
PB2_vRNA	149	179	0	0	1	6	2	9
PB2_vRNA	150	375	0	0	1	1	0	4
PB2_vRNA	154	220	0	0	1	9	1	129
PB2_vRNA	158	2197	0	0	1	1	0	85
PB2_vRNA	159	743	0	0	1	1	0	82
PB2_vRNA	160	2101	0	0	1	1	0	103
PB2_vRNA	161	2062	0	0	1	1	0	94
PB2_vRNA	163	2134	0	0	1	1	0	27
PB2_vRNA	164	380	0	0	1	2	0	43
PB2_vRNA	164	2154	0	0	1	1	0	8
PB2_vRNA	165	193	0	0	1	1	0	4
PB2_vRNA	165	309	0	0	1	5	0	108
PB2_vRNA	165	2068	0	0	1	0	33	7
PB2_vRNA	167	211	0	0	1	81	2	119
PB2_vRNA	172	2246	0	0	1	1	0	7
PB2_vRNA	173	2191	0	0	1	1	0	82
PB2_vRNA	175	2156	0	0	1	0	1	6
PB2_vRNA	176	2181	0	0	1	4	0	99
PB2_vRNA	178	2233	2	6	1	17	0	98
PB2_vRNA	179	300	0	0	1	2	1	92
PB2_vRNA	180	2167	0	0	1	2	0	70
PB2_vRNA	182	2185	0	0	1	0	1	9
PB2_vRNA	186	2154	0	0	1	1	0	1
PB2_vRNA	186	2173	0	0	1	1	1	38
PB2_vRNA	187	2047	0	0	1	1	0	40
PB2_vRNA	190	301	0	0	1	1	0	4
PB2_vRNA	191	1401	0	0	1	1	0	84
PB2_vRNA	192	2220	0	0	1	1	0	46
PB2_vRNA	193	2203	0	0	1	1	0	73
PB2_vRNA	194	2181	0	0	1	1	0	126
PB2_vRNA	195	350	0	0	1	1	0	68
PB2_vRNA	195	2161	0	0	1	3	0	1
PB2_vRNA	199	2058	0	0	1	2	0	31
PB2_vRNA	199	2187	0	0	1	4	0	104
PB2_vRNA	201	2190	0	0	1	2	0	51
PB2_vRNA	202	2149	0	0	1	13	4	62
PB2_vRNA	203	284	0	0	1	1	0	117
PB2_vRNA	203	2169	0	0	1	46	0	124
PB2_vRNA	205	2152	0	0	1	11	7	42
PB2_vRNA	205	2153	0	0	1	12	0	58
PB2_vRNA	205	2154	0	0	1	5	0	27
PB2_vRNA	206	2152	0	0	1	8436	6	127
PB2_vRNA	207	2149	0	0	1	44	20	127
PB2_vRNA	207	2151	0	0	1	27	0	60
PB2_vRNA	207	2209	0	0	1	3	0	90
PB2_vRNA	208	2129	0	0	1	19	0	120
PB2_vRNA	208	2148	0	0	1	3	0	39
PB2_vRNA	208	2149	0	0	1	3	1	5
PB2_vRNA	208	2156	0	0	1	3	4	55
PB2_vRNA	208	2181	0	0	1	7	0	134
PB2_vRNA	208	2230	0	0	1	1	0	8
PB2_vRNA	209	2149	0	0	1	33877	8	149
PB2_vRNA	209	2150	0	0	1	9	3	62
PB2_vRNA	209	2151	0	0	1	52	1	127
PB2_vRNA	209	2152	0	0	1	15	0	57
PB2_vRNA	209	2153	0	0	1	28	0	7
PB2_vRNA	210	1298	0	0	1	1	0	117
PB2_vRNA	210	2150	0	0	1	67	0	126
PB2_vRNA	210	2156	0	0	1	3	1	55
PB2_vRNA	211	262	0	0	1	1	0	7
PB2_vRNA	211	279	0	0	1	8	4	99
PB2_vRNA	212	306	0	0	1	2	0	119
PB2_vRNA	213	2117	0	0	1	25	0	120
PB2_vRNA	213	2222	0	0	1	10	0	90
PB2_vRNA	215	283	0	0	1	36	0	122
PB2_vRNA	216	1997	0	0	1	1	0	104
PB2_vRNA	217	2151	0	0	1	0	2	4
PB2_vRNA	217	2165	0	0	1	72	1	131
PB2_vRNA	217	2171	0	0	1	0	2	4
PB2_vRNA	217	2179	0	0	1	2	0	58
PB2_vRNA	217	2181	0	0	1	6	0	85
PB2_vRNA	218	2205	0	0	1	3	0	40
PB2_vRNA	219	2167	0	0	1	1	0	64
PB2_vRNA	220	285	0	0	1	3	0	11
PB2_vRNA	220	290	0	0	1	1	0	34
PB2_vRNA	227	264	0	0	1	2	0	23
PB2_vRNA	228	2178	0	0	1	2	0	67
PB2_vRNA	229	2134	0	0	1	1	0	56
PB2_vRNA	230	2165	0	0	1	3	0	109
PB2_vRNA	230	2201	0	0	1	3	0	85
PB2_vRNA	232	2117	0	0	1	2	0	121
PB2_vRNA	232	2175	0	0	1	89	0	147
PB2_vRNA	232	2223	0	0	1	1	0	3
PB2_vRNA	235	2194	0	0	1	1	0	94
PB2_vRNA	235	2197	0	0	1	3	0	96
PB2_vRNA	236	2134	0	0	1	8	0	91
PB2_vRNA	238	1668	0	0	1	1	0	58
PB2_vRNA	240	2207	0	0	1	1	0	83
PB2_vRNA	242	2165	0	0	1	12	0	104
PB2_vRNA	243	265	0	0	1	0	1	4
PB2_vRNA	243	1991	0	0	1	1	0	29
PB2_vRNA	244	423	0	0	1	2	0	45
PB2_vRNA	246	326	0	0	1	1	0	39
PB2_vRNA	246	2187	0	0	1	11	0	136
PB2_vRNA	246	2200	0	0	1	1	0	27
PB2_vRNA	247	2152	0	0	1	56	0	126
PB2_vRNA	249	2105	0	0	1	2	0	90
PB2_vRNA	249	2203	0	0	1	200	0	139
PB2_vRNA	249	2225	0	0	1	2	0	17
PB2_vRNA	251	2093	0	0	1	38	0	139
PB2_vRNA	251	2100	0	0	1	4	0	90
PB2_vRNA	252	2066	0	0	1	1	0	3
PB2_vRNA	254	2227	0	0	1	4	0	76
PB2_vRNA	257	2133	0	0	1	0	1	5
PB2_vRNA	257	2137	0	0	1	0	1	5
PB2_vRNA	258	2133	0	0	1	1	0	122
PB2_vRNA	259	585	0	0	1	1	0	37
PB2_vRNA	262	2166	0	0	1	1	0	5
PB2_vRNA	263	2195	0	0	1	5	0	112
PB2_vRNA	264	2180	0	0	1	28	0	127
PB2_vRNA	266	301	0	0	1	5	4	66
PB2_vRNA	266	2065	0	0	1	1	0	64
PB2_vRNA	267	290	0	0	1	1	0	3
PB2_vRNA	267	2096	0	0	1	2	0	19
PB2_vRNA	267	2169	0	0	1	1	2	7
PB2_vRNA	267	2240	0	0	1	1	0	76
PB2_vRNA	268	2097	0	0	1	85	0	140
PB2_vRNA	268	2180	0	0	1	40	0	111
PB2_vRNA	269	2171	0	0	1	0	1	4
PB2_vRNA	269	2240	0	0	1	258	0	103
PB2_vRNA	271	2185	2	4	1	3	6	49
PB2_vRNA	271	2216	2	2	1	5	2	93
PB2_vRNA	273	2218	0	0	1	2	0	81
PB2_vRNA	274	2219	0	0	1	1025	1	123
PB2_vRNA	274	2220	0	0	1	4	1	75
PB2_vRNA	274	2221	0	0	1	3	0	97
PB2_vRNA	275	2220	0	0	1	1	0	6
PB2_vRNA	278	2014	0	0	1	1268	0	148
PB2_vRNA	279	2015	0	0	1	1	0	15
PB2_vRNA	279	2146	0	0	1	1	0	3
PB2_vRNA	280	2099	0	0	1	3	0	41
PB2_vRNA	280	2133	0	0	1	1	0	3
PB2_vRNA	280	2151	0	0	1	43	0	117
PB2_vRNA	281	2099	0	0	1	8	0	79
PB2_vRNA	284	2101	0	0	1	378	1	144
PB2_vRNA	284	2114	0	0	1	1	0	3
PB2_vRNA	286	2103	0	0	1	1	0	22
PB2_vRNA	288	1893	0	0	1	1	0	3
PB2_vRNA	290	2101	0	0	1	7	0	109
PB2_vRNA	291	2021	0	0	1	1	0	47
PB2_vRNA	291	2024	0	0	1	1	0	2
PB2_vRNA	291	2183	0	0	1	4	0	103
PB2_vRNA	292	2127	0	0	1	12	0	123
PB2_vRNA	292	2152	0	0	1	5	2	72
PB2_vRNA	293	2023	0	0	1	1058	0	146
PB2_vRNA	293	2157	0	0	1	1	0	3
PB2_vRNA	296	2022	0	0	1	1	0	37
PB2_vRNA	298	2035	0	0	1	11	0	113
PB2_vRNA	300	2066	0	0	1	3	1	44
PB2_vRNA	306	2061	0	0	1	1	0	8
PB2_vRNA	306	2072	0	0	1	10	1	108
PB2_vRNA	307	2065	0	0	1	2	0	38
PB2_vRNA	307	2067	0	0	1	5	1	2
PB2_vRNA	307	2162	0	0	1	35	0	126
PB2_vRNA	308	2067	0	0	1	3	0	79
PB2_vRNA	309	2014	0	0	1	102	6	135
PB2_vRNA	309	2068	0	0	1	3	7	43
PB2_vRNA	309	2084	0	0	1	1	0	2
PB2_vRNA	310	2068	0	0	1	3273	45	147
PB2_vRNA	310	2070	0	0	1	4	0	38
PB2_vRNA	310	2072	0	0	1	1	4	78
PB2_vRNA	310	2134	0	0	1	1	0	4
PB2_vRNA	311	2069	0	0	1	7	0	114
PB2_vRNA	312	2061	0	0	1	1	0	13
PB2_vRNA	313	1974	0	0	1	14	0	125
PB2_vRNA	314	2037	0	0	1	1	0	52
PB2_vRNA	314	2063	0	0	1	106	0	135
PB2_vRNA	318	2071	0	0	1	2	0	3
PB2_vRNA	318	2155	0	0	1	1	0	79
PB2_vRNA	320	2151	0	0	1	1	0	4
PB2_vRNA	321	1968	0	0	1	16	0	133
PB2_vRNA	322	2082	0	0	1	3	0	140
PB2_vRNA	324	1981	0	0	1	136	0	145
PB2_vRNA	327	403	0	0	1	3	0	28
PB2_vRNA	327	2060	0	0	1	1	0	7
PB2_vRNA	329	339	0	0	1	1	0	26
PB2_vRNA	329	2116	0	0	1	0	1	3
PB2_vRNA	330	1971	0	0	1	4	0	97
PB2_vRNA	331	405	0	0	1	156	2	121
PB2_vRNA	331	2035	0	0	1	8	0	124
PB2_vRNA	332	2038	0	0	1	1	0	5
PB2_vRNA	335	2250	0	0	1	5	0	72
PB2_vRNA	338	2171	2	6	1	0	1	4
PB2_vRNA	341	2140	0	0	1	1	0	28
PB2_vRNA	342	2141	0	0	1	448	0	138
PB2_vRNA	347	2082	0	0	1	7	0	117
PB2_vRNA	349	2069	0	0	1	1	1	109
PB2_vRNA	349	2090	0	0	1	10	0	118
PB2_vRNA	354	855	0	0	1	1	0	9
PB2_vRNA	355	1267	0	0	1	1	0	10
PB2_vRNA	355	2085	0	0	1	5	0	110
PB2_vRNA	366	1277	0	0	1	1	0	134
PB2_vRNA	368	394	0	0	1	1	0	50
PB2_vRNA	369	2076	0	0	1	3	0	101
PB2_vRNA	370	2077	0	0	1	19	0	133
PB2_vRNA	373	2009	0	0	1	3	0	126
PB2_vRNA	375	2150	0	0	1	0	1	3
PB2_vRNA	376	2043	0	0	1	1	0	21
PB2_vRNA	378	2005	0	0	1	1	0	79
PB2_vRNA	382	882	0	0	1	1	0	74
PB2_vRNA	382	2065	0	0	1	2	0	70
PB2_vRNA	384	2054	0	0	1	4	0	118
PB2_vRNA	387	1952	0	0	1	1	3	104
PB2_vRNA	388	1954	0	0	1	1	0	58
PB2_vRNA	388	2168	0	0	1	13	0	9
PB2_vRNA	390	1041	0	0	1	1	0	56
PB2_vRNA	390	1955	0	0	1	368	3	146
PB2_vRNA	390	2014	0	0	1	0	1	3
PB2_vRNA	390	2019	0	0	1	5	0	77
PB2_vRNA	390	2042	0	0	1	4	0	92
PB2_vRNA	390	2063	0	0	1	3	0	90
PB2_vRNA	391	2022	0	0	1	1	1	59
PB2_vRNA	391	2068	0	0	1	0	1	3
PB2_vRNA	392	2062	0	0	1	9	0	104
PB2_vRNA	393	2084	0	0	1	2	0	23
PB2_vRNA	394	2204	0	0	1	9	0	103
PB2_vRNA	399	530	0	0	1	2	0	99
PB2_vRNA	400	2034	0	0	1	6	0	127
PB2_vRNA	402	2025	0	0	1	0	1	5
PB2_vRNA	409	2009	0	0	1	39	0	133
PB2_vRNA	409	2102	0	0	1	7	0	122
PB2_vRNA	412	1987	0	0	1	3	0	43
PB2_vRNA	416	2092	0	0	1	0	1	7
PB2_vRNA	417	2049	0	0	1	109	0	141
PB2_vRNA	419	1721	0	0	1	1	0	69
PB2_vRNA	421	2084	0	0	1	1	0	56
PB2_vRNA	424	452	0	0	1	0	1	6
PB2_vRNA	424	1941	0	0	1	3	0	87
PB2_vRNA	425	1941	0	0	1	2	0	2
PB2_vRNA	426	2076	0	0	1	1	0	5
PB2_vRNA	438	1835	0	0	1	6	0	80
PB2_vRNA	438	1953	0	0	1	1	0	3
PB2_vRNA	439	490	0	0	1	1	0	83
PB2_vRNA	439	1967	0	0	1	1	0	6
PB2_vRNA	439	1982	0	0	1	18	0	106
PB2_vRNA	441	1940	0	0	1	3	0	78
PB2_vRNA	442	1939	0	0	1	26	0	103
PB2_vRNA	442	1940	0	0	1	12	3	78
PB2_vRNA	443	2158	0	0	1	2	0	4
PB2_vRNA	444	1941	0	0	1	2383	3	149
PB2_vRNA	453	1895	0	0	1	0	1	3
PB2_vRNA	453	1953	0	0	1	14	0	95
PB2_vRNA	456	1963	0	0	1	5	0	102
PB2_vRNA	456	1966	0	0	1	1	0	4
PB2_vRNA	456	2016	0	0	1	1	0	46
PB2_vRNA	456	2088	0	0	1	1	0	98
PB2_vRNA	458	2006	0	0	1	19	0	110
PB2_vRNA	469	1325	0	0	1	3	0	96
PB2_vRNA	469	1876	0	0	1	44	0	142
PB2_vRNA	472	1865	0	0	1	4	0	79
PB2_vRNA	473	1123	0	0	1	0	1	3
PB2_vRNA	476	524	0	0	1	2	0	3
PB2_vRNA	477	2059	0	0	1	3	0	89
PB2_vRNA	480	1924	0	0	1	2	0	81
PB2_vRNA	492	1908	0	0	1	63	0	140
PB2_vRNA	492	1976	0	0	1	36	0	125
PB2_vRNA	494	1932	0	0	1	16	0	112
PB2_vRNA	496	1934	0	0	1	1	0	3
PB2_vRNA	499	1875	0	0	1	1	0	3
PB2_vRNA	500	626	1	5	1	7	0	46
PB2_vRNA	500	1285	1	5	1	2	3	9
PB2_vRNA	501	2018	0	0	1	295	2	130
PB2_vRNA	503	1469	0	0	1	1	0	95
PB2_vRNA	505	2022	0	0	1	0	2	52
PB2_vRNA	505	2097	0	0	1	1	0	72
PB2_vRNA	505	2109	0	0	1	2	0	67
PB2_vRNA	506	1909	0	0	1	1	0	74
PB2_vRNA	506	2045	0	0	1	1	0	124
PB2_vRNA	507	1921	0	0	1	2	0	122
PB2_vRNA	507	1923	0	0	1	11	0	139
PB2_vRNA	508	1865	0	0	1	30	0	126
PB2_vRNA	510	1923	0	0	1	1	0	2
PB2_vRNA	511	594	0	0	1	0	1	9
PB2_vRNA	511	1828	2	6	1	1	0	62
PB2_vRNA	512	1829	0	0	1	420	0	142
PB2_vRNA	512	1847	0	0	1	1	0	4
PB2_vRNA	512	1898	0	0	1	1	0	5
PB2_vRNA	512	2000	0	0	1	2	0	78
PB2_vRNA	513	1620	0	0	1	2	0	114
PB2_vRNA	513	1752	0	0	1	31	0	126
PB2_vRNA	513	1830	0	0	1	2	0	39
PB2_vRNA	513	2024	0	0	1	2	0	80
PB2_vRNA	514	1862	0	0	1	1	0	55
PB2_vRNA	514	2025	0	0	1	0	1	5
PB2_vRNA	516	1938	0	0	1	3	0	36
PB2_vRNA	517	1865	0	0	1	108	0	140
PB2_vRNA	517	1889	0	0	1	2	0	76
PB2_vRNA	517	1982	0	0	1	1	1	25
PB2_vRNA	517	2150	0	0	1	0	1	3
PB2_vRNA	519	1821	0	0	1	58	0	126
PB2_vRNA	520	1822	0	0	1	1	0	42
PB2_vRNA	523	1909	0	0	1	1	0	4
PB2_vRNA	523	1922	0	0	1	1	0	68
PB2_vRNA	528	1689	0	0	1	2	0	48
PB2_vRNA	530	883	0	0	1	1	0	39
PB2_vRNA	537	1597	0	0	1	1	0	122
PB2_vRNA	538	1781	0	0	1	242	0	141
PB2_vRNA	540	664	0	0	1	2	0	60
PB2_vRNA	540	1922	0	0	1	1	0	9
PB2_vRNA	541	1923	0	0	1	0	1	3
PB2_vRNA	542	1980	0	0	1	1	0	53
PB2_vRNA	543	1925	0	0	1	2	0	96
PB2_vRNA	544	1746	0	0	1	1	0	36
PB2_vRNA	546	1981	0	0	1	7	0	99
PB2_vRNA	549	1941	0	0	1	44	0	125
PB2_vRNA	551	1857	0	0	1	1	0	40
PB2_vRNA	552	1788	0	0	1	150	0	141
PB2_vRNA	559	1836	0	0	1	31	0	130
PB2_vRNA	560	1850	0	0	1	1	0	114
PB2_vRNA	562	2017	0	0	1	2	0	86
PB2_vRNA	564	1876	0	0	1	11	0	114
PB2_vRNA	566	1943	0	0	1	31	0	109
PB2_vRNA	569	1863	0	0	1	25	0	140
PB2_vRNA	574	1885	0	0	1	3	0	43
PB2_vRNA	576	1893	0	0	1	1	0	25
PB2_vRNA	576	2059	0	0	1	1	0	53
PB2_vRNA	577	1893	0	0	1	1	0	52
PB2_vRNA	580	1795	0	0	1	8	0	74
PB2_vRNA	580	1872	0	0	1	32	0	115
PB2_vRNA	581	600	0	0	1	3	0	101
PB2_vRNA	583	608	0	0	1	8	0	106
PB2_vRNA	584	1777	0	0	1	7	0	86
PB2_vRNA	585	1847	0	0	1	136	0	137
PB2_vRNA	589	1888	0	0	1	14	0	129
PB2_vRNA	596	1977	0	0	1	1	0	6
PB2_vRNA	601	1878	0	0	1	1	0	4
PB2_vRNA	602	629	0	0	1	1	0	1
PB2_vRNA	602	1827	0	0	1	11	0	63
PB2_vRNA	604	1587	0	0	1	1	0	47
PB2_vRNA	608	1601	0	0	1	1	0	5
PB2_vRNA	608	1870	0	0	1	1	0	63
PB2_vRNA	609	1892	0	0	1	0	1	4
PB2_vRNA	610	894	0	0	1	1	0	25
PB2_vRNA	614	1711	0	0	1	3	0	112
PB2_vRNA	617	1807	0	0	1	27	0	137
PB2_vRNA	622	1843	0	0	1	29	0	123
PB2_vRNA	635	650	0	0	1	1	0	4
PB2_vRNA	636	650	0	0	1	1	0	32
PB2_vRNA	639	1978	0	0	1	11	0	84
PB2_vRNA	641	1920	0	0	1	32	2	109
PB2_vRNA	645	1924	0	0	1	0	2	59
PB2_vRNA	651	1870	0	0	1	29	0	130
PB2_vRNA	651	1953	0	0	1	0	1	6
PB2_vRNA	657	1884	0	0	1	1	0	3
PB2_vRNA	661	805	0	0	1	1	0	39
PB2_vRNA	667	1743	0	0	1	1	0	68
PB2_vRNA	682	1823	0	0	1	1	0	6
PB2_vRNA	684	1625	0	0	1	1	0	39
PB2_vRNA	686	1827	0	0	1	227	0	149
PB2_vRNA	686	1854	0	0	1	2	0	87
PB2_vRNA	690	1820	0	0	1	13	0	86
PB2_vRNA	692	797	0	0	1	0	1	3
PB2_vRNA	692	2079	0	0	1	0	1	3
PB2_vRNA	694	1973	0	0	1	3	0	100
PB2_vRNA	698	893	0	0	1	1	0	7
PB2_vRNA	699	775	0	0	1	2	0	77
PB2_vRNA	702	747	0	0	1	1	0	63
PB2_vRNA	706	854	0	0	1	1	0	107
PB2_vRNA	706	2096	0	0	1	1	0	107
PB2_vRNA	708	832	1	5	1	0	1	4
PB2_vRNA	709	1720	0	0	1	2	0	136
PB2_vRNA	710	1703	0	0	1	1	0	14
PB2_vRNA	713	1656	0	0	1	2	0	100
PB2_vRNA	714	893	0	0	1	2	0	8
PB2_vRNA	715	741	0	0	1	1	0	3
PB2_vRNA	716	1720	0	0	1	1	0	83
PB2_vRNA	717	2197	0	0	1	2	0	40
PB2_vRNA	729	758	0	0	1	1	0	49
PB2_vRNA	730	1675	0	0	1	2	0	63
PB2_vRNA	742	1782	0	0	1	75	0	119
PB2_vRNA	745	2058	0	0	1	1	0	3
PB2_vRNA	748	1144	0	0	1	1	0	65
PB2_vRNA	750	1596	0	0	1	1	0	67
PB2_vRNA	776	1600	0	0	1	2	0	102
PB2_vRNA	790	2186	0	0	1	985	1	145
PB2_vRNA	790	2187	0	0	1	2	0	104
PB2_vRNA	791	801	0	0	1	1	0	23
PB2_vRNA	798	1660	0	0	1	1	0	44
PB2_vRNA	810	1567	0	0	1	6	0	132
PB2_vRNA	829	2102	0	0	1	1	0	37
PB2_vRNA	840	1291	0	0	1	1	0	6
PB2_vRNA	848	1691	0	0	1	4	0	109
PB2_vRNA	853	905	0	0	1	1	0	24
PB2_vRNA	853	1505	0	0	1	2	0	69
PB2_vRNA	875	2186	0	0	1	1	0	27
PB2_vRNA	878	1499	0	0	1	1	0	65
PB2_vRNA	878	2042	0	0	1	2	0	80
PB2_vRNA	880	1586	0	0	1	2	0	62
PB2_vRNA	895	950	0	0	1	1	0	8
PB2_vRNA	898	1517	0	0	1	1	0	3
PB2_vRNA	905	2055	0	0	1	1	0	12
PB2_vRNA	912	1386	0	0	1	1	0	62
PB2_vRNA	917	2070	2	6	1	0	1	5
PB2_vRNA	928	1633	0	0	1	2	0	75
PB2_vRNA	942	1618	0	0	1	8	1	113
PB2_vRNA	969	1461	0	0	1	1	0	17
PB2_vRNA	1005	1062	0	0	1	1	0	33
PB2_vRNA	1011	1251	0	0	1	1	0	71
PB2_vRNA	1037	1137	0	0	1	1	0	34
PB2_vRNA	1084	2114	0	0	1	1	0	97
PB2_vRNA	1099	1511	0	0	1	2	0	69
PB2_vRNA	1157	1802	0	0	1	1	0	5
PB2_vRNA	1158	2052	0	0	1	1	0	10
PB2_vRNA	1166	1366	0	0	1	1	0	27
PB2_vRNA	1232	2162	0	0	1	1	0	57
PB2_vRNA	1293	1369	0	0	1	1	0	38
PB2_vRNA	1293	1472	0	0	1	1	0	105
PB2_vRNA	1299	1364	0	0	1	1	0	45
PB2_vRNA	1314	2063	0	0	1	2	0	84
PB2_vRNA	1418	1455	0	0	1	3	0	98
PB2_vRNA	1419	1495	2	4	1	2	0	35
PB2_vRNA	1431	2247	0	0	1	1	1	76
PB2_vRNA	1431	2248	0	0	1	158	3	96
PB2_vRNA	1431	2249	0	0	1	2	1	82
PB2_vRNA	1455	1495	0	0	1	2	0	20
PB2_vRNA	1477	1561	0	0	1	2	0	52
PB2_vRNA	1502	2044	0	0	1	2	0	55
PB2_vRNA	1556	1589	0	0	1	5	0	127
PB2_vRNA	1602	1632	0	0	1	4	0	64
PB2_vRNA	1643	2100	0	0	1	1	0	69
PB2_vRNA	1646	2093	0	0	1	2	0	18
PB2_vRNA	1674	1714	0	0	1	1	0	40
PB2_vRNA	1681	1774	0	0	1	1	0	53
PB2_vRNA	1698	1781	0	0	1	1	0	4
PB2_vRNA	1751	1787	0	0	1	3	0	125
PB2_vRNA	1770	2269	0	0	1	1	0	7
PB2_vRNA	1827	1936	0	0	1	6	0	127
PB2_vRNA	1853	1867	0	0	1	8	0	123
PB2_vRNA	1881	1922	0	0	1	1	0	83
PB2_vRNA	1904	1968	0	0	1	1	0	3
PB2_vRNA	1985	2015	0	0	1	144	3	136
PB2_vRNA	2005	2058	0	0	1	1	0	3
PB2_vRNA	2078	2093	0	0	1	1	1	91
PB2_vRNA	2107	2122	0	0	1	0	1	5
PB2_vRNA	2201	2231	0	0	1	1	0	3
PB2_vRNA	2209	2243	0	0	1	2	0	56
PB2_vRNA	2212	2246	0	0	1	6854	27	64
PB2_vRNA	2213	2247	0	0	1	26	8	60
PB2_vRNA	2303	2310	0	0	1	1	0	1
