HA_vRNA	94	158	0	0	1	1	0	62
HA_vRNA	166	1444	0	0	1	1	0	58
HA_vRNA	187	650	0	0	1	1	0	136
HA_vRNA	194	706	0	0	1	1	0	64
HA_vRNA	200	664	0	0	1	2	0	136
HA_vRNA	227	545	0	0	1	1	0	24
HA_vRNA	256	1578	0	0	1	1	0	29
HA_vRNA	257	1587	0	0	1	1	0	40
HA_vRNA	260	275	0	0	1	1	0	32
HA_vRNA	260	1528	0	0	1	1	0	102
HA_vRNA	260	1559	0	0	1	1	0	56
HA_vRNA	268	538	0	0	1	1	0	106
HA_vRNA	270	518	0	0	1	1	0	68
HA_vRNA	270	520	0	0	1	5	0	102
HA_vRNA	270	1644	0	0	1	1	0	83
HA_vRNA	272	1328	0	0	1	1	0	137
HA_vRNA	273	1598	0	0	1	1	0	51
HA_vRNA	275	1610	0	0	1	1	0	80
HA_vRNA	278	1575	0	0	1	1	0	120
HA_vRNA	279	1543	0	0	1	1	0	127
HA_vRNA	280	541	0	0	1	2	0	26
HA_vRNA	281	531	0	0	1	1	0	94
HA_vRNA	282	503	0	0	1	1	0	141
HA_vRNA	282	525	0	0	1	1	0	27
HA_vRNA	286	520	0	0	1	1	0	95
HA_vRNA	295	1343	0	0	1	1	0	42
HA_vRNA	296	1519	0	0	1	1	0	98
HA_vRNA	297	1651	0	0	1	1	0	60
HA_vRNA	301	1612	0	0	1	3	0	93
HA_vRNA	302	1598	0	0	1	1	0	70
HA_vRNA	303	1509	0	0	1	3	0	140
HA_vRNA	306	454	0	0	1	1	0	98
HA_vRNA	306	1650	0	0	1	1	0	21
HA_vRNA	308	355	0	0	1	1	0	95
HA_vRNA	311	338	0	0	1	2	0	39
HA_vRNA	313	1478	0	0	1	1	0	72
HA_vRNA	316	1113	0	0	1	1	0	61
HA_vRNA	326	1512	1	3	1	2	0	108
HA_vRNA	330	1521	0	0	1	1	0	20
HA_vRNA	331	1560	0	0	1	1	0	75
HA_vRNA	332	1544	0	0	1	1	0	31
HA_vRNA	332	1659	0	0	1	1	0	15
HA_vRNA	342	1565	0	0	1	1	0	119
HA_vRNA	347	1636	0	0	1	1	0	84
HA_vRNA	352	959	0	0	1	1	0	39
HA_vRNA	356	1461	0	0	1	1	0	78
HA_vRNA	370	1531	0	0	1	1	0	61
HA_vRNA	371	1505	0	0	1	2	0	144
HA_vRNA	379	1345	2	6	1	2	0	130
HA_vRNA	382	1578	0	0	1	1	0	92
HA_vRNA	388	1523	0	0	1	1	0	81
HA_vRNA	395	443	0	0	1	1	0	140
HA_vRNA	399	1616	0	0	1	1	0	104
HA_vRNA	404	1528	0	0	1	1	0	113
HA_vRNA	410	1468	0	0	1	1	0	36
HA_vRNA	410	1509	0	0	1	1	0	113
HA_vRNA	416	1473	0	0	1	1	0	72
HA_vRNA	436	1544	0	0	1	1	0	83
HA_vRNA	437	663	2	6	1	1	0	3
HA_vRNA	449	1407	0	0	1	1	0	138
HA_vRNA	450	675	0	0	1	1	0	3
HA_vRNA	451	1006	0	0	1	1	0	9
HA_vRNA	460	1567	0	0	1	1	0	104
HA_vRNA	485	1580	0	0	1	1	0	100
HA_vRNA	487	1115	0	0	1	1	0	46
HA_vRNA	489	678	0	0	1	1	0	130
HA_vRNA	490	1372	0	0	1	1	0	84
HA_vRNA	499	1636	0	0	1	1	0	22
HA_vRNA	523	880	0	0	1	1	0	88
HA_vRNA	540	1438	0	0	1	1	0	22
HA_vRNA	546	1337	0	0	1	1	0	109
HA_vRNA	584	1351	0	0	1	1	0	114
HA_vRNA	593	1275	0	0	1	1	0	96
HA_vRNA	601	1269	0	0	1	1	0	62
HA_vRNA	613	740	0	0	1	1	0	3
HA_vRNA	636	1628	0	0	1	1	0	92
HA_vRNA	640	731	0	0	1	1	0	26
HA_vRNA	643	904	0	0	1	1	0	82
HA_vRNA	655	961	0	0	1	1	0	109
HA_vRNA	658	678	0	0	1	1	0	5
HA_vRNA	679	758	0	0	1	1	0	35
HA_vRNA	690	1244	0	0	1	1	0	60
HA_vRNA	697	784	0	0	1	1	0	57
HA_vRNA	704	967	0	0	1	1	0	87
HA_vRNA	707	1005	0	0	1	1	0	91
HA_vRNA	717	969	0	0	1	1	0	90
HA_vRNA	721	1301	0	0	1	1	0	6
HA_vRNA	727	1267	0	0	1	1	0	59
HA_vRNA	729	1110	0	0	1	1	0	62
HA_vRNA	746	1257	0	0	1	1	0	5
HA_vRNA	751	1076	0	0	1	6	0	73
HA_vRNA	751	1314	0	0	1	1	0	96
HA_vRNA	753	1175	0	0	1	1	0	87
HA_vRNA	762	950	0	0	1	1	0	30
HA_vRNA	763	971	0	0	1	2	0	106
HA_vRNA	775	1281	0	0	1	1	0	57
HA_vRNA	776	806	0	0	1	1	0	147
HA_vRNA	776	1075	0	0	1	1	0	37
HA_vRNA	788	1222	0	0	1	1	0	87
HA_vRNA	792	1183	0	0	1	1	0	110
HA_vRNA	796	987	0	0	1	1	0	32
HA_vRNA	820	1075	0	0	1	1	0	9
HA_vRNA	821	1031	0	0	1	1	0	66
HA_vRNA	822	902	0	0	1	1	0	125
HA_vRNA	824	1223	0	0	1	1	0	114
HA_vRNA	885	1195	0	0	1	1	0	90
HA_vRNA	891	1007	0	0	1	1	0	3
HA_vRNA	912	1180	0	0	1	1	0	38
HA_vRNA	933	968	0	0	1	1	0	75
HA_vRNA	948	1090	2	2	1	1	0	32
HA_vRNA	949	1107	0	0	1	1	0	79
HA_vRNA	955	1090	1	5	1	1	0	70
HA_vRNA	962	1538	0	0	1	1	0	132
HA_vRNA	983	1066	0	0	1	1	0	34
HA_vRNA	1004	1213	0	0	1	1	0	39
HA_vRNA	1054	1165	0	0	1	1	0	39
HA_vRNA	1068	1156	0	0	1	1	0	39
HA_vRNA	1188	1336	0	0	1	1	0	94
HA_vRNA	1250	1516	0	0	1	1	0	122
HA_vRNA	1303	1529	0	0	1	1	0	43
HA_vRNA	1328	1516	0	0	1	2	0	53
HA_vRNA	1500	1545	0	0	1	1	0	35
HA_vRNA	1572	1685	0	0	1	1	0	35
M_vRNA	100	133	0	0	1	1	0	76
M_vRNA	100	402	0	0	1	1	0	59
M_vRNA	185	494	0	0	1	3	0	88
M_vRNA	189	389	0	0	1	2	0	92
M_vRNA	190	211	0	0	1	1	0	6
M_vRNA	191	835	0	0	1	1	0	114
M_vRNA	193	393	0	0	1	94	0	147
M_vRNA	196	326	0	0	1	1	0	19
M_vRNA	199	390	0	0	1	49	0	146
M_vRNA	217	395	0	0	1	17	0	140
M_vRNA	219	390	0	0	1	1	0	122
M_vRNA	220	854	0	0	1	1	0	101
M_vRNA	235	728	0	0	1	1	0	75
M_vRNA	242	306	0	0	1	1	0	109
M_vRNA	251	746	0	0	1	1	0	3
M_vRNA	261	359	0	0	1	2	0	20
M_vRNA	274	621	0	0	1	1	0	82
M_vRNA	274	674	0	0	1	3	0	89
M_vRNA	285	486	0	0	1	1	0	8
M_vRNA	292	363	0	0	1	3	0	4
M_vRNA	292	381	0	0	1	1	0	88
M_vRNA	350	626	0	0	1	1	0	103
M_vRNA	374	433	2	4	1	2	0	112
M_vRNA	376	516	0	0	1	3	0	139
M_vRNA	376	636	0	0	1	1	0	76
M_vRNA	377	635	0	0	1	1	0	40
M_vRNA	389	534	0	0	1	1	0	41
M_vRNA	391	647	0	0	1	1	0	6
M_vRNA	397	438	0	0	1	6	0	139
M_vRNA	407	428	0	0	1	6	0	41
M_vRNA	410	655	0	0	1	0	1	5
M_vRNA	410	658	0	0	1	4	1	24
M_vRNA	411	662	0	0	1	1	0	70
M_vRNA	426	628	0	0	1	2	0	34
M_vRNA	427	642	0	0	1	5	0	103
M_vRNA	427	657	0	0	1	1	0	17
M_vRNA	435	658	0	0	1	19	0	148
M_vRNA	438	640	0	0	1	2	0	94
M_vRNA	440	648	0	0	1	1	0	65
M_vRNA	442	642	2	4	1	1	0	76
M_vRNA	468	541	0	0	1	1	0	95
M_vRNA	515	646	0	0	1	1	0	134
M_vRNA	517	603	0	0	1	1	0	29
M_vRNA	523	704	0	0	1	1	0	66
M_vRNA	534	586	0	0	1	1	0	83
M_vRNA	549	606	0	0	1	1	0	124
M_vRNA	552	638	0	0	1	1	0	5
M_vRNA	580	642	0	0	1	1	0	38
M_vRNA	583	609	0	0	1	1	0	35
M_vRNA	593	624	0	0	1	1	0	71
M_vRNA	594	628	0	0	1	5	0	137
M_vRNA	595	642	0	0	1	2	0	134
M_vRNA	601	619	0	0	1	1	0	5
M_vRNA	601	621	0	0	1	4	0	132
M_vRNA	618	652	0	0	1	1	0	81
M_vRNA	683	722	0	0	1	1	0	78
M_vRNA	730	798	0	0	1	1	0	58
M_vRNA	749	802	0	0	1	3	0	9
NA_vRNA	73	691	0	0	1	1	0	4
NA_vRNA	99	598	0	0	1	1	0	60
NA_vRNA	114	151	0	0	1	1	0	87
NA_vRNA	142	1259	0	0	1	1	0	90
NA_vRNA	150	1279	0	0	1	1	0	25
NA_vRNA	151	595	0	0	1	1	0	67
NA_vRNA	152	624	0	0	1	18	0	91
NA_vRNA	167	1181	0	0	1	1	0	80
NA_vRNA	172	1230	0	0	1	7	0	105
NA_vRNA	173	1308	0	0	1	142	0	103
NA_vRNA	174	691	0	0	1	4	0	88
NA_vRNA	174	1226	0	0	1	1	0	87
NA_vRNA	180	1194	0	0	1	1	0	87
NA_vRNA	181	1336	0	0	1	1	0	76
NA_vRNA	182	1245	0	0	1	1	0	45
NA_vRNA	185	1273	0	0	1	14	0	92
NA_vRNA	187	1253	0	0	1	1	0	40
NA_vRNA	189	1335	0	0	1	3	0	62
NA_vRNA	190	1225	0	0	1	3	0	111
NA_vRNA	196	1256	0	0	1	2	0	50
NA_vRNA	214	1276	0	0	1	1	0	53
NA_vRNA	214	1334	0	0	1	2	0	62
NA_vRNA	216	1129	0	0	1	2	0	63
NA_vRNA	217	1261	0	0	1	6	0	104
NA_vRNA	218	1251	0	0	1	1	0	39
NA_vRNA	234	1258	0	0	1	1	0	43
NA_vRNA	235	1268	0	0	1	2	0	97
NA_vRNA	236	276	0	0	1	1	0	122
NA_vRNA	236	1143	0	0	1	1	0	26
NA_vRNA	236	1184	0	0	1	2	0	95
NA_vRNA	236	1256	0	0	1	1	0	65
NA_vRNA	238	1339	0	0	1	1	0	57
NA_vRNA	249	1158	0	0	1	1	0	60
NA_vRNA	249	1248	0	0	1	1	0	81
NA_vRNA	250	1270	0	0	1	1	0	29
NA_vRNA	256	344	0	0	1	1	0	61
NA_vRNA	263	786	1	5	1	1	0	4
NA_vRNA	264	1201	0	0	1	1	0	66
NA_vRNA	271	1169	0	0	1	1	0	89
NA_vRNA	275	429	0	0	1	1	0	72
NA_vRNA	275	1167	0	0	1	1	0	68
NA_vRNA	276	1158	0	0	1	2	0	145
NA_vRNA	276	1185	0	0	1	1	0	62
NA_vRNA	276	1190	0	0	1	1	0	76
NA_vRNA	282	342	2	2	1	1	0	78
NA_vRNA	292	1157	0	0	1	1	0	101
NA_vRNA	298	563	0	0	1	1	0	96
NA_vRNA	305	343	0	0	1	1	0	24
NA_vRNA	306	633	0	0	1	1	0	5
NA_vRNA	315	1135	0	0	1	1	0	68
NA_vRNA	316	691	0	0	1	1	0	76
NA_vRNA	317	532	0	0	1	1	0	25
NA_vRNA	318	1186	0	0	1	1	0	85
NA_vRNA	320	1123	0	0	1	1	0	90
NA_vRNA	321	1138	0	0	1	1	0	67
NA_vRNA	322	1211	0	0	1	2	0	118
NA_vRNA	325	452	0	0	1	1	0	3
NA_vRNA	325	669	0	0	1	1	0	11
NA_vRNA	328	769	0	0	1	1	0	81
NA_vRNA	333	1145	0	0	1	1	0	24
NA_vRNA	334	1189	2	6	1	2	0	119
NA_vRNA	337	1204	0	0	1	22	0	140
NA_vRNA	341	1163	0	0	1	2	0	50
NA_vRNA	342	1230	0	0	1	2	0	72
NA_vRNA	353	777	0	0	1	1	0	93
NA_vRNA	354	951	0	0	1	1	0	59
NA_vRNA	359	1289	0	0	1	1	0	63
NA_vRNA	365	499	0	0	1	1	0	107
NA_vRNA	367	496	0	0	1	1	0	87
NA_vRNA	367	1231	0	0	1	1	0	71
NA_vRNA	371	920	0	0	1	2	0	88
NA_vRNA	373	683	0	0	1	1	0	18
NA_vRNA	375	482	0	0	1	1	0	143
NA_vRNA	376	1257	0	0	1	1	0	28
NA_vRNA	381	553	0	0	1	1	0	23
NA_vRNA	382	1128	0	0	1	1	0	21
NA_vRNA	385	1040	0	0	1	1	0	27
NA_vRNA	385	1097	0	0	1	1	0	73
NA_vRNA	386	1012	0	0	1	1	0	69
NA_vRNA	386	1135	0	0	1	1	0	59
NA_vRNA	388	1012	0	0	1	1	0	103
NA_vRNA	389	1253	0	0	1	2	0	44
NA_vRNA	394	1074	0	0	1	1	0	103
NA_vRNA	395	477	0	0	1	1	0	37
NA_vRNA	396	676	0	0	1	1	0	86
NA_vRNA	396	1279	0	0	1	1	0	20
NA_vRNA	402	1140	0	0	1	1	0	39
NA_vRNA	403	1314	0	0	1	1	0	58
NA_vRNA	407	988	0	0	1	1	0	56
NA_vRNA	410	1076	0	0	1	1	0	137
NA_vRNA	414	1042	0	0	1	1	0	50
NA_vRNA	416	1036	0	0	1	2	0	82
NA_vRNA	417	687	0	0	1	1	0	3
NA_vRNA	420	842	0	0	1	1	0	110
NA_vRNA	422	1069	0	0	1	1	0	102
NA_vRNA	423	1023	0	0	1	1	0	30
NA_vRNA	430	1076	0	0	1	1	0	68
NA_vRNA	442	486	2	4	1	2	0	4
NA_vRNA	447	923	0	0	1	1	0	123
NA_vRNA	447	1035	0	0	1	1	0	87
NA_vRNA	447	1070	0	0	1	1	0	74
NA_vRNA	449	491	0	0	1	1	0	133
NA_vRNA	449	972	0	0	1	1	0	22
NA_vRNA	450	544	0	0	1	1	0	77
NA_vRNA	450	553	0	0	1	1	0	65
NA_vRNA	453	1076	0	0	1	2	0	37
NA_vRNA	456	1015	0	0	1	2	0	84
NA_vRNA	456	1071	0	0	1	1	0	84
NA_vRNA	459	1041	0	0	1	1	0	26
NA_vRNA	462	1121	0	0	1	1	0	27
NA_vRNA	462	1137	0	0	1	1	0	78
NA_vRNA	469	1075	0	0	1	2	0	64
NA_vRNA	469	1093	0	0	1	26	0	135
NA_vRNA	470	1099	0	0	1	1	0	48
NA_vRNA	478	1088	0	0	1	1	0	100
NA_vRNA	492	1108	0	0	1	2	0	41
NA_vRNA	494	690	0	0	1	2	0	139
NA_vRNA	494	977	0	0	1	2	0	5
NA_vRNA	497	880	0	0	1	1	0	27
NA_vRNA	504	1018	0	0	1	1	0	123
NA_vRNA	510	920	0	0	1	1	0	114
NA_vRNA	512	543	0	0	1	2	0	109
NA_vRNA	518	568	0	0	1	1	0	106
NA_vRNA	521	1010	0	0	1	1	0	45
NA_vRNA	522	935	0	0	1	1	0	29
NA_vRNA	523	1085	0	0	1	1	0	27
NA_vRNA	524	884	0	0	1	1	0	96
NA_vRNA	524	1015	0	0	1	1	0	26
NA_vRNA	525	937	0	0	1	1	0	102
NA_vRNA	526	955	0	0	1	1	0	59
NA_vRNA	529	1042	0	0	1	1	0	36
NA_vRNA	534	1016	0	0	1	1	0	119
NA_vRNA	537	1008	0	0	1	1	0	87
NA_vRNA	543	1014	0	0	1	1	0	61
NA_vRNA	549	1110	0	0	1	4	0	59
NA_vRNA	553	1030	0	0	1	1	0	28
NA_vRNA	559	939	0	0	1	1	0	55
NA_vRNA	563	669	0	0	1	1	0	101
NA_vRNA	563	943	0	0	1	1	0	24
NA_vRNA	564	1071	0	0	1	1	0	82
NA_vRNA	568	742	0	0	1	1	0	90
NA_vRNA	570	695	0	0	1	1	0	41
NA_vRNA	572	742	0	0	1	1	0	34
NA_vRNA	576	709	0	0	1	1	0	98
NA_vRNA	580	701	0	0	1	3	0	137
NA_vRNA	589	883	0	0	1	1	0	106
NA_vRNA	597	637	0	0	1	1	0	68
NA_vRNA	600	1072	0	0	1	1	0	51
NA_vRNA	606	1189	0	0	1	60	0	149
NA_vRNA	608	751	0	0	1	1	0	73
NA_vRNA	621	732	0	0	1	1	0	82
NA_vRNA	631	1004	0	0	1	1	1	106
NA_vRNA	644	937	0	0	1	2	0	72
NA_vRNA	655	997	0	0	1	3	0	138
NA_vRNA	660	1001	0	0	1	1	0	111
NA_vRNA	663	946	0	0	1	1	0	100
NA_vRNA	675	1074	0	0	1	1	0	20
NA_vRNA	676	882	0	0	1	1	0	55
NA_vRNA	686	866	0	0	1	1	0	95
NA_vRNA	691	707	0	0	1	1	0	41
NA_vRNA	717	743	0	0	1	1	0	32
NA_vRNA	720	777	0	0	1	1	0	128
NA_vRNA	725	1335	0	0	1	2	0	37
NA_vRNA	732	1073	0	0	1	4	0	66
NA_vRNA	739	822	0	0	1	1	0	20
NA_vRNA	744	809	0	0	1	2	0	51
NA_vRNA	744	1039	1	1	1	1	0	93
NA_vRNA	748	1337	0	0	1	1	0	21
NA_vRNA	752	776	0	0	1	1	0	113
NA_vRNA	785	839	0	0	1	1	0	10
NA_vRNA	801	1077	0	0	1	1	0	57
NA_vRNA	803	1115	0	0	1	1	0	32
NA_vRNA	807	1324	0	0	1	15	0	73
NA_vRNA	811	937	0	0	1	1	0	64
NA_vRNA	844	885	0	0	1	2	0	87
NA_vRNA	848	987	0	0	1	1	0	3
NA_vRNA	862	1006	0	0	1	2	0	100
NA_vRNA	874	1013	0	0	1	1	0	50
NA_vRNA	876	1036	0	0	1	1	0	89
NA_vRNA	883	1087	0	0	1	1	0	38
NA_vRNA	888	1006	0	0	1	0	1	6
NA_vRNA	890	904	0	0	1	1	0	3
NA_vRNA	914	951	0	0	1	1	0	29
NA_vRNA	928	1008	0	0	1	10	0	141
NA_vRNA	933	1232	0	0	1	1	0	60
NA_vRNA	940	1047	0	0	1	1	0	35
NA_vRNA	948	1054	0	0	1	1	0	85
NA_vRNA	993	1223	0	0	1	1	0	66
NA_vRNA	998	1022	0	0	1	1	0	36
NA_vRNA	1008	1045	0	0	1	1	0	48
NA_vRNA	1032	1051	0	0	1	2	0	46
NA_vRNA	1049	1108	0	0	1	1	0	133
NA_vRNA	1065	1092	0	0	1	1	0	47
NA_vRNA	1072	1099	0	0	1	1	0	77
NA_vRNA	1094	1159	0	0	1	1	0	113
NA_vRNA	1097	1167	0	0	1	1	0	37
NA_vRNA	1142	1170	0	0	1	2	0	116
NA_vRNA	1163	1181	0	0	1	1	0	134
NA_vRNA	1195	1232	0	0	1	1	0	40
NA_vRNA	1307	1324	0	0	1	1	0	26
NP_vRNA	69	677	0	0	1	1	0	26
NP_vRNA	83	1117	0	0	1	1	0	42
NP_vRNA	84	324	0	0	1	12	0	56
NP_vRNA	116	245	0	0	1	1	0	40
NP_vRNA	137	546	0	0	1	1	0	107
NP_vRNA	143	1072	0	0	1	1	0	4
NP_vRNA	154	738	0	0	1	1	0	104
NP_vRNA	155	1106	0	0	1	1	0	31
NP_vRNA	167	354	0	0	1	1	0	87
NP_vRNA	180	401	0	0	1	1	0	36
NP_vRNA	183	1124	0	0	1	1	0	101
NP_vRNA	189	1175	0	0	1	1	0	65
NP_vRNA	195	274	0	0	1	1	0	11
NP_vRNA	195	276	0	0	1	1	0	50
NP_vRNA	195	1419	0	0	1	1	0	76
NP_vRNA	198	1402	0	0	1	1	0	10
NP_vRNA	198	1446	0	0	1	1	0	60
NP_vRNA	203	1413	0	0	1	29	0	133
NP_vRNA	204	1402	0	0	1	1	0	130
NP_vRNA	206	1408	0	0	1	1	0	19
NP_vRNA	211	271	2	6	1	5	0	113
NP_vRNA	211	1402	0	0	1	1	0	47
NP_vRNA	215	1432	0	0	1	1	0	74
NP_vRNA	223	1402	0	0	1	1	0	83
NP_vRNA	225	1424	0	0	1	1	0	35
NP_vRNA	233	1129	0	0	1	2	0	57
NP_vRNA	235	1386	0	0	1	1	0	117
NP_vRNA	235	1408	0	0	1	1	0	99
NP_vRNA	239	1349	0	0	1	1	0	99
NP_vRNA	240	1385	0	0	1	1	0	22
NP_vRNA	241	1402	0	0	1	1	0	83
NP_vRNA	243	743	0	0	1	1	0	76
NP_vRNA	243	1020	0	0	1	1	0	102
NP_vRNA	243	1366	0	0	1	1	0	119
NP_vRNA	249	396	0	0	1	1	0	37
NP_vRNA	249	1427	0	0	1	1	0	114
NP_vRNA	250	329	0	0	1	1	0	7
NP_vRNA	250	1358	0	0	1	1	0	119
NP_vRNA	253	1366	0	0	1	1	0	128
NP_vRNA	260	306	0	0	1	1	0	28
NP_vRNA	260	1366	0	0	1	1	0	103
NP_vRNA	262	1430	0	0	1	4	0	41
NP_vRNA	263	1352	0	0	1	1	0	99
NP_vRNA	263	1368	0	0	1	1	0	22
NP_vRNA	268	1393	0	0	1	1	0	82
NP_vRNA	273	1282	0	0	1	1	0	91
NP_vRNA	277	1307	0	0	1	1	0	66
NP_vRNA	278	1338	0	0	1	1	0	55
NP_vRNA	281	1403	0	0	1	1	0	82
NP_vRNA	292	1359	0	0	1	2	0	118
NP_vRNA	296	1279	0	0	1	2	0	58
NP_vRNA	304	332	0	0	1	1	0	46
NP_vRNA	313	1310	0	0	1	1	0	22
NP_vRNA	318	1293	0	0	1	1	0	115
NP_vRNA	324	1314	0	0	1	1	0	23
NP_vRNA	331	1367	0	0	1	4	0	131
NP_vRNA	337	1103	0	0	1	1	0	132
NP_vRNA	337	1315	0	0	1	1	0	59
NP_vRNA	340	814	0	0	1	1	0	62
NP_vRNA	341	910	0	0	1	2	0	120
NP_vRNA	344	1074	0	0	1	1	0	52
NP_vRNA	345	910	0	0	1	3	0	75
NP_vRNA	346	902	0	0	1	2	0	102
NP_vRNA	347	806	0	0	1	1	0	6
NP_vRNA	349	469	0	0	1	1	0	134
NP_vRNA	352	1040	0	0	1	2	0	98
NP_vRNA	362	421	0	0	1	1	0	87
NP_vRNA	367	578	0	0	1	1	0	126
NP_vRNA	374	718	0	0	1	2	0	128
NP_vRNA	374	1256	0	0	1	1	0	128
NP_vRNA	375	720	0	0	1	1	0	62
NP_vRNA	377	1314	0	0	1	1	0	101
NP_vRNA	379	719	0	0	1	1	0	106
NP_vRNA	379	721	0	0	1	1	0	18
NP_vRNA	379	882	0	0	1	2	0	125
NP_vRNA	379	1248	0	0	1	1	0	60
NP_vRNA	380	724	0	0	1	12	0	141
NP_vRNA	385	1175	0	0	1	1	0	89
NP_vRNA	391	422	0	0	1	1	0	3
NP_vRNA	391	1196	0	0	1	1	0	39
NP_vRNA	395	705	0	0	1	4	0	112
NP_vRNA	397	492	0	0	1	1	0	36
NP_vRNA	399	1165	0	0	1	1	0	62
NP_vRNA	400	424	0	0	1	1	0	50
NP_vRNA	401	1310	0	0	1	1	0	74
NP_vRNA	405	1102	0	0	1	1	0	39
NP_vRNA	406	1122	0	0	1	1	0	5
NP_vRNA	406	1216	0	0	1	3	0	40
NP_vRNA	411	679	2	6	1	3	0	5
NP_vRNA	411	889	2	6	1	1	0	3
NP_vRNA	421	811	0	0	1	1	0	58
NP_vRNA	424	1089	0	0	1	7	0	139
NP_vRNA	430	1151	0	0	1	1	0	27
NP_vRNA	433	844	0	0	1	2	0	112
NP_vRNA	434	1368	0	0	1	3	0	97
NP_vRNA	440	1222	0	0	1	1	0	45
NP_vRNA	441	1067	0	0	1	1	0	3
NP_vRNA	444	1189	0	0	1	1	0	49
NP_vRNA	449	1095	0	0	1	1	0	74
NP_vRNA	459	1233	0	0	1	1	0	37
NP_vRNA	469	1151	0	0	1	1	0	49
NP_vRNA	477	1103	0	0	1	1	0	8
NP_vRNA	488	603	0	0	1	1	0	128
NP_vRNA	500	1174	0	0	1	1	0	59
NP_vRNA	502	1191	0	0	1	2	0	18
NP_vRNA	506	1023	0	0	1	1	0	84
NP_vRNA	507	1181	0	0	1	1	0	121
NP_vRNA	513	1115	0	0	1	1	0	10
NP_vRNA	515	653	0	0	1	1	0	64
NP_vRNA	517	1142	0	0	1	2	0	96
NP_vRNA	521	1179	0	0	1	1	0	109
NP_vRNA	528	633	0	0	1	1	0	3
NP_vRNA	534	1119	0	0	1	1	0	62
NP_vRNA	537	685	0	0	1	2	0	101
NP_vRNA	549	865	2	6	1	1	0	127
NP_vRNA	549	1001	0	0	1	1	0	48
NP_vRNA	549	1140	0	0	1	1	0	93
NP_vRNA	557	594	0	0	1	2	0	94
NP_vRNA	564	1074	0	0	1	1	0	65
NP_vRNA	566	1050	0	0	1	1	0	98
NP_vRNA	566	1097	0	0	1	1	0	21
NP_vRNA	569	1137	0	0	1	1	0	73
NP_vRNA	569	1171	0	0	1	2	0	127
NP_vRNA	603	634	0	0	1	1	0	104
NP_vRNA	606	699	0	0	1	1	0	6
NP_vRNA	661	1045	0	0	1	1	0	7
NP_vRNA	662	806	0	0	1	1	0	89
NP_vRNA	663	798	0	0	1	1	0	94
NP_vRNA	667	938	0	0	1	1	0	115
NP_vRNA	670	729	0	0	1	1	0	4
NP_vRNA	691	771	0	0	1	1	0	133
NP_vRNA	693	700	0	0	1	1	0	19
NP_vRNA	695	805	0	0	1	1	0	89
NP_vRNA	714	1015	0	0	1	1	0	82
NP_vRNA	716	760	0	0	1	1	0	102
NP_vRNA	724	789	0	0	1	1	0	119
NP_vRNA	724	791	0	0	1	1	0	44
NP_vRNA	724	793	0	0	1	2	0	73
NP_vRNA	733	1121	0	0	1	1	0	97
NP_vRNA	735	771	0	0	1	1	0	55
NP_vRNA	736	1086	0	0	1	1	0	131
NP_vRNA	737	823	0	0	1	1	0	75
NP_vRNA	746	799	0	0	1	1	0	127
NP_vRNA	757	1125	0	0	1	1	0	89
NP_vRNA	759	783	0	0	1	1	0	116
NP_vRNA	765	938	0	0	1	2	0	142
NP_vRNA	769	864	0	0	1	1	0	106
NP_vRNA	770	939	0	0	1	1	0	125
NP_vRNA	773	822	0	0	1	1	0	52
NP_vRNA	774	1047	0	0	1	1	0	83
NP_vRNA	784	893	0	0	1	1	0	55
NP_vRNA	797	846	0	0	1	1	0	51
NP_vRNA	805	1036	0	0	1	2	0	120
NP_vRNA	806	1045	0	0	1	2	0	105
NP_vRNA	807	855	0	0	1	2	0	3
NP_vRNA	810	1087	0	0	1	1	0	15
NP_vRNA	811	1148	0	0	1	2	0	134
NP_vRNA	816	1005	0	0	1	1	0	50
NP_vRNA	818	862	0	0	1	2	0	18
NP_vRNA	855	1086	0	0	1	2	1	131
NP_vRNA	855	1137	0	0	1	0	1	3
NP_vRNA	858	890	0	0	1	1	0	128
NP_vRNA	866	877	0	0	1	1	0	27
NP_vRNA	875	1044	0	0	1	1	0	30
NP_vRNA	883	938	0	0	1	1	0	34
NP_vRNA	884	1040	0	0	1	1	0	71
NP_vRNA	884	1044	0	0	1	1	0	23
NP_vRNA	894	1204	0	0	1	3	0	88
NP_vRNA	897	954	0	0	1	1	0	53
NP_vRNA	897	1202	0	0	1	1	0	71
NP_vRNA	900	1018	0	0	1	1	0	84
NP_vRNA	902	938	0	0	1	2	0	89
NP_vRNA	904	938	0	0	1	1	0	116
NP_vRNA	904	1196	0	0	1	1	0	3
NP_vRNA	907	939	0	0	1	3	0	76
NP_vRNA	911	1044	0	0	1	2	0	90
NP_vRNA	915	1043	0	0	1	3	0	126
NP_vRNA	918	1091	0	0	1	1	0	75
NP_vRNA	922	1223	0	0	1	1	0	132
NP_vRNA	939	969	0	0	1	2	0	85
NP_vRNA	939	1118	0	0	1	1	0	49
NP_vRNA	951	1046	0	0	1	1	0	8
NP_vRNA	953	1024	0	0	1	1	0	34
NP_vRNA	957	1087	0	0	1	1	0	98
NP_vRNA	958	1047	0	0	1	1	0	72
NP_vRNA	958	1148	0	0	1	1	0	33
NP_vRNA	959	1098	0	0	1	1	0	83
NP_vRNA	983	1032	2	2	1	1	0	95
NP_vRNA	1002	1157	0	0	1	1	0	29
NP_vRNA	1025	1114	0	0	1	1	0	37
NP_vRNA	1093	1116	0	0	1	1	0	60
NP_vRNA	1110	1166	0	0	1	1	0	70
NP_vRNA	1177	1295	0	0	1	1	0	3
NP_vRNA	1197	1242	0	0	1	1	0	128
NP_vRNA	1202	1378	0	0	1	1	0	39
NP_vRNA	1287	1297	0	0	1	1	0	55
NP_vRNA	1367	1389	0	0	1	1	0	33
NP_vRNA	1394	1422	0	0	1	1	0	39
NP_vRNA	1415	1468	0	0	1	1	0	73
NS_vRNA	70	673	0	0	1	1	0	9
NS_vRNA	161	683	0	0	1	1	0	37
NS_vRNA	189	616	0	0	1	3	0	123
NS_vRNA	192	232	0	0	1	1	0	23
NS_vRNA	196	528	0	0	1	1	0	5
NS_vRNA	202	624	0	0	1	1	0	64
NS_vRNA	224	612	0	0	1	1	0	132
NS_vRNA	227	784	0	0	1	1	0	22
NS_vRNA	233	768	0	0	1	1	0	123
NS_vRNA	254	543	0	0	1	1	0	9
NS_vRNA	257	600	0	0	1	1	0	51
NS_vRNA	264	523	0	0	1	1	0	142
NS_vRNA	285	613	0	0	1	2	0	113
NS_vRNA	308	644	0	0	1	1	0	61
NS_vRNA	319	608	0	0	1	6	0	81
NS_vRNA	325	698	0	0	1	1	0	96
NS_vRNA	357	647	0	0	1	0	1	10
NS_vRNA	361	525	0	0	1	1	0	49
NS_vRNA	392	703	0	0	1	1	0	119
NS_vRNA	393	471	0	0	1	1	0	7
NS_vRNA	465	515	0	0	1	1	0	84
NS_vRNA	473	588	0	0	1	2	0	5
NS_vRNA	478	546	0	0	1	1	0	4
NS_vRNA	479	521	0	0	1	1	0	106
NS_vRNA	504	556	0	0	1	1	0	136
NS_vRNA	557	625	0	0	1	2	0	64
NS_vRNA	558	630	0	0	1	1	0	28
NS_vRNA	568	727	0	0	1	1	0	33
NS_vRNA	581	643	0	0	1	0	1	6
NS_vRNA	668	720	0	0	1	1	0	111
NS_vRNA	669	796	0	0	1	1	0	17
NS_vRNA	700	730	0	0	1	1	1	110
NS_vRNA	769	805	0	0	1	1	0	48
PA_vRNA	54	145	0	0	1	0	1	8
PA_vRNA	61	883	0	0	1	1	0	43
PA_vRNA	62	1006	0	0	1	1	0	28
PA_vRNA	67	888	0	0	1	1	0	11
PA_vRNA	69	1609	0	0	1	1	0	51
PA_vRNA	73	602	2	6	1	21	0	3
PA_vRNA	78	252	0	0	1	1	0	7
PA_vRNA	95	176	0	0	1	1	0	6
PA_vRNA	98	164	0	0	1	0	1	9
PA_vRNA	102	216	0	0	1	2	0	74
PA_vRNA	107	2066	0	0	1	1	0	87
PA_vRNA	110	805	0	0	1	1	0	82
PA_vRNA	115	174	0	0	1	1	0	38
PA_vRNA	115	175	0	0	1	5	1	97
PA_vRNA	123	167	0	0	1	1	0	36
PA_vRNA	125	233	0	0	1	1	0	97
PA_vRNA	125	470	0	0	1	1	0	78
PA_vRNA	140	325	0	0	1	1	0	6
PA_vRNA	143	1336	0	0	1	1	0	27
PA_vRNA	149	1584	0	0	1	1	0	97
PA_vRNA	153	1134	0	0	1	2	0	53
PA_vRNA	158	1707	0	0	1	1	1	9
PA_vRNA	160	1972	0	0	1	4	0	132
PA_vRNA	161	2086	0	0	1	1	0	109
PA_vRNA	170	2104	0	0	1	1	0	130
PA_vRNA	172	1351	0	0	1	1	0	56
PA_vRNA	172	1641	0	0	1	1	0	140
PA_vRNA	173	2073	0	0	1	4	0	112
PA_vRNA	173	2104	0	0	1	1	0	59
PA_vRNA	174	1507	0	0	1	2	0	26
PA_vRNA	175	2123	0	0	1	5	0	100
PA_vRNA	178	2120	0	0	1	1	0	9
PA_vRNA	179	2147	0	0	1	2	0	70
PA_vRNA	180	2053	0	0	1	3	0	122
PA_vRNA	181	2106	0	0	1	1	0	36
PA_vRNA	185	1816	1	1	1	1	0	70
PA_vRNA	196	1936	0	0	1	1	0	18
PA_vRNA	196	2076	0	0	1	1	0	32
PA_vRNA	197	2103	0	0	1	2	0	38
PA_vRNA	203	2108	0	0	1	1	0	34
PA_vRNA	205	1824	0	0	1	1	0	63
PA_vRNA	209	257	0	0	1	1	0	52
PA_vRNA	209	1763	0	0	1	1	0	73
PA_vRNA	210	2053	0	0	1	1	0	32
PA_vRNA	211	1997	0	0	1	1	0	39
PA_vRNA	211	2104	0	0	1	2	0	38
PA_vRNA	212	2075	0	0	1	1	0	68
PA_vRNA	213	256	0	0	1	1	0	5
PA_vRNA	213	2023	0	0	1	1	0	73
PA_vRNA	214	2105	0	0	1	0	1	3
PA_vRNA	216	2122	0	0	1	1	0	60
PA_vRNA	219	1864	0	0	1	2	0	56
PA_vRNA	222	692	0	0	1	1	0	44
PA_vRNA	222	1963	0	0	1	1	0	89
PA_vRNA	222	2090	0	0	1	1	0	5
PA_vRNA	224	2030	0	0	1	1	0	5
PA_vRNA	225	695	0	0	1	124	0	50
PA_vRNA	225	1976	0	0	1	4	0	130
PA_vRNA	225	2027	0	0	1	2	0	73
PA_vRNA	225	2113	0	0	1	30	0	121
PA_vRNA	226	1999	0	0	1	1	0	1
PA_vRNA	227	2106	0	0	1	1	0	25
PA_vRNA	229	2020	0	0	1	1	0	79
PA_vRNA	230	2062	0	0	1	4	0	131
PA_vRNA	231	1931	0	0	1	1	0	3
PA_vRNA	234	1973	0	0	1	1	0	87
PA_vRNA	234	2082	0	0	1	1	0	55
PA_vRNA	235	1914	0	0	1	1	0	23
PA_vRNA	236	1977	0	0	1	1	0	39
PA_vRNA	236	2032	0	0	1	2	0	89
PA_vRNA	236	2079	0	0	1	1	0	1
PA_vRNA	236	2088	0	0	1	2	0	112
PA_vRNA	236	2090	0	0	1	1	0	87
PA_vRNA	237	2068	0	0	1	4	0	124
PA_vRNA	237	2090	0	0	1	1	0	1
PA_vRNA	237	2107	0	0	1	1	0	126
PA_vRNA	238	1998	0	0	1	0	8	6
PA_vRNA	238	2016	0	0	1	6	0	102
PA_vRNA	238	2050	0	0	1	4	0	107
PA_vRNA	238	2060	0	0	1	0	1	16
PA_vRNA	238	2074	0	0	1	1	0	32
PA_vRNA	238	2090	0	0	1	2039	10	148
PA_vRNA	239	1969	0	0	1	1	0	56
PA_vRNA	240	2050	0	0	1	5	0	92
PA_vRNA	240	2092	0	0	1	2	0	100
PA_vRNA	241	2101	2	4	1	1	0	35
PA_vRNA	242	1987	0	0	1	14	0	148
PA_vRNA	243	324	0	0	1	1	0	6
PA_vRNA	243	1998	0	0	1	553	1	149
PA_vRNA	243	2067	0	0	1	23	0	150
PA_vRNA	244	1999	0	0	1	1	0	53
PA_vRNA	245	2069	0	0	1	1	0	3
PA_vRNA	245	2096	0	0	1	25	0	131
PA_vRNA	246	886	0	0	1	1	0	68
PA_vRNA	246	923	0	0	1	1	0	68
PA_vRNA	246	1580	0	0	1	1	0	67
PA_vRNA	246	2040	0	0	1	4	0	137
PA_vRNA	246	2063	0	0	1	1	0	101
PA_vRNA	247	1982	0	0	1	1	0	50
PA_vRNA	247	1983	0	0	1	4	0	113
PA_vRNA	247	2073	0	0	1	1	0	138
PA_vRNA	248	1791	0	0	1	148	0	149
PA_vRNA	248	2100	0	0	1	1	0	122
PA_vRNA	249	2090	0	0	1	1	0	3
PA_vRNA	250	1793	2	6	1	1	0	35
PA_vRNA	250	1965	0	0	1	1	0	93
PA_vRNA	250	1976	0	0	1	2	0	112
PA_vRNA	250	2031	0	0	1	1	0	45
PA_vRNA	250	2062	0	0	1	3	0	27
PA_vRNA	250	2072	0	0	1	1	0	124
PA_vRNA	251	2055	0	0	1	2	0	114
PA_vRNA	252	1995	0	0	1	3	0	74
PA_vRNA	252	2005	0	0	1	1	0	2
PA_vRNA	252	2025	0	0	1	1	0	118
PA_vRNA	252	2076	0	0	1	0	1	5
PA_vRNA	252	2143	0	0	1	6	0	90
PA_vRNA	253	2034	0	0	1	1	0	1
PA_vRNA	253	2054	0	0	1	1	0	65
PA_vRNA	253	2061	0	0	1	1	1	2
PA_vRNA	253	2073	0	0	1	1	0	117
PA_vRNA	254	1870	0	0	1	4	0	118
PA_vRNA	254	1989	0	0	1	2	0	34
PA_vRNA	254	2061	0	0	1	681	0	150
PA_vRNA	255	1934	0	0	1	1	0	95
PA_vRNA	255	2062	0	0	1	2	0	121
PA_vRNA	256	2036	0	0	1	2	0	107
PA_vRNA	257	2032	0	0	1	3	0	57
PA_vRNA	257	2057	0	0	1	3	0	104
PA_vRNA	258	1937	0	0	1	6	0	122
PA_vRNA	258	1940	0	0	1	48	0	149
PA_vRNA	258	2044	0	0	1	1	0	105
PA_vRNA	258	2050	0	0	1	32	0	132
PA_vRNA	258	2077	0	0	1	1	0	69
PA_vRNA	259	2053	0	0	1	1	0	69
PA_vRNA	259	2087	0	0	1	1	0	76
PA_vRNA	260	1959	0	0	1	1	0	78
PA_vRNA	260	2011	0	0	1	1	0	56
PA_vRNA	260	2142	0	0	1	11	0	85
PA_vRNA	261	301	0	0	1	2	0	61
PA_vRNA	262	2000	0	0	1	1	0	139
PA_vRNA	262	2001	0	0	1	2	0	44
PA_vRNA	262	2030	0	0	1	4	0	113
PA_vRNA	262	2063	0	0	1	1	0	110
PA_vRNA	263	2052	0	0	1	2	0	36
PA_vRNA	263	2057	0	0	1	1	0	115
PA_vRNA	263	2097	0	0	1	3	0	137
PA_vRNA	264	2023	0	0	1	82	0	146
PA_vRNA	264	2033	0	0	1	1	0	53
PA_vRNA	264	2053	0	0	1	1	0	86
PA_vRNA	265	1932	0	0	1	1	0	29
PA_vRNA	265	2034	0	0	1	5	0	107
PA_vRNA	266	1982	0	0	1	1	1	102
PA_vRNA	266	1996	0	0	1	1	0	1
PA_vRNA	266	2052	0	0	1	2	0	88
PA_vRNA	266	2058	0	0	1	0	1	6
PA_vRNA	266	2094	0	0	1	1	0	78
PA_vRNA	267	1879	0	0	1	1	0	26
PA_vRNA	267	2024	0	0	1	1	0	89
PA_vRNA	267	2051	0	0	1	12	0	142
PA_vRNA	267	2069	2	2	1	1	0	23
PA_vRNA	268	2052	0	0	1	147	1	68
PA_vRNA	269	1823	2	6	1	2	0	54
PA_vRNA	269	2002	0	0	1	1	0	62
PA_vRNA	269	2010	2	6	1	2	0	81
PA_vRNA	269	2052	0	0	1	1	0	27
PA_vRNA	270	1950	0	0	1	4	0	94
PA_vRNA	270	2072	0	0	1	23	1	148
PA_vRNA	270	2089	0	0	1	2	0	64
PA_vRNA	271	2088	0	0	1	1	0	70
PA_vRNA	272	2005	0	0	1	3	0	78
PA_vRNA	273	1925	0	0	1	1	0	109
PA_vRNA	273	1999	0	0	1	1	0	51
PA_vRNA	273	2041	0	0	1	57	0	5
PA_vRNA	274	307	0	0	1	1	0	42
PA_vRNA	274	2045	0	0	1	13	0	44
PA_vRNA	277	1977	0	0	1	1	0	59
PA_vRNA	277	2048	0	0	1	4	0	80
PA_vRNA	278	2051	0	0	1	1	0	71
PA_vRNA	278	2141	0	0	1	2	0	81
PA_vRNA	279	310	0	0	1	1	0	4
PA_vRNA	279	2089	0	0	1	1	0	110
PA_vRNA	281	2048	0	0	1	1	0	88
PA_vRNA	282	1987	0	0	1	1	0	43
PA_vRNA	282	2050	0	0	1	2	0	39
PA_vRNA	282	2099	0	0	1	3	0	126
PA_vRNA	283	2043	0	0	1	1	0	141
PA_vRNA	283	2050	0	0	1	3	0	91
PA_vRNA	283	2088	0	0	1	2	0	53
PA_vRNA	284	2024	0	0	1	10	0	115
PA_vRNA	285	2027	0	0	1	322	0	149
PA_vRNA	286	1952	0	0	1	15	0	141
PA_vRNA	286	2051	0	0	1	12	0	124
PA_vRNA	287	2021	0	0	1	1	0	102
PA_vRNA	287	2042	0	0	1	1	0	122
PA_vRNA	287	2047	0	0	1	3	0	97
PA_vRNA	288	1963	0	0	1	5	0	119
PA_vRNA	288	2038	0	0	1	1	0	22
PA_vRNA	289	355	0	0	1	3	0	10
PA_vRNA	289	1089	0	0	1	2	0	79
PA_vRNA	289	2028	0	0	1	2	1	8
PA_vRNA	290	2048	0	0	1	3	0	93
PA_vRNA	291	355	0	0	1	1	0	3
PA_vRNA	291	2030	0	0	1	1	0	3
PA_vRNA	292	355	0	0	1	187	1	124
PA_vRNA	292	1933	0	0	1	1	0	35
PA_vRNA	292	1962	0	0	1	1	0	34
PA_vRNA	292	2026	0	0	1	1	0	63
PA_vRNA	292	2049	0	0	1	288	0	143
PA_vRNA	293	1939	0	0	1	1	0	117
PA_vRNA	293	2061	0	0	1	1	0	128
PA_vRNA	293	2074	0	0	1	1	0	105
PA_vRNA	293	2102	0	0	1	1	0	41
PA_vRNA	294	357	0	0	1	1	0	5
PA_vRNA	294	1823	2	6	1	1	0	97
PA_vRNA	294	1892	0	0	1	1	0	35
PA_vRNA	294	1982	0	0	1	3	0	94
PA_vRNA	294	1997	0	0	1	56	0	149
PA_vRNA	294	2048	0	0	1	1	0	133
PA_vRNA	294	2059	0	0	1	1	0	42
PA_vRNA	294	2073	0	0	1	1	0	67
PA_vRNA	294	2160	0	0	1	1	0	26
PA_vRNA	295	367	0	0	1	0	1	4
PA_vRNA	295	2001	0	0	1	1	0	117
PA_vRNA	295	2051	0	0	1	3	0	98
PA_vRNA	296	2055	0	0	1	2	0	25
PA_vRNA	297	333	0	0	1	1	0	55
PA_vRNA	297	655	0	0	1	1	0	28
PA_vRNA	297	1933	0	0	1	2	0	42
PA_vRNA	297	1983	0	0	1	1	0	33
PA_vRNA	298	2037	0	0	1	108	0	147
PA_vRNA	298	2104	0	0	1	20	0	130
PA_vRNA	299	1963	0	0	1	2	0	92
PA_vRNA	299	1975	0	0	1	1	0	124
PA_vRNA	299	1983	0	0	1	2	0	50
PA_vRNA	299	1985	0	0	1	111	0	145
PA_vRNA	300	1930	0	0	1	1	0	33
PA_vRNA	301	2013	0	0	1	2	0	128
PA_vRNA	302	426	0	0	1	1	0	3
PA_vRNA	303	393	0	0	1	1	0	35
PA_vRNA	303	2005	0	0	1	1	0	136
PA_vRNA	303	2043	0	0	1	141	0	149
PA_vRNA	303	2117	0	0	1	1	0	53
PA_vRNA	304	2052	0	0	1	1	0	47
PA_vRNA	305	429	2	2	1	1	6	47
PA_vRNA	305	1875	0	0	1	1	0	43
PA_vRNA	305	2033	2	2	1	0	1	3
PA_vRNA	305	2073	0	0	1	1	0	13
PA_vRNA	305	2119	0	0	1	347	0	115
PA_vRNA	306	1959	0	0	1	1	0	114
PA_vRNA	307	1971	0	0	1	4	0	129
PA_vRNA	307	1993	0	0	1	1	0	1
PA_vRNA	308	1875	0	0	1	3	0	89
PA_vRNA	308	1993	0	0	1	1045	3	150
PA_vRNA	309	433	0	0	1	358	0	44
PA_vRNA	309	1995	0	0	1	1	1	94
PA_vRNA	309	1996	0	0	1	2	0	3
PA_vRNA	310	323	0	0	1	2	0	75
PA_vRNA	310	505	0	0	1	2	0	32
PA_vRNA	310	2028	0	0	1	1	0	115
PA_vRNA	311	2063	0	0	1	1	0	36
PA_vRNA	312	1962	0	0	1	1	0	32
PA_vRNA	312	2028	0	0	1	0	1	3
PA_vRNA	313	1962	0	0	1	1	0	123
PA_vRNA	313	1998	0	0	1	1	0	91
PA_vRNA	313	2057	0	0	1	1	0	107
PA_vRNA	313	2127	0	0	1	3	0	89
PA_vRNA	314	1947	0	0	1	1	0	56
PA_vRNA	316	328	0	0	1	12	0	80
PA_vRNA	316	2081	0	0	1	1	0	28
PA_vRNA	317	2022	0	0	1	4	0	94
PA_vRNA	317	2122	0	0	1	2	0	70
PA_vRNA	318	1959	0	0	1	1	0	130
PA_vRNA	318	1991	0	0	1	3	0	1
PA_vRNA	318	2040	0	0	1	2	0	114
PA_vRNA	319	1889	0	0	1	1	0	30
PA_vRNA	319	1999	0	0	1	1	0	70
PA_vRNA	319	2026	2	2	1	2	0	62
PA_vRNA	319	2033	2	2	1	0	1	3
PA_vRNA	319	2117	0	0	1	0	1	3
PA_vRNA	319	2123	0	0	1	42	0	111
PA_vRNA	320	2011	0	0	1	1	0	38
PA_vRNA	321	329	0	0	1	1	0	3
PA_vRNA	321	1941	0	0	1	1	0	45
PA_vRNA	321	1973	0	0	1	3	0	118
PA_vRNA	321	1997	0	0	1	1	0	38
PA_vRNA	321	1998	0	0	1	0	1	3
PA_vRNA	321	2103	0	0	1	1	0	61
PA_vRNA	322	403	0	0	1	1	0	69
PA_vRNA	322	1936	0	0	1	2	0	142
PA_vRNA	322	2030	0	0	1	17	0	112
PA_vRNA	323	1981	0	0	1	2	0	100
PA_vRNA	325	332	0	0	1	2	0	66
PA_vRNA	326	515	0	0	1	2	0	60
PA_vRNA	329	1864	0	0	1	0	1	3
PA_vRNA	329	2088	0	0	1	1	0	51
PA_vRNA	329	2096	0	0	1	2	1	51
PA_vRNA	330	556	0	0	1	2	0	46
PA_vRNA	330	2005	0	0	1	2	0	139
PA_vRNA	330	2021	0	0	1	2	0	121
PA_vRNA	331	373	0	0	1	1	0	81
PA_vRNA	331	2011	0	0	1	303	0	146
PA_vRNA	332	2012	0	0	1	1	0	61
PA_vRNA	332	2084	0	0	1	19	1	143
PA_vRNA	334	1889	0	0	1	1	0	23
PA_vRNA	334	1960	0	0	1	1	0	18
PA_vRNA	334	2044	0	0	1	1	0	45
PA_vRNA	335	1784	0	0	1	1	0	77
PA_vRNA	335	1904	0	0	1	2	0	145
PA_vRNA	335	1915	0	0	1	1	0	43
PA_vRNA	335	1964	0	0	1	1	0	76
PA_vRNA	335	1997	0	0	1	0	1	3
PA_vRNA	335	2015	0	0	1	1	1	29
PA_vRNA	335	2019	0	0	1	2	0	72
PA_vRNA	335	2049	0	0	1	1	0	107
PA_vRNA	335	2052	0	0	1	0	1	3
PA_vRNA	336	1766	0	0	1	8	0	80
PA_vRNA	336	1891	0	0	1	1	0	41
PA_vRNA	336	1894	0	0	1	27	0	141
PA_vRNA	336	1920	0	0	1	3	0	69
PA_vRNA	336	1950	0	0	1	1	0	67
PA_vRNA	340	1923	0	0	1	1	0	85
PA_vRNA	343	1930	0	0	1	1	0	3
PA_vRNA	344	415	0	0	1	1	0	139
PA_vRNA	347	1964	0	0	1	6	0	105
PA_vRNA	347	2063	0	0	1	1	0	24
PA_vRNA	348	2115	0	0	1	1	0	74
PA_vRNA	349	1934	0	0	1	1	0	35
PA_vRNA	350	1658	0	0	1	1	0	103
PA_vRNA	350	2015	0	0	1	1	0	78
PA_vRNA	351	360	0	0	1	1	0	8
PA_vRNA	351	1809	0	0	1	1	0	89
PA_vRNA	351	1881	0	0	1	2	0	39
PA_vRNA	351	1886	0	0	1	2	0	69
PA_vRNA	351	1914	0	0	1	2	0	98
PA_vRNA	351	1932	0	0	1	2	0	96
PA_vRNA	351	1986	0	0	1	18	0	115
PA_vRNA	351	1990	0	0	1	1	0	88
PA_vRNA	351	2017	0	0	1	1	0	82
PA_vRNA	352	377	1	3	1	0	1	3
PA_vRNA	352	1937	0	0	1	1	0	88
PA_vRNA	352	1973	0	0	1	1	0	41
PA_vRNA	353	1952	0	0	1	1	0	80
PA_vRNA	354	1892	0	0	1	2	0	50
PA_vRNA	355	2005	0	0	1	2	0	132
PA_vRNA	356	1983	0	0	1	1	0	37
PA_vRNA	356	2015	0	0	1	1	0	4
PA_vRNA	357	1952	0	0	1	1	0	136
PA_vRNA	359	2074	0	0	1	1	0	109
PA_vRNA	360	1919	0	0	1	1	0	18
PA_vRNA	361	1916	0	0	1	2	0	42
PA_vRNA	361	1926	2	4	1	10	0	108
PA_vRNA	361	2024	0	0	1	442	0	148
PA_vRNA	362	1995	0	0	1	2	0	83
PA_vRNA	363	1963	0	0	1	11	0	131
PA_vRNA	363	1969	0	0	1	5	0	139
PA_vRNA	363	1976	0	0	1	1	0	61
PA_vRNA	363	2027	0	0	1	1	0	35
PA_vRNA	366	1763	0	0	1	1	0	23
PA_vRNA	367	1989	0	0	1	1	0	93
PA_vRNA	367	1993	0	0	1	1	0	47
PA_vRNA	368	1978	2	6	1	1	0	58
PA_vRNA	368	2146	0	0	1	2	0	75
PA_vRNA	369	1972	0	0	1	4	0	117
PA_vRNA	370	2053	0	0	1	2	0	36
PA_vRNA	370	2074	0	0	1	11	0	128
PA_vRNA	371	1998	0	0	1	1	0	39
PA_vRNA	373	1979	0	0	1	1	0	66
PA_vRNA	374	1127	0	0	1	1	0	115
PA_vRNA	375	1948	0	0	1	1	0	23
PA_vRNA	375	2095	0	0	1	1	0	52
PA_vRNA	376	1984	0	0	1	1	0	104
PA_vRNA	377	2001	0	0	1	2	0	24
PA_vRNA	377	2003	0	0	1	1	0	67
PA_vRNA	378	414	0	0	1	1	0	117
PA_vRNA	379	1870	0	0	1	2	0	72
PA_vRNA	380	1953	0	0	1	2	0	62
PA_vRNA	381	527	0	0	1	2	0	39
PA_vRNA	381	1957	0	0	1	1	0	130
PA_vRNA	382	1852	0	0	1	1	0	72
PA_vRNA	382	1905	0	0	1	1	0	52
PA_vRNA	384	1893	0	0	1	1	0	39
PA_vRNA	385	1964	0	0	1	1	0	132
PA_vRNA	386	1818	0	0	1	1	0	114
PA_vRNA	386	1862	0	0	1	1	0	43
PA_vRNA	386	1964	0	0	1	1	0	44
PA_vRNA	387	1958	0	0	1	14	0	118
PA_vRNA	387	2020	0	0	1	1	0	3
PA_vRNA	389	1916	0	0	1	4	0	40
PA_vRNA	390	1868	0	0	1	1	0	80
PA_vRNA	390	1904	0	0	1	1	0	26
PA_vRNA	390	1946	0	0	1	2	0	81
PA_vRNA	391	2012	0	0	1	2	0	138
PA_vRNA	391	2032	0	0	1	1	0	54
PA_vRNA	392	1932	0	0	1	1	0	87
PA_vRNA	392	1965	0	0	1	12	0	124
PA_vRNA	392	1976	0	0	1	1	0	82
PA_vRNA	392	2010	2	6	1	2	0	127
PA_vRNA	394	1827	0	0	1	0	3	6
PA_vRNA	394	2033	2	2	1	1	0	66
PA_vRNA	395	421	0	0	1	1	0	108
PA_vRNA	395	1908	0	0	1	1	0	24
PA_vRNA	395	1926	0	0	1	1	0	15
PA_vRNA	395	1946	0	0	1	4	0	143
PA_vRNA	396	1943	0	0	1	1	0	16
PA_vRNA	397	729	0	0	1	1	0	70
PA_vRNA	397	1916	0	0	1	3	0	43
PA_vRNA	398	1841	0	0	1	2	0	40
PA_vRNA	398	2143	0	0	1	1	0	30
PA_vRNA	402	2137	0	0	1	1	0	97
PA_vRNA	403	1332	0	0	1	1	0	62
PA_vRNA	403	1994	0	0	1	2	0	137
PA_vRNA	405	1874	0	0	1	7	0	86
PA_vRNA	406	952	0	0	1	1	0	27
PA_vRNA	407	1832	0	0	1	1	0	129
PA_vRNA	407	1871	0	0	1	2	0	145
PA_vRNA	407	1985	0	0	1	1	0	92
PA_vRNA	408	1824	0	0	1	1	0	108
PA_vRNA	408	1944	0	0	1	2	0	63
PA_vRNA	408	2077	0	0	1	1	0	100
PA_vRNA	409	1929	0	0	1	1	0	88
PA_vRNA	409	1931	0	0	1	1	0	75
PA_vRNA	409	1934	0	0	1	1	0	7
PA_vRNA	409	1956	0	0	1	2	1	80
PA_vRNA	410	1843	0	0	1	1	0	25
PA_vRNA	410	1872	0	0	1	2	0	97
PA_vRNA	410	2019	0	0	1	1	0	106
PA_vRNA	410	2043	0	0	1	1	0	61
PA_vRNA	411	1651	0	0	1	2	0	32
PA_vRNA	411	1954	0	0	1	11	0	144
PA_vRNA	411	2052	0	0	1	1	0	36
PA_vRNA	412	1956	0	0	1	1	0	16
PA_vRNA	412	2000	0	0	1	1	0	26
PA_vRNA	413	685	0	0	1	1	0	68
PA_vRNA	415	1979	0	0	1	1	0	74
PA_vRNA	416	1888	0	0	1	4	0	111
PA_vRNA	417	460	0	0	1	1	0	4
PA_vRNA	417	2052	0	0	1	1	0	37
PA_vRNA	419	1881	0	0	1	2	0	71
PA_vRNA	419	1902	0	0	1	1	0	8
PA_vRNA	420	1930	0	0	1	1	0	101
PA_vRNA	420	1943	0	0	1	1	0	101
PA_vRNA	420	1959	0	0	1	1	0	28
PA_vRNA	421	1983	0	0	1	5	0	116
PA_vRNA	423	1824	0	0	1	0	3	3
PA_vRNA	423	1931	0	0	1	1	0	116
PA_vRNA	424	1996	0	0	1	1	0	99
PA_vRNA	425	907	0	0	1	1	0	43
PA_vRNA	425	1013	0	0	1	1	0	7
PA_vRNA	425	1822	0	0	1	2	0	46
PA_vRNA	425	1825	0	0	1	1	0	3
PA_vRNA	425	1879	0	0	1	1	0	105
PA_vRNA	426	479	0	0	1	4	0	42
PA_vRNA	426	929	0	0	1	3	0	57
PA_vRNA	426	1824	0	0	1	2	0	118
PA_vRNA	426	1842	0	0	1	1	0	2
PA_vRNA	427	1825	0	0	1	3	0	1
PA_vRNA	428	1810	0	0	1	1	0	58
PA_vRNA	428	1825	0	0	1	4412	6	149
PA_vRNA	428	1826	0	0	1	5	0	1
PA_vRNA	428	1827	0	0	1	1	0	21
PA_vRNA	428	1920	0	0	1	1	0	51
PA_vRNA	428	1953	0	0	1	1	0	7
PA_vRNA	428	1962	0	0	1	2	0	90
PA_vRNA	429	1033	0	0	1	2	0	61
PA_vRNA	429	1826	0	0	1	1	0	32
PA_vRNA	429	1893	0	0	1	1	0	92
PA_vRNA	430	1858	0	0	1	1	0	33
PA_vRNA	430	1985	0	0	1	1	0	29
PA_vRNA	431	1933	0	0	1	6	0	115
PA_vRNA	431	1943	0	0	1	1	0	87
PA_vRNA	432	1848	0	0	1	1	0	72
PA_vRNA	432	1972	0	0	1	1	0	54
PA_vRNA	433	1869	0	0	1	1	0	73
PA_vRNA	434	504	0	0	1	1	0	4
PA_vRNA	434	598	0	0	1	1	0	91
PA_vRNA	434	887	0	0	1	1	0	67
PA_vRNA	434	1838	0	0	1	1	1	7
PA_vRNA	434	1879	0	0	1	1	0	129
PA_vRNA	435	1868	0	0	1	4	0	92
PA_vRNA	435	1903	0	0	1	16	0	136
PA_vRNA	435	1962	0	0	1	8	0	133
PA_vRNA	436	1928	0	0	1	1	0	86
PA_vRNA	437	1766	0	0	1	1	0	55
PA_vRNA	437	1879	0	0	1	1	0	38
PA_vRNA	438	1959	0	0	1	1	0	5
PA_vRNA	440	2051	0	0	1	1	0	38
PA_vRNA	441	1819	0	0	1	1	0	4
PA_vRNA	442	1940	0	0	1	1	0	26
PA_vRNA	442	2059	0	0	1	1	0	89
PA_vRNA	443	1855	0	0	1	1	0	6
PA_vRNA	443	1941	0	0	1	11	0	111
PA_vRNA	444	1974	0	0	1	1	0	101
PA_vRNA	444	1998	0	0	1	1	0	91
PA_vRNA	445	979	0	0	1	1	0	36
PA_vRNA	446	1879	0	0	1	1	0	24
PA_vRNA	446	1894	0	0	1	5	0	105
PA_vRNA	446	1927	0	0	1	3	0	72
PA_vRNA	447	484	0	0	1	1	1	6
PA_vRNA	447	1840	0	0	1	1	0	26
PA_vRNA	447	1883	0	0	1	1	0	127
PA_vRNA	448	1819	0	0	1	1	0	44
PA_vRNA	451	1878	0	0	1	1	0	3
PA_vRNA	451	1884	0	0	1	8	0	135
PA_vRNA	451	2005	0	0	1	1	0	21
PA_vRNA	453	1877	0	0	1	399	1	149
PA_vRNA	453	1906	0	0	1	2	0	67
PA_vRNA	454	1830	0	0	1	6	0	111
PA_vRNA	454	1832	0	0	1	1	0	92
PA_vRNA	454	1870	0	0	1	1	0	72
PA_vRNA	454	1899	0	0	1	7	0	109
PA_vRNA	454	1938	0	0	1	1	0	108
PA_vRNA	454	1969	0	0	1	1	0	119
PA_vRNA	454	2028	0	0	1	1	0	35
PA_vRNA	454	2105	0	0	1	0	1	3
PA_vRNA	455	1851	0	0	1	1	0	127
PA_vRNA	455	1915	0	0	1	1	0	17
PA_vRNA	455	1926	0	0	1	1	0	32
PA_vRNA	455	1962	0	0	1	1	0	127
PA_vRNA	455	1999	0	0	1	1	0	145
PA_vRNA	456	1328	0	0	1	1	0	133
PA_vRNA	461	1867	0	0	1	1	0	3
PA_vRNA	461	1932	0	0	1	26	1	131
PA_vRNA	463	529	0	0	1	0	1	4
PA_vRNA	463	1702	0	0	1	1	0	46
PA_vRNA	463	1788	0	0	1	1	0	83
PA_vRNA	463	1822	0	0	1	1	0	110
PA_vRNA	463	1828	0	0	1	1	0	60
PA_vRNA	463	1832	0	0	1	1	0	36
PA_vRNA	463	1850	0	0	1	1	0	107
PA_vRNA	463	1927	0	0	1	1	0	133
PA_vRNA	468	2001	0	0	1	1	0	63
PA_vRNA	470	1933	0	0	1	2	0	64
PA_vRNA	470	1967	0	0	1	5	0	126
PA_vRNA	471	1775	0	0	1	29	0	120
PA_vRNA	471	1804	0	0	1	4	0	120
PA_vRNA	471	1883	0	0	1	9	0	125
PA_vRNA	471	1998	0	0	1	1	0	130
PA_vRNA	472	1844	0	0	1	0	1	3
PA_vRNA	472	1850	0	0	1	2	0	135
PA_vRNA	473	1868	0	0	1	1	0	70
PA_vRNA	477	1888	0	0	1	336	0	47
PA_vRNA	478	1264	0	0	1	1	0	14
PA_vRNA	480	1801	0	0	1	1	0	98
PA_vRNA	480	1918	0	0	1	179	3	126
PA_vRNA	480	1928	0	0	1	1	0	38
PA_vRNA	481	1975	0	0	1	2	0	86
PA_vRNA	482	1815	0	0	1	1	0	90
PA_vRNA	482	1910	0	0	1	1	0	113
PA_vRNA	484	1875	0	0	1	1	0	72
PA_vRNA	486	1584	0	0	1	1	0	90
PA_vRNA	486	1916	0	0	1	1	0	137
PA_vRNA	486	1961	0	0	1	1	0	76
PA_vRNA	486	2004	0	0	1	1	0	27
PA_vRNA	487	1859	0	0	1	3	0	96
PA_vRNA	487	1882	0	0	1	1	0	40
PA_vRNA	487	2140	0	0	1	1	0	87
PA_vRNA	488	1841	0	0	1	1	0	101
PA_vRNA	488	1879	0	0	1	1	0	68
PA_vRNA	489	2010	0	0	1	1	0	58
PA_vRNA	490	1771	0	0	1	1	0	6
PA_vRNA	491	1781	0	0	1	1	0	126
PA_vRNA	491	1812	0	0	1	1	0	6
PA_vRNA	492	1822	0	0	1	1	0	69
PA_vRNA	492	1865	0	0	1	2	0	89
PA_vRNA	492	1882	0	0	1	2	0	92
PA_vRNA	492	1938	0	0	1	3	0	126
PA_vRNA	492	2028	0	0	1	1	0	71
PA_vRNA	493	1801	0	0	1	1	0	67
PA_vRNA	493	1884	0	0	1	1	0	85
PA_vRNA	495	511	0	0	1	1	0	24
PA_vRNA	495	1548	0	0	1	1	0	121
PA_vRNA	495	1815	0	0	1	1	0	46
PA_vRNA	496	1759	0	0	1	1	0	71
PA_vRNA	496	1841	0	0	1	1	0	73
PA_vRNA	496	1862	0	0	1	1	0	63
PA_vRNA	496	1918	0	0	1	1	0	24
PA_vRNA	496	2016	0	0	1	1	0	27
PA_vRNA	497	2016	0	0	1	59	0	144
PA_vRNA	498	1770	0	0	1	2	0	98
PA_vRNA	498	1993	0	0	1	1	0	110
PA_vRNA	500	1860	0	0	1	1	0	84
PA_vRNA	500	2032	0	0	1	1	0	67
PA_vRNA	505	1438	0	0	1	1	0	127
PA_vRNA	505	1955	0	0	1	1	0	99
PA_vRNA	505	2155	0	0	1	1	0	22
PA_vRNA	506	835	0	0	1	1	0	72
PA_vRNA	508	1833	0	0	1	1	0	50
PA_vRNA	508	1879	0	0	1	1	0	63
PA_vRNA	509	1825	0	0	1	1	0	107
PA_vRNA	509	1844	0	0	1	1	0	93
PA_vRNA	509	1870	0	0	1	1	0	72
PA_vRNA	509	1940	0	0	1	1	0	106
PA_vRNA	511	1859	0	0	1	1	0	45
PA_vRNA	511	1933	0	0	1	1	0	92
PA_vRNA	512	1803	0	0	1	2	0	139
PA_vRNA	512	1831	0	0	1	3	0	83
PA_vRNA	512	1832	0	0	1	1	0	110
PA_vRNA	512	1844	0	0	1	1	0	98
PA_vRNA	512	1864	0	0	1	1	0	138
PA_vRNA	512	1875	0	0	1	2	0	129
PA_vRNA	512	1930	0	0	1	1	0	41
PA_vRNA	513	1814	0	0	1	1	0	74
PA_vRNA	513	1959	2	4	1	4	0	130
PA_vRNA	517	1160	0	0	1	1	0	117
PA_vRNA	517	2095	0	0	1	1	0	86
PA_vRNA	518	1865	0	0	1	1	0	37
PA_vRNA	520	1739	0	0	1	1	0	115
PA_vRNA	522	1605	0	0	1	2	0	80
PA_vRNA	523	1811	0	0	1	1	0	61
PA_vRNA	524	1725	0	0	1	3	0	148
PA_vRNA	525	544	0	0	1	2	0	10
PA_vRNA	525	1737	0	0	1	1	0	90
PA_vRNA	525	1740	0	0	1	1	0	72
PA_vRNA	525	1809	0	0	1	2	0	112
PA_vRNA	525	1867	0	0	1	1	0	78
PA_vRNA	525	1872	0	0	1	1	0	44
PA_vRNA	526	1758	0	0	1	2	0	61
PA_vRNA	526	1915	0	0	1	2	0	28
PA_vRNA	526	2033	0	0	1	1	0	125
PA_vRNA	527	1789	0	0	1	1	0	63
PA_vRNA	527	1810	0	0	1	2	0	114
PA_vRNA	527	1822	0	0	1	1	0	120
PA_vRNA	527	1877	0	0	1	1	0	90
PA_vRNA	528	1750	0	0	1	1	0	78
PA_vRNA	528	1771	0	0	1	1	0	19
PA_vRNA	528	1840	0	0	1	9	0	114
PA_vRNA	528	1869	0	0	1	1	0	83
PA_vRNA	528	1931	0	0	1	1	0	38
PA_vRNA	528	1959	0	0	1	1	0	80
PA_vRNA	530	2029	0	0	1	1	0	111
PA_vRNA	532	1704	1	3	1	0	1	4
PA_vRNA	538	1704	0	0	1	1	0	72
PA_vRNA	538	1713	0	0	1	1	0	69
PA_vRNA	538	1716	0	0	1	3	0	58
PA_vRNA	538	1788	0	0	1	1	0	121
PA_vRNA	538	1867	0	0	1	1	0	61
PA_vRNA	539	642	0	0	1	3	0	59
PA_vRNA	539	1718	0	0	1	9	0	140
PA_vRNA	539	1796	0	0	1	3	0	75
PA_vRNA	539	1822	0	0	1	8	0	132
PA_vRNA	539	1824	0	0	1	1	0	65
PA_vRNA	540	1848	0	0	1	12	0	142
PA_vRNA	544	1677	0	0	1	2	0	25
PA_vRNA	544	1760	0	0	1	1	0	141
PA_vRNA	544	1801	0	0	1	2	0	141
PA_vRNA	544	1823	0	0	1	2	0	32
PA_vRNA	544	1931	0	0	1	1	0	18
PA_vRNA	545	1350	0	0	1	1	0	19
PA_vRNA	545	1770	0	0	1	1	0	96
PA_vRNA	549	1632	0	0	1	1	0	25
PA_vRNA	555	1677	0	0	1	1	0	143
PA_vRNA	557	1858	0	0	1	2	0	106
PA_vRNA	557	1957	0	0	1	1	0	29
PA_vRNA	558	1954	0	0	1	1	0	21
PA_vRNA	559	2136	0	0	1	26	0	98
PA_vRNA	561	1546	0	0	1	1	0	79
PA_vRNA	562	1822	0	0	1	2	0	26
PA_vRNA	562	1823	0	0	1	1	0	98
PA_vRNA	562	1853	0	0	1	1	0	12
PA_vRNA	563	1704	0	0	1	1	0	112
PA_vRNA	565	1797	0	0	1	1	0	106
PA_vRNA	565	1896	0	0	1	1	0	54
PA_vRNA	567	1663	0	0	1	1	0	37
PA_vRNA	567	1725	0	0	1	2	0	93
PA_vRNA	568	1757	0	0	1	1	0	126
PA_vRNA	569	1150	0	0	1	1	0	84
PA_vRNA	569	1151	0	0	1	3	0	100
PA_vRNA	569	1657	0	0	1	1	0	101
PA_vRNA	569	1712	0	0	1	2	0	100
PA_vRNA	569	1771	0	0	1	11	0	122
PA_vRNA	571	1823	0	0	1	1	0	109
PA_vRNA	573	1759	0	0	1	1	0	119
PA_vRNA	574	1159	0	0	1	1	0	144
PA_vRNA	575	641	0	0	1	1	0	8
PA_vRNA	576	1158	0	0	1	6	0	144
PA_vRNA	576	1771	0	0	1	3	0	83
PA_vRNA	576	1908	0	0	1	1	0	29
PA_vRNA	576	1925	0	0	1	3	0	65
PA_vRNA	579	659	0	0	1	1	0	60
PA_vRNA	581	1825	0	0	1	1	0	36
PA_vRNA	582	1160	0	0	1	1	0	17
PA_vRNA	583	1012	0	0	1	1	0	18
PA_vRNA	585	1822	0	0	1	0	1	46
PA_vRNA	586	1595	0	0	1	2	0	124
PA_vRNA	586	1596	0	0	1	1	0	82
PA_vRNA	589	1759	0	0	1	1	0	50
PA_vRNA	590	1787	0	0	1	1	0	15
PA_vRNA	591	1681	0	0	1	1	0	52
PA_vRNA	591	1704	0	0	1	1	0	84
PA_vRNA	591	1756	0	0	1	2	0	1
PA_vRNA	591	1788	0	0	1	416	2	53
PA_vRNA	592	1716	0	0	1	1	0	14
PA_vRNA	592	1720	0	0	1	2	0	77
PA_vRNA	592	1757	0	0	1	4	0	1
PA_vRNA	592	1921	0	0	1	2	0	21
PA_vRNA	593	1150	0	0	1	2	0	35
PA_vRNA	593	1757	0	0	1	763	1	147
PA_vRNA	593	1790	0	0	1	1	0	53
PA_vRNA	594	1883	0	0	1	2	0	102
PA_vRNA	595	1716	0	0	1	2	0	64
PA_vRNA	596	1191	0	0	1	1	0	70
PA_vRNA	597	1259	0	0	1	1	0	44
PA_vRNA	599	1165	0	0	1	1	0	87
PA_vRNA	600	1157	0	0	1	2	0	121
PA_vRNA	601	1762	0	0	1	4	0	66
PA_vRNA	602	1648	0	0	1	1	0	82
PA_vRNA	604	711	0	0	1	1	0	35
PA_vRNA	604	1639	0	0	1	1	0	50
PA_vRNA	606	1719	0	0	1	1	0	75
PA_vRNA	607	1714	0	0	1	1	0	97
PA_vRNA	608	1685	0	0	1	1	0	50
PA_vRNA	615	1919	0	0	1	1	0	70
PA_vRNA	616	1880	0	0	1	1	0	3
PA_vRNA	619	684	0	0	1	1	0	100
PA_vRNA	620	1655	0	0	1	1	0	47
PA_vRNA	621	1700	0	0	1	1	0	64
PA_vRNA	621	1717	0	0	1	1	0	101
PA_vRNA	623	1760	0	0	1	2	0	102
PA_vRNA	624	1756	0	0	1	1	0	50
PA_vRNA	625	1670	0	0	1	1	0	23
PA_vRNA	625	1741	0	0	1	2	0	80
PA_vRNA	626	1330	0	0	1	1	0	53
PA_vRNA	626	1869	0	0	1	1	0	94
PA_vRNA	628	1943	0	0	1	1	0	135
PA_vRNA	629	1594	0	0	1	2	0	64
PA_vRNA	630	1653	0	0	1	2	0	40
PA_vRNA	634	1640	0	0	1	1	0	77
PA_vRNA	634	1806	0	0	1	1	0	68
PA_vRNA	635	1722	0	0	1	5	0	102
PA_vRNA	635	1817	0	0	1	1	0	27
PA_vRNA	637	1643	0	0	1	1	0	57
PA_vRNA	637	2182	0	0	1	1	0	35
PA_vRNA	642	1579	0	0	1	1	0	4
PA_vRNA	644	1092	0	0	1	1	0	66
PA_vRNA	644	1869	0	0	1	1	0	39
PA_vRNA	646	674	0	0	1	1	0	125
PA_vRNA	646	1105	0	0	1	1	0	44
PA_vRNA	648	1064	0	0	1	1	0	4
PA_vRNA	648	1688	0	0	1	1	0	135
PA_vRNA	649	1684	0	0	1	1	0	66
PA_vRNA	652	1790	0	0	1	65	0	148
PA_vRNA	654	1673	0	0	1	1	0	27
PA_vRNA	655	1071	0	0	1	1	0	22
PA_vRNA	655	1531	0	0	1	1	0	68
PA_vRNA	657	1583	0	0	1	1	0	58
PA_vRNA	657	1679	0	0	1	1	0	40
PA_vRNA	657	1725	0	0	1	1	0	88
PA_vRNA	658	1703	0	0	1	5	0	139
PA_vRNA	659	1048	0	0	1	2	0	6
PA_vRNA	664	1721	0	0	1	1	0	11
PA_vRNA	665	1713	0	0	1	1	0	115
PA_vRNA	666	1723	1	1	1	1887	7	150
PA_vRNA	667	1538	0	0	1	1	0	122
PA_vRNA	668	1613	0	0	1	1	0	58
PA_vRNA	669	1650	0	0	1	1	0	124
PA_vRNA	671	1643	0	0	1	1	0	74
PA_vRNA	673	1893	0	0	1	1	0	49
PA_vRNA	674	1702	0	0	1	1	0	108
PA_vRNA	677	1647	0	0	1	1	0	116
PA_vRNA	678	884	0	0	1	1	0	130
PA_vRNA	679	1732	0	0	1	2	0	94
PA_vRNA	680	1525	0	0	1	1	0	54
PA_vRNA	681	1650	0	0	1	1	0	110
PA_vRNA	684	1680	0	0	1	4	0	99
PA_vRNA	691	1021	0	0	1	5	0	135
PA_vRNA	691	1130	0	0	1	2	0	107
PA_vRNA	692	1814	0	0	1	1	0	32
PA_vRNA	693	1649	0	0	1	2	0	51
PA_vRNA	693	1683	0	0	1	1	0	67
PA_vRNA	695	855	0	0	1	1	0	138
PA_vRNA	699	899	0	0	1	2	0	68
PA_vRNA	699	1584	0	0	1	1	0	68
PA_vRNA	699	1652	0	0	1	1	0	68
PA_vRNA	702	1655	0	0	1	3	0	59
PA_vRNA	703	1703	0	0	1	6	0	133
PA_vRNA	704	1610	0	0	1	1	0	9
PA_vRNA	705	1642	0	0	1	1	0	101
PA_vRNA	706	1597	0	0	1	1	0	92
PA_vRNA	708	1589	0	0	1	2	0	98
PA_vRNA	709	751	0	0	1	2	0	49
PA_vRNA	709	1674	0	0	1	3	0	45
PA_vRNA	709	1975	0	0	1	1	0	136
PA_vRNA	711	1848	0	0	1	2	0	94
PA_vRNA	713	1639	0	0	1	1	0	35
PA_vRNA	714	1524	0	0	1	1	0	77
PA_vRNA	716	1429	0	0	1	1	0	88
PA_vRNA	716	1623	0	0	1	1	0	23
PA_vRNA	719	1594	0	0	1	1	0	55
PA_vRNA	720	1629	0	0	1	4	0	97
PA_vRNA	720	1741	0	0	1	1	0	85
PA_vRNA	724	1700	0	0	1	1	0	128
PA_vRNA	725	842	0	0	1	1	0	67
PA_vRNA	727	2014	0	0	1	1	0	34
PA_vRNA	728	1553	0	0	1	1	0	56
PA_vRNA	734	768	0	0	1	1	0	71
PA_vRNA	734	1010	0	0	1	1	0	118
PA_vRNA	735	925	0	0	1	1	0	90
PA_vRNA	737	1713	0	0	1	1	0	3
PA_vRNA	738	1596	0	0	1	1	0	84
PA_vRNA	739	1538	0	0	1	1	0	71
PA_vRNA	739	1765	0	0	1	1	0	105
PA_vRNA	740	1538	0	0	1	1	0	93
PA_vRNA	742	904	0	0	1	1	0	132
PA_vRNA	744	753	0	0	1	93	0	48
PA_vRNA	751	1575	0	0	1	1	0	9
PA_vRNA	758	1477	0	0	1	2	0	71
PA_vRNA	759	1695	0	0	1	10	0	136
PA_vRNA	761	1497	0	0	1	1	0	138
PA_vRNA	764	1547	0	0	1	1	0	58
PA_vRNA	775	1383	0	0	1	1	0	37
PA_vRNA	778	1881	0	0	1	1	0	22
PA_vRNA	784	858	0	0	1	1	0	66
PA_vRNA	787	833	0	0	1	2	0	43
PA_vRNA	787	856	0	0	1	1	0	25
PA_vRNA	787	870	0	0	1	1	0	27
PA_vRNA	788	862	0	0	1	1	0	56
PA_vRNA	791	1641	0	0	1	1	0	114
PA_vRNA	792	1399	0	0	1	1	0	117
PA_vRNA	806	1850	0	0	1	1	0	68
PA_vRNA	810	831	0	0	1	2	0	34
PA_vRNA	810	838	0	0	1	2	0	141
PA_vRNA	813	1556	0	0	1	1	0	72
PA_vRNA	815	840	0	0	1	1	0	56
PA_vRNA	815	1603	0	0	1	1	0	29
PA_vRNA	816	1665	0	0	1	1	0	117
PA_vRNA	819	1703	0	0	1	1	0	133
PA_vRNA	823	1613	0	0	1	1	0	42
PA_vRNA	831	1574	0	0	1	1	0	55
PA_vRNA	838	1635	1	5	1	1	0	19
PA_vRNA	839	1533	0	0	1	1	0	108
PA_vRNA	841	1681	0	0	1	1	0	26
PA_vRNA	857	1215	0	0	1	1	0	66
PA_vRNA	859	1552	0	0	1	1	0	28
PA_vRNA	870	1660	0	0	1	4	0	141
PA_vRNA	879	979	0	0	1	1	0	55
PA_vRNA	885	2144	0	0	1	1	0	73
PA_vRNA	886	964	0	0	1	2	0	70
PA_vRNA	890	1187	0	0	1	1	0	3
PA_vRNA	907	1347	0	0	1	1	0	86
PA_vRNA	931	1470	0	0	1	1	0	97
PA_vRNA	932	1836	0	0	1	1	0	108
PA_vRNA	935	1500	0	0	1	1	0	55
PA_vRNA	940	1344	0	0	1	1	0	64
PA_vRNA	961	1356	0	0	1	1	0	135
PA_vRNA	966	1439	0	0	1	1	0	89
PA_vRNA	1003	1928	0	0	1	1	0	111
PA_vRNA	1005	1571	0	0	1	4	0	83
PA_vRNA	1013	1596	0	0	1	1	0	34
PA_vRNA	1037	1805	0	0	1	1	0	119
PA_vRNA	1038	1240	0	0	1	1	0	77
PA_vRNA	1040	1079	0	0	1	1	0	66
PA_vRNA	1046	1599	0	0	1	6	0	147
PA_vRNA	1046	1986	0	0	1	1	0	20
PA_vRNA	1055	1700	0	0	1	1	0	50
PA_vRNA	1058	1602	0	0	1	1	0	121
PA_vRNA	1074	1785	0	0	1	1	0	63
PA_vRNA	1075	1406	0	0	1	1	0	90
PA_vRNA	1082	1813	0	0	1	2	0	87
PA_vRNA	1085	1132	0	0	1	1	0	111
PA_vRNA	1091	1747	2	6	1	1	0	84
PA_vRNA	1097	1836	0	0	1	1	0	127
PA_vRNA	1103	1231	0	0	1	1	0	77
PA_vRNA	1106	2094	0	0	1	1	0	55
PA_vRNA	1123	1973	0	0	1	1	0	53
PA_vRNA	1131	1871	0	0	1	2	0	28
PA_vRNA	1132	1607	0	0	1	2	0	96
PA_vRNA	1143	1456	0	0	1	2	0	90
PA_vRNA	1143	1732	0	0	1	1	0	41
PA_vRNA	1149	1217	0	0	1	1	0	6
PA_vRNA	1150	1768	0	0	1	1	0	52
PA_vRNA	1163	1667	0	0	1	1	0	100
PA_vRNA	1166	1836	0	0	1	2	0	78
PA_vRNA	1170	1337	0	0	1	1	0	122
PA_vRNA	1171	1488	0	0	1	1	0	64
PA_vRNA	1173	1947	0	0	1	1	0	33
PA_vRNA	1176	1710	0	0	1	30	0	20
PA_vRNA	1197	1606	0	0	1	1	0	67
PA_vRNA	1200	1719	0	0	1	1	0	51
PA_vRNA	1203	1236	0	0	1	1	0	40
PA_vRNA	1222	1845	0	0	1	1	1	57
PA_vRNA	1224	2145	0	0	1	4	0	89
PA_vRNA	1225	1277	0	0	1	1	0	132
PA_vRNA	1232	1584	0	0	1	1	0	63
PA_vRNA	1235	1416	0	0	1	1	0	68
PA_vRNA	1237	1828	0	0	1	1	0	24
PA_vRNA	1260	1834	0	0	1	4	0	149
PA_vRNA	1261	1839	0	0	1	1	0	80
PA_vRNA	1268	1430	0	0	1	1	0	105
PA_vRNA	1320	1532	0	0	1	1	0	45
PA_vRNA	1336	1596	0	0	1	1	0	91
PA_vRNA	1341	1712	0	0	1	2	0	119
PA_vRNA	1351	1435	0	0	1	1	0	104
PA_vRNA	1356	1397	0	0	1	1	0	61
PA_vRNA	1359	1396	0	0	1	1	0	52
PA_vRNA	1385	1438	0	0	1	1	0	63
PA_vRNA	1388	1411	0	0	1	1	0	123
PA_vRNA	1388	1415	0	0	1	1	0	76
PA_vRNA	1419	1693	0	0	1	1	0	39
PA_vRNA	1427	1811	0	0	1	1	0	133
PA_vRNA	1448	1663	0	0	1	2	0	105
PA_vRNA	1474	1769	0	0	1	1	0	118
PA_vRNA	1493	1664	0	0	1	1	0	95
PA_vRNA	1533	1718	0	0	1	1	0	28
PA_vRNA	1586	1756	0	0	1	1	0	83
PA_vRNA	1595	1669	0	0	1	1	0	110
PA_vRNA	1602	2082	0	0	1	1	0	60
PA_vRNA	1608	1718	0	0	1	2	0	101
PA_vRNA	1619	1968	0	0	1	1	0	34
PA_vRNA	1634	1672	0	0	1	1	0	81
PA_vRNA	1646	2056	0	0	1	1	0	33
PA_vRNA	1695	1732	0	0	1	1	0	44
PA_vRNA	1715	2147	0	0	1	2	0	40
PA_vRNA	1730	1800	0	0	1	1	0	64
PA_vRNA	1781	1943	0	0	1	1	0	115
PA_vRNA	1803	1927	0	0	1	1	0	48
PA_vRNA	1804	1823	0	0	1	2	0	31
PA_vRNA	1861	1893	0	0	1	1	0	19
PA_vRNA	1882	1921	0	0	1	1	0	102
PA_vRNA	1891	1988	0	0	1	0	1	3
PA_vRNA	1900	1947	0	0	1	0	1	5
PA_vRNA	1900	2051	0	0	1	1	0	67
PA_vRNA	1917	2039	0	0	1	2	0	39
PA_vRNA	1919	1943	0	0	1	1	0	43
PA_vRNA	1920	2097	0	0	1	2	0	11
PA_vRNA	1958	2051	0	0	1	1	0	30
PA_vRNA	1970	2044	0	0	1	2	0	110
PA_vRNA	1975	2025	0	0	1	1	0	4
PA_vRNA	2009	2034	0	0	1	16	0	17
PA_vRNA	2020	2067	0	0	1	2	0	20
PA_vRNA	2189	2196	0	0	1	22	2	36
PB1_vRNA	54	1265	0	0	1	1	0	21
PB1_vRNA	98	113	0	0	1	1	1	7
PB1_vRNA	149	1112	0	0	1	1	0	79
PB1_vRNA	150	2003	0	0	1	3	0	66
PB1_vRNA	152	1485	0	0	1	1	0	68
PB1_vRNA	165	2220	0	0	1	5	0	104
PB1_vRNA	176	2246	0	0	1	1	0	46
PB1_vRNA	178	2140	0	0	1	1	0	79
PB1_vRNA	179	1957	0	0	1	2	0	79
PB1_vRNA	187	1255	0	0	1	1	0	95
PB1_vRNA	190	2209	0	0	1	1	0	43
PB1_vRNA	190	2242	0	0	1	1	0	83
PB1_vRNA	191	2098	0	0	1	94	0	142
PB1_vRNA	194	2205	0	0	1	1	0	52
PB1_vRNA	195	2230	0	0	1	1	0	22
PB1_vRNA	195	2248	0	0	1	1	0	51
PB1_vRNA	203	2179	0	0	1	2	0	112
PB1_vRNA	205	1715	0	0	1	1	0	16
PB1_vRNA	205	1867	0	0	1	1	0	28
PB1_vRNA	206	655	0	0	1	1	0	63
PB1_vRNA	215	2183	0	0	1	1	0	119
PB1_vRNA	215	2194	0	0	1	15	0	80
PB1_vRNA	215	2205	0	0	1	5	0	137
PB1_vRNA	216	2144	0	0	1	1	0	70
PB1_vRNA	216	2275	0	0	1	1	0	44
PB1_vRNA	217	697	0	0	1	2	0	114
PB1_vRNA	217	2125	0	0	1	1	0	79
PB1_vRNA	218	2218	0	0	1	2	0	107
PB1_vRNA	219	2236	0	0	1	1	0	13
PB1_vRNA	222	2024	0	0	1	0	1	4
PB1_vRNA	224	2194	0	0	1	1	0	89
PB1_vRNA	226	843	0	0	1	1	0	93
PB1_vRNA	229	2136	0	0	1	2	0	1
PB1_vRNA	229	2172	0	0	1	1	0	5
PB1_vRNA	230	2136	0	0	1	1	0	87
PB1_vRNA	230	2142	0	0	1	1	0	42
PB1_vRNA	230	2143	0	0	1	1	0	2
PB1_vRNA	230	2153	0	0	1	37	0	138
PB1_vRNA	231	2082	0	0	1	1	0	40
PB1_vRNA	231	2137	0	0	1	2086	1	149
PB1_vRNA	231	2142	0	0	1	1	0	2
PB1_vRNA	231	2151	0	0	1	1	0	28
PB1_vRNA	232	1152	0	0	1	1	0	108
PB1_vRNA	232	2102	0	0	1	2	0	117
PB1_vRNA	232	2138	0	0	1	1	0	59
PB1_vRNA	232	2155	0	0	1	2	0	92
PB1_vRNA	232	2200	0	0	1	1	0	33
PB1_vRNA	233	817	0	0	1	1	0	50
PB1_vRNA	234	851	0	0	1	16	0	126
PB1_vRNA	234	1188	0	0	1	1	0	57
PB1_vRNA	234	1777	0	0	1	1	0	49
PB1_vRNA	234	2089	0	0	1	1	0	31
PB1_vRNA	234	2139	0	0	1	3	0	63
PB1_vRNA	234	2143	0	0	1	38	0	141
PB1_vRNA	234	2152	0	0	1	1	0	41
PB1_vRNA	234	2164	0	0	1	1	0	50
PB1_vRNA	235	2192	0	0	1	1	0	117
PB1_vRNA	235	2206	0	0	1	2	0	73
PB1_vRNA	236	2194	0	0	1	2	0	35
PB1_vRNA	237	2141	0	0	1	2	0	73
PB1_vRNA	239	2131	0	0	1	2	0	128
PB1_vRNA	239	2205	0	0	1	1	0	24
PB1_vRNA	240	2150	0	0	1	3	0	92
PB1_vRNA	241	2183	0	0	1	38	0	141
PB1_vRNA	242	338	0	0	1	1	0	47
PB1_vRNA	243	852	0	0	1	2	0	127
PB1_vRNA	243	2149	0	0	1	11	0	25
PB1_vRNA	245	1904	0	0	1	2	0	89
PB1_vRNA	246	2085	0	0	1	1	0	43
PB1_vRNA	246	2230	0	0	1	1	0	29
PB1_vRNA	249	272	0	0	1	3	0	83
PB1_vRNA	249	2147	0	0	1	1	0	145
PB1_vRNA	249	2156	0	0	1	1	0	93
PB1_vRNA	252	2156	0	0	1	1	0	16
PB1_vRNA	253	2213	0	0	1	0	1	5
PB1_vRNA	254	2121	0	0	1	1	0	130
PB1_vRNA	254	2289	0	0	1	1	0	36
PB1_vRNA	255	2165	0	0	1	1	0	72
PB1_vRNA	256	2097	0	0	1	5	0	136
PB1_vRNA	257	1979	0	0	1	1	0	56
PB1_vRNA	259	2176	0	0	1	1	0	33
PB1_vRNA	259	2194	0	0	1	1	0	8
PB1_vRNA	260	1470	0	0	1	3	0	74
PB1_vRNA	260	2140	0	0	1	1	0	68
PB1_vRNA	261	2152	0	0	1	1	0	63
PB1_vRNA	263	2140	0	0	1	1	0	55
PB1_vRNA	266	1451	0	0	1	2	0	94
PB1_vRNA	266	2126	0	0	1	4	0	78
PB1_vRNA	268	2216	0	0	1	6	0	109
PB1_vRNA	271	1579	0	0	1	1	0	80
PB1_vRNA	271	2073	2	6	1	2	0	96
PB1_vRNA	273	1957	0	0	1	1	0	55
PB1_vRNA	273	2089	0	0	1	7	0	101
PB1_vRNA	273	2159	0	0	1	1	0	88
PB1_vRNA	273	2200	0	0	1	1	0	69
PB1_vRNA	274	2073	0	0	1	3	0	115
PB1_vRNA	276	329	0	0	1	1	1	23
PB1_vRNA	276	2081	0	0	1	1	0	80
PB1_vRNA	276	2143	0	0	1	4	0	106
PB1_vRNA	277	2095	0	0	1	1	0	79
PB1_vRNA	280	466	0	0	1	1	0	98
PB1_vRNA	282	1951	0	0	1	1	0	41
PB1_vRNA	282	2070	0	0	1	1	0	28
PB1_vRNA	282	2154	0	0	1	151	0	140
PB1_vRNA	283	2158	0	0	1	0	1	3
PB1_vRNA	283	2179	0	0	1	1	0	17
PB1_vRNA	284	2144	0	0	1	11	0	93
PB1_vRNA	284	2148	0	0	1	1	0	42
PB1_vRNA	286	2032	0	0	1	4	0	114
PB1_vRNA	287	2139	0	0	1	2	0	94
PB1_vRNA	287	2141	0	0	1	1	0	62
PB1_vRNA	288	2130	0	0	1	0	1	2
PB1_vRNA	289	2130	0	0	1	57	0	122
PB1_vRNA	290	2130	0	0	1	1	0	64
PB1_vRNA	290	2150	0	0	1	10	0	134
PB1_vRNA	290	2152	0	0	1	1	0	20
PB1_vRNA	294	2140	0	0	1	1	0	62
PB1_vRNA	296	2161	0	0	1	1	0	117
PB1_vRNA	296	2171	0	0	1	2	0	63
PB1_vRNA	297	1757	0	0	1	1	0	59
PB1_vRNA	297	2079	1	5	1	1	0	7
PB1_vRNA	297	2123	0	0	1	4	0	91
PB1_vRNA	297	2190	0	0	1	1	0	47
PB1_vRNA	298	2015	0	0	1	2	0	135
PB1_vRNA	298	2052	0	0	1	1	1	28
PB1_vRNA	298	2111	0	0	1	0	1	5
PB1_vRNA	299	705	0	0	1	1	0	104
PB1_vRNA	299	2149	0	0	1	1024	0	150
PB1_vRNA	300	1831	0	0	1	1	0	123
PB1_vRNA	300	2151	0	0	1	3	0	3
PB1_vRNA	300	2186	0	0	1	1	0	16
PB1_vRNA	301	1958	0	0	1	1	0	23
PB1_vRNA	301	2151	0	0	1	1	0	16
PB1_vRNA	301	2202	0	0	1	1	0	50
PB1_vRNA	305	2148	0	0	1	0	4	104
PB1_vRNA	307	2150	0	0	1	4	0	92
PB1_vRNA	308	2132	0	0	1	1	0	101
PB1_vRNA	308	2143	0	0	1	1	0	149
PB1_vRNA	308	2150	0	0	1	1	0	4
PB1_vRNA	309	2022	0	0	1	1	0	53
PB1_vRNA	309	2129	0	0	1	1	0	69
PB1_vRNA	309	2151	0	0	1	2	0	1
PB1_vRNA	309	2189	0	0	1	1	0	6
PB1_vRNA	310	2141	0	0	1	1	0	47
PB1_vRNA	310	2152	0	0	1	1	0	2
PB1_vRNA	310	2153	0	0	1	3925	8	149
PB1_vRNA	310	2154	0	0	1	9	0	30
PB1_vRNA	311	2154	0	0	1	11	0	134
PB1_vRNA	311	2161	0	0	1	28	0	96
PB1_vRNA	313	2109	0	0	1	3	0	93
PB1_vRNA	314	1877	0	0	1	1	0	50
PB1_vRNA	314	2159	0	0	1	2	0	44
PB1_vRNA	314	2193	0	0	1	1	0	124
PB1_vRNA	315	2073	0	0	1	2	0	111
PB1_vRNA	316	363	0	0	1	1	0	105
PB1_vRNA	316	2179	0	0	1	3	0	54
PB1_vRNA	318	2132	0	0	1	1	0	46
PB1_vRNA	319	2129	0	0	1	1	0	104
PB1_vRNA	320	2027	0	0	1	1	0	139
PB1_vRNA	321	2111	0	0	1	1	0	93
PB1_vRNA	323	2015	0	0	1	2	0	45
PB1_vRNA	323	2055	0	0	1	4	0	133
PB1_vRNA	323	2092	0	0	1	2	0	102
PB1_vRNA	323	2104	0	0	1	1	0	148
PB1_vRNA	324	2128	0	0	1	1	0	51
PB1_vRNA	325	2115	0	0	1	1	0	62
PB1_vRNA	326	2113	2	6	1	1	0	22
PB1_vRNA	330	2026	0	0	1	1	0	37
PB1_vRNA	330	2085	0	0	1	1	0	40
PB1_vRNA	333	2172	0	0	1	1	0	50
PB1_vRNA	334	2104	0	0	1	1	0	3
PB1_vRNA	335	2089	0	0	1	10	0	145
PB1_vRNA	337	2101	0	0	1	1	0	78
PB1_vRNA	337	2142	0	0	1	1	0	78
PB1_vRNA	338	2040	0	0	1	5	0	139
PB1_vRNA	338	2184	0	0	1	349	0	149
PB1_vRNA	341	2044	0	0	1	1	0	45
PB1_vRNA	342	2060	0	0	1	2	0	132
PB1_vRNA	343	2118	0	0	1	39	0	134
PB1_vRNA	349	2151	0	0	1	2	0	15
PB1_vRNA	349	2285	0	0	1	1	0	46
PB1_vRNA	351	2056	0	0	1	1	0	78
PB1_vRNA	354	2030	0	0	1	14	0	149
PB1_vRNA	354	2133	0	0	1	2	0	69
PB1_vRNA	354	2208	0	0	1	1	0	21
PB1_vRNA	355	1904	0	0	1	1	0	67
PB1_vRNA	355	2074	0	0	1	1	0	84
PB1_vRNA	356	1930	0	0	1	2	0	12
PB1_vRNA	356	2088	2	6	1	6	0	119
PB1_vRNA	356	2156	2	6	1	8	0	131
PB1_vRNA	356	2194	0	0	1	3	0	31
PB1_vRNA	361	2008	0	0	1	1	0	136
PB1_vRNA	362	1877	0	0	1	4	0	85
PB1_vRNA	362	2016	0	0	1	2	0	70
PB1_vRNA	362	2113	0	0	1	2	0	106
PB1_vRNA	363	2130	0	0	1	1	0	108
PB1_vRNA	363	2144	0	0	1	4	0	89
PB1_vRNA	364	2020	0	0	1	1	0	4
PB1_vRNA	364	2128	0	0	1	1	0	61
PB1_vRNA	367	382	0	0	1	3	0	61
PB1_vRNA	369	384	0	0	1	815	1	61
PB1_vRNA	369	2037	0	0	1	2	0	132
PB1_vRNA	369	2084	0	0	1	2	0	112
PB1_vRNA	369	2092	0	0	1	2	0	127
PB1_vRNA	369	2100	0	0	1	1	0	43
PB1_vRNA	372	2015	0	0	1	23	0	115
PB1_vRNA	373	388	0	0	1	2	0	55
PB1_vRNA	373	2014	2	6	1	1963	19	139
PB1_vRNA	373	2015	0	0	1	1	0	2
PB1_vRNA	373	2016	0	0	1	2	0	2
PB1_vRNA	373	2071	0	0	1	8	0	119
PB1_vRNA	373	2074	0	0	1	268	15	146
PB1_vRNA	374	2051	0	0	1	1	0	18
PB1_vRNA	374	2075	0	0	1	1	0	109
PB1_vRNA	375	2065	0	0	1	1	0	104
PB1_vRNA	375	2085	0	0	1	1	0	5
PB1_vRNA	376	1910	0	0	1	3	0	99
PB1_vRNA	376	2025	0	0	1	2	3	95
PB1_vRNA	376	2064	0	0	1	1	0	105
PB1_vRNA	376	2144	0	0	1	1	0	67
PB1_vRNA	377	2015	0	0	1	2	0	99
PB1_vRNA	377	2116	0	0	1	1	0	31
PB1_vRNA	378	1912	0	0	1	2008	3	149
PB1_vRNA	378	1915	0	0	1	2	0	1
PB1_vRNA	378	2093	0	0	1	3	0	70
PB1_vRNA	378	2132	0	0	1	0	1	5
PB1_vRNA	379	2036	0	0	1	2	0	37
PB1_vRNA	384	1946	0	0	1	1	0	33
PB1_vRNA	385	2055	0	0	1	5	1	124
PB1_vRNA	386	2022	0	0	1	3	0	106
PB1_vRNA	386	2067	0	0	1	1	0	90
PB1_vRNA	387	469	0	0	1	2	0	69
PB1_vRNA	387	1954	0	0	1	2	0	83
PB1_vRNA	387	2006	0	0	1	7	0	99
PB1_vRNA	388	1931	0	0	1	2	0	102
PB1_vRNA	388	2072	0	0	1	2	0	117
PB1_vRNA	389	2016	0	0	1	2	0	89
PB1_vRNA	391	2004	0	0	1	1	0	116
PB1_vRNA	391	2066	0	0	1	7	0	102
PB1_vRNA	391	2102	0	0	1	1	0	49
PB1_vRNA	392	2083	0	0	1	1	0	104
PB1_vRNA	392	2150	0	0	1	1	0	97
PB1_vRNA	393	2103	0	0	1	3	0	103
PB1_vRNA	394	2073	0	0	1	1	0	94
PB1_vRNA	395	2052	0	0	1	2	0	71
PB1_vRNA	396	1175	0	0	1	4	0	88
PB1_vRNA	399	2047	0	0	1	1	0	81
PB1_vRNA	399	2050	0	0	1	1	0	134
PB1_vRNA	402	2030	0	0	1	1	0	84
PB1_vRNA	403	1969	0	0	1	0	1	9
PB1_vRNA	404	2003	0	0	1	2	0	113
PB1_vRNA	404	2010	0	0	1	1	0	48
PB1_vRNA	405	2054	0	0	1	1	0	76
PB1_vRNA	405	2074	0	0	1	1	0	64
PB1_vRNA	406	1946	0	0	1	2	0	45
PB1_vRNA	406	2066	0	0	1	1	0	28
PB1_vRNA	407	2029	0	0	1	3	0	70
PB1_vRNA	407	2062	0	0	1	1	0	121
PB1_vRNA	408	2002	0	0	1	1	0	67
PB1_vRNA	410	2027	2	6	1	310	0	147
PB1_vRNA	410	2113	2	6	1	13	1	134
PB1_vRNA	412	1957	0	0	1	1	0	28
PB1_vRNA	412	2003	0	0	1	1	0	32
PB1_vRNA	412	2168	0	0	1	1	0	69
PB1_vRNA	413	1988	0	0	1	1	0	93
PB1_vRNA	415	2000	0	0	1	2	0	51
PB1_vRNA	415	2035	0	0	1	6	0	104
PB1_vRNA	416	2064	0	0	1	2	0	107
PB1_vRNA	417	1999	0	0	1	2	0	83
PB1_vRNA	417	2018	0	0	1	1	0	60
PB1_vRNA	417	2055	0	0	1	27	0	139
PB1_vRNA	418	1992	0	0	1	2	0	146
PB1_vRNA	418	1998	0	0	1	1	0	78
PB1_vRNA	419	2017	0	0	1	1	0	135
PB1_vRNA	419	2085	0	0	1	2	0	123
PB1_vRNA	423	1951	0	0	1	14	0	126
PB1_vRNA	424	2121	0	0	1	1	0	79
PB1_vRNA	425	2121	0	0	1	1	0	105
PB1_vRNA	426	2043	0	0	1	2	0	111
PB1_vRNA	427	2003	0	0	1	1	0	43
PB1_vRNA	428	1951	0	0	1	1	0	58
PB1_vRNA	429	1993	0	0	1	1	0	130
PB1_vRNA	429	2007	0	0	1	1	0	120
PB1_vRNA	429	2014	0	0	1	1	0	111
PB1_vRNA	431	1977	0	0	1	1	0	41
PB1_vRNA	431	1986	0	0	1	2	0	132
PB1_vRNA	431	2004	0	0	1	1	0	82
PB1_vRNA	433	1272	0	0	1	1	0	103
PB1_vRNA	433	2035	0	0	1	1	0	78
PB1_vRNA	433	2086	0	0	1	35	0	139
PB1_vRNA	434	1971	0	0	1	3	3	121
PB1_vRNA	435	1973	0	0	1	2	0	70
PB1_vRNA	435	2041	0	0	1	8	0	145
PB1_vRNA	436	481	0	0	1	11	0	95
PB1_vRNA	436	2042	0	0	1	1	0	19
PB1_vRNA	437	2003	0	0	1	2	0	76
PB1_vRNA	437	2115	0	0	1	1	0	66
PB1_vRNA	438	1871	0	0	1	2	0	94
PB1_vRNA	438	1893	0	0	1	1	0	36
PB1_vRNA	438	1959	0	0	1	1	0	55
PB1_vRNA	438	1978	0	0	1	1	0	133
PB1_vRNA	438	1994	0	0	1	1	0	7
PB1_vRNA	438	2014	0	0	1	2	0	66
PB1_vRNA	438	2028	0	0	1	0	1	4
PB1_vRNA	438	2036	0	0	1	36	0	148
PB1_vRNA	438	2044	0	0	1	1	0	107
PB1_vRNA	438	2058	0	0	1	1	0	32
PB1_vRNA	439	1966	0	0	1	0	1	2
PB1_vRNA	439	2012	0	0	1	1	0	97
PB1_vRNA	440	1968	0	0	1	3	0	46
PB1_vRNA	440	1969	0	0	1	8	0	52
PB1_vRNA	441	1996	0	0	1	1	0	90
PB1_vRNA	443	1972	0	0	1	1	0	1
PB1_vRNA	443	2012	1	3	1	1	0	31
PB1_vRNA	443	2072	0	0	1	1	0	91
PB1_vRNA	444	1972	0	0	1	904	4	62
PB1_vRNA	444	2056	0	0	1	1	0	65
PB1_vRNA	446	1595	0	0	1	4	0	75
PB1_vRNA	446	1994	0	0	1	1	0	38
PB1_vRNA	446	2037	0	0	1	2	0	128
PB1_vRNA	447	1957	0	0	1	1	0	80
PB1_vRNA	447	1970	0	0	1	1	0	59
PB1_vRNA	447	1992	0	0	1	2	0	69
PB1_vRNA	447	2022	0	0	1	1	0	59
PB1_vRNA	448	1827	0	0	1	2	0	114
PB1_vRNA	448	2024	0	0	1	2	0	58
PB1_vRNA	448	2206	0	0	1	3	0	24
PB1_vRNA	449	1920	0	0	1	1	0	39
PB1_vRNA	449	1968	0	0	1	2	0	82
PB1_vRNA	449	2003	0	0	1	1	0	11
PB1_vRNA	449	2038	0	0	1	1	0	61
PB1_vRNA	451	1923	1	3	1	8	0	135
PB1_vRNA	451	2014	0	0	1	1	0	85
PB1_vRNA	451	2031	0	0	1	6	0	130
PB1_vRNA	451	2052	0	0	1	1	0	71
PB1_vRNA	452	2004	0	0	1	1	0	33
PB1_vRNA	454	609	0	0	1	1	0	81
PB1_vRNA	459	2014	0	0	1	1	0	51
PB1_vRNA	460	2034	0	0	1	1	0	74
PB1_vRNA	461	1951	0	0	1	5	0	94
PB1_vRNA	461	1968	0	0	1	6	0	110
PB1_vRNA	461	1977	0	0	1	1	0	88
PB1_vRNA	462	2002	0	0	1	2	0	118
PB1_vRNA	463	476	0	0	1	1	0	25
PB1_vRNA	463	1938	0	0	1	10	0	117
PB1_vRNA	464	1894	2	4	1	1	0	29
PB1_vRNA	464	1907	2	4	1	2	0	66
PB1_vRNA	465	1992	0	0	1	1	0	72
PB1_vRNA	466	2003	0	0	1	1	0	73
PB1_vRNA	467	2103	0	0	1	4	0	106
PB1_vRNA	468	2036	0	0	1	1	0	58
PB1_vRNA	469	2008	0	0	1	1	0	119
PB1_vRNA	470	1966	0	0	1	1	0	34
PB1_vRNA	470	1994	0	0	1	1	0	94
PB1_vRNA	472	1967	0	0	1	5	0	87
PB1_vRNA	473	2035	0	0	1	1	0	93
PB1_vRNA	473	2085	0	0	1	1	0	89
PB1_vRNA	474	1865	0	0	1	3	0	133
PB1_vRNA	476	2034	0	0	1	1	0	57
PB1_vRNA	478	2012	0	0	1	1	0	87
PB1_vRNA	478	2014	0	0	1	1	0	110
PB1_vRNA	479	1922	0	0	1	1	0	124
PB1_vRNA	483	1976	0	0	1	1	0	96
PB1_vRNA	483	2019	0	0	1	0	1	6
PB1_vRNA	484	1804	0	0	1	1	0	73
PB1_vRNA	485	2017	0	0	1	1	0	83
PB1_vRNA	485	2019	0	0	1	1	0	52
PB1_vRNA	486	1207	0	0	1	1	0	33
PB1_vRNA	489	2012	0	0	1	1	0	82
PB1_vRNA	491	1901	0	0	1	117	0	147
PB1_vRNA	495	795	0	0	1	1	0	38
PB1_vRNA	496	1947	0	0	1	2	0	83
PB1_vRNA	497	1913	0	0	1	6	0	133
PB1_vRNA	498	2278	0	0	1	29	0	65
PB1_vRNA	499	1893	0	0	1	1	0	91
PB1_vRNA	499	2032	0	0	1	5	0	119
PB1_vRNA	500	2002	0	0	1	1	0	43
PB1_vRNA	503	1786	0	0	1	2	0	149
PB1_vRNA	503	1910	0	0	1	1	0	125
PB1_vRNA	505	1969	0	0	1	2	0	98
PB1_vRNA	505	1986	0	0	1	9	0	125
PB1_vRNA	505	2092	0	0	1	1	0	85
PB1_vRNA	511	1924	0	0	1	1	0	142
PB1_vRNA	515	1956	0	0	1	1	0	105
PB1_vRNA	515	2048	0	0	1	1	0	146
PB1_vRNA	516	1878	0	0	1	3	0	90
PB1_vRNA	516	2053	0	0	1	9	0	126
PB1_vRNA	518	1663	2	6	1	1	0	109
PB1_vRNA	521	2169	0	0	1	3	0	93
PB1_vRNA	525	616	0	0	1	1	0	140
PB1_vRNA	525	1714	0	0	1	24	0	131
PB1_vRNA	525	2035	0	0	1	1	0	113
PB1_vRNA	528	1980	0	0	1	2	0	111
PB1_vRNA	529	1792	0	0	1	1	0	36
PB1_vRNA	529	1964	0	0	1	1	0	84
PB1_vRNA	529	2018	0	0	1	1	0	8
PB1_vRNA	530	1900	0	0	1	7	0	137
PB1_vRNA	530	1926	0	0	1	1	0	29
PB1_vRNA	530	2033	0	0	1	1	0	29
PB1_vRNA	531	1698	0	0	1	1	0	33
PB1_vRNA	531	2046	0	0	1	2	0	94
PB1_vRNA	532	1853	0	0	1	1	0	28
PB1_vRNA	532	1925	0	0	1	1	0	39
PB1_vRNA	532	1930	0	0	1	1	0	89
PB1_vRNA	532	1950	0	0	1	1	0	69
PB1_vRNA	532	1958	0	0	1	2	0	75
PB1_vRNA	533	1762	0	0	1	1	0	48
PB1_vRNA	534	1968	0	0	1	1	0	99
PB1_vRNA	535	2071	2	4	1	0	7	4
PB1_vRNA	539	797	0	0	1	1	0	129
PB1_vRNA	542	1972	0	0	1	1	0	99
PB1_vRNA	542	1998	0	0	1	1	0	31
PB1_vRNA	543	1948	0	0	1	1	0	50
PB1_vRNA	544	1708	0	0	1	1	0	33
PB1_vRNA	552	1888	0	0	1	390	0	149
PB1_vRNA	555	1897	0	0	1	1	0	10
PB1_vRNA	558	1765	0	0	1	1	0	127
PB1_vRNA	567	1933	0	0	1	1	0	50
PB1_vRNA	568	2004	0	0	1	3	0	137
PB1_vRNA	569	1932	0	0	1	13	0	139
PB1_vRNA	572	2011	0	0	1	1	0	14
PB1_vRNA	574	1992	0	0	1	1	0	63
PB1_vRNA	576	2014	0	0	1	1	0	91
PB1_vRNA	577	1808	0	0	1	9	0	85
PB1_vRNA	585	1947	0	0	1	1	0	48
PB1_vRNA	585	2218	0	0	1	1	0	84
PB1_vRNA	588	1889	0	0	1	1	0	67
PB1_vRNA	588	1925	0	0	1	2	0	104
PB1_vRNA	590	1941	0	0	1	1	0	22
PB1_vRNA	591	2027	0	0	1	32	0	148
PB1_vRNA	593	1903	0	0	1	21	1	131
PB1_vRNA	593	1932	0	0	1	0	1	3
PB1_vRNA	596	1778	0	0	1	9	0	103
PB1_vRNA	607	1760	0	0	1	4	0	72
PB1_vRNA	615	1824	0	0	1	1	0	51
PB1_vRNA	617	1767	0	0	1	1	0	131
PB1_vRNA	619	1829	0	0	1	5	0	107
PB1_vRNA	620	1977	0	0	1	1	0	81
PB1_vRNA	621	662	0	0	1	1	0	66
PB1_vRNA	621	2062	0	0	1	1	0	52
PB1_vRNA	622	1909	0	0	1	1	0	8
PB1_vRNA	622	2063	0	0	1	191	1	149
PB1_vRNA	623	1717	0	0	1	2	0	77
PB1_vRNA	623	1951	0	0	1	1	0	61
PB1_vRNA	623	2064	0	0	1	1	0	12
PB1_vRNA	626	1743	0	0	1	1	0	53
PB1_vRNA	627	1817	0	0	1	1	0	22
PB1_vRNA	629	1721	0	0	1	2	0	92
PB1_vRNA	637	1832	0	0	1	18	0	119
PB1_vRNA	637	1878	0	0	1	10	0	144
PB1_vRNA	640	1891	0	0	1	1	0	71
PB1_vRNA	643	1936	0	0	1	1	0	121
PB1_vRNA	644	666	0	0	1	2	0	108
PB1_vRNA	650	1822	0	0	1	1	0	81
PB1_vRNA	660	1761	0	0	1	199	0	150
PB1_vRNA	661	1762	0	0	1	1	0	92
PB1_vRNA	662	1816	0	0	1	1	0	5
PB1_vRNA	664	1809	0	0	1	1	0	33
PB1_vRNA	666	1788	0	0	1	1	0	79
PB1_vRNA	677	1903	0	0	1	28	0	131
PB1_vRNA	677	2181	0	0	1	1	0	76
PB1_vRNA	680	1789	0	0	1	7	0	110
PB1_vRNA	681	1715	0	0	1	1	0	42
PB1_vRNA	682	1611	0	0	1	1	0	62
PB1_vRNA	684	1919	0	0	1	1	0	93
PB1_vRNA	688	1923	0	0	1	2	0	75
PB1_vRNA	689	1117	0	0	1	1	0	33
PB1_vRNA	694	1820	0	0	1	12	0	111
PB1_vRNA	698	1767	0	0	1	1	0	4
PB1_vRNA	701	1702	0	0	1	2	0	122
PB1_vRNA	704	795	0	0	1	1	0	59
PB1_vRNA	704	1785	0	0	1	1	0	28
PB1_vRNA	713	1717	0	0	1	1	0	103
PB1_vRNA	714	1774	0	0	1	1	0	36
PB1_vRNA	715	1625	0	0	1	1	0	14
PB1_vRNA	715	1801	0	0	1	1	0	85
PB1_vRNA	719	1453	0	0	1	2	0	120
PB1_vRNA	722	1808	0	0	1	2	0	54
PB1_vRNA	725	1223	0	0	1	1	0	74
PB1_vRNA	726	1795	0	0	1	1	0	141
PB1_vRNA	729	1720	1	5	1	1	0	66
PB1_vRNA	729	1767	0	0	1	1	0	24
PB1_vRNA	730	1767	0	0	1	1	0	102
PB1_vRNA	731	1762	0	0	1	3	0	109
PB1_vRNA	733	1761	0	0	1	1	0	20
PB1_vRNA	745	1567	0	0	1	1	0	115
PB1_vRNA	756	1436	0	0	1	1	0	53
PB1_vRNA	758	1772	0	0	1	1	0	44
PB1_vRNA	759	785	0	0	1	1	0	40
PB1_vRNA	761	1953	0	0	1	1	0	113
PB1_vRNA	773	1719	0	0	1	1	0	132
PB1_vRNA	775	1640	0	0	1	1	0	86
PB1_vRNA	777	1749	0	0	1	1	0	2
PB1_vRNA	778	1724	0	0	1	61	0	137
PB1_vRNA	782	1659	0	0	1	1	0	3
PB1_vRNA	794	1684	0	0	1	1	0	135
PB1_vRNA	801	1768	0	0	1	1	0	130
PB1_vRNA	807	1563	0	0	1	2	0	119
PB1_vRNA	811	1446	0	0	1	1	0	46
PB1_vRNA	816	1251	0	0	1	1	0	8
PB1_vRNA	816	1558	0	0	1	1	0	33
PB1_vRNA	817	1645	0	0	1	1	0	29
PB1_vRNA	821	1712	0	0	1	1	0	55
PB1_vRNA	823	1615	0	0	1	1	0	33
PB1_vRNA	824	1704	0	0	1	1	0	24
PB1_vRNA	832	1529	0	0	1	1	0	57
PB1_vRNA	833	1601	0	0	1	1	0	68
PB1_vRNA	840	1631	0	0	1	1	0	91
PB1_vRNA	840	1646	0	0	1	1	0	84
PB1_vRNA	848	1604	0	0	1	1	0	125
PB1_vRNA	854	880	0	0	1	1	0	67
PB1_vRNA	854	2212	0	0	1	1	0	40
PB1_vRNA	855	2206	0	0	1	1	0	46
PB1_vRNA	856	1071	2	2	1	1	0	4
PB1_vRNA	859	1626	0	0	1	1	0	84
PB1_vRNA	859	1666	0	0	1	1	0	126
PB1_vRNA	863	1551	0	0	1	1	0	16
PB1_vRNA	873	1794	0	0	1	1	0	85
PB1_vRNA	879	1440	0	0	1	1	0	140
PB1_vRNA	928	1580	0	0	1	1	0	84
PB1_vRNA	935	2030	0	0	1	1	0	116
PB1_vRNA	938	1498	0	0	1	1	0	117
PB1_vRNA	938	1519	0	0	1	1	0	49
PB1_vRNA	939	2169	0	0	1	30	0	106
PB1_vRNA	943	1255	0	0	1	1	0	71
PB1_vRNA	949	1261	0	0	1	36	0	132
PB1_vRNA	953	1582	0	0	1	1	0	4
PB1_vRNA	972	1154	0	0	1	1	0	119
PB1_vRNA	983	1154	0	0	1	8	1	131
PB1_vRNA	987	1452	0	0	1	2	0	96
PB1_vRNA	997	1169	0	0	1	1	0	34
PB1_vRNA	1086	1147	0	0	1	1	0	28
PB1_vRNA	1156	1687	0	0	1	1	0	42
PB1_vRNA	1165	1185	0	0	1	1	0	26
PB1_vRNA	1213	1666	1	1	1	1	0	109
PB1_vRNA	1240	1270	0	0	1	1	0	3
PB1_vRNA	1274	1627	0	0	1	1	0	95
PB1_vRNA	1309	1527	0	0	1	2	0	44
PB1_vRNA	1321	1382	0	0	1	1	0	85
PB1_vRNA	1327	1389	0	0	1	1	0	145
PB1_vRNA	1346	1491	0	0	1	1	0	74
PB1_vRNA	1374	1413	0	0	1	1	0	52
PB1_vRNA	1438	1660	0	0	1	1	0	119
PB1_vRNA	1451	1639	0	0	1	1	0	29
PB1_vRNA	1530	1565	0	0	1	1	0	31
PB1_vRNA	1531	2262	0	0	1	2	0	78
PB1_vRNA	1587	1619	0	0	1	1	0	39
PB1_vRNA	1700	1742	0	0	1	0	1	71
PB1_vRNA	1812	2057	0	0	1	0	1	7
PB1_vRNA	1848	1881	0	0	1	0	1	3
PB1_vRNA	1916	1964	0	0	1	9	0	89
PB1_vRNA	1990	2115	0	0	1	1	0	67
PB1_vRNA	1994	2086	0	0	1	1	0	10
PB1_vRNA	2022	2058	0	0	1	1	0	101
PB1_vRNA	2054	2075	0	0	1	8	0	89
PB1_vRNA	2147	2192	0	0	1	10	2	5
PB1_vRNA	2150	2194	0	0	1	5	0	4
PB1_vRNA	2153	2194	0	0	1	1045	16	80
PB1_vRNA	2175	2191	0	0	1	11	0	25
PB1_vRNA	2196	2230	0	0	1	2	0	93
PB1_vRNA	2232	2299	0	0	1	1	0	26
PB1_vRNA	2251	2291	0	0	1	8	0	50
PB1_vRNA	2275	2285	0	0	1	7	0	57
PB1_vRNA	2275	2286	0	0	1	151	6	56
PB1_vRNA	2275	2288	0	0	1	4	0	54
PB2_vRNA	99	525	0	0	1	1	0	49
PB2_vRNA	122	682	0	0	1	3	0	105
PB2_vRNA	135	1383	0	0	1	1	0	94
PB2_vRNA	135	1400	0	0	1	1	0	40
PB2_vRNA	137	169	0	0	1	1	0	129
PB2_vRNA	141	1986	0	0	1	1	0	103
PB2_vRNA	141	2100	0	0	1	1	0	64
PB2_vRNA	142	205	0	0	1	1	1	60
PB2_vRNA	147	1118	0	0	1	1	0	102
PB2_vRNA	150	375	0	0	1	1	1	6
PB2_vRNA	154	1420	0	0	1	1	0	31
PB2_vRNA	155	2120	0	0	1	7	0	118
PB2_vRNA	155	2172	0	0	1	1	0	67
PB2_vRNA	157	427	0	0	1	2	0	7
PB2_vRNA	157	2193	0	0	1	1	0	30
PB2_vRNA	160	1298	0	0	1	1	0	8
PB2_vRNA	160	1549	0	0	1	0	1	4
PB2_vRNA	163	2121	0	0	1	2	0	4
PB2_vRNA	165	193	0	0	1	2	0	57
PB2_vRNA	165	2068	0	0	1	0	9	7
PB2_vRNA	166	1898	0	0	1	1	0	93
PB2_vRNA	178	2233	2	6	1	4	0	95
PB2_vRNA	179	300	0	0	1	5	0	119
PB2_vRNA	179	2180	0	0	1	1	0	36
PB2_vRNA	182	2185	0	0	1	3	0	54
PB2_vRNA	184	2218	0	0	1	1	0	57
PB2_vRNA	187	2068	0	0	1	1	0	102
PB2_vRNA	187	2180	0	0	1	1	0	84
PB2_vRNA	188	206	0	0	1	0	1	5
PB2_vRNA	188	403	0	0	1	1	1	69
PB2_vRNA	188	2064	0	0	1	7	0	139
PB2_vRNA	190	301	0	0	1	1	0	41
PB2_vRNA	192	2196	0	0	1	1	0	40
PB2_vRNA	193	2163	0	0	1	2	0	134
PB2_vRNA	199	1168	0	0	1	1	0	85
PB2_vRNA	199	2224	2	6	1	1	0	102
PB2_vRNA	200	2162	0	0	1	5	0	126
PB2_vRNA	202	2149	0	0	1	5	0	1
PB2_vRNA	203	2169	0	0	1	1	0	4
PB2_vRNA	205	285	0	0	1	1	0	58
PB2_vRNA	205	2152	0	0	1	0	1	3
PB2_vRNA	205	2153	0	0	1	1	0	55
PB2_vRNA	205	2221	0	0	1	1	0	115
PB2_vRNA	206	291	0	0	1	1	0	47
PB2_vRNA	206	2152	0	0	1	2829	7	95
PB2_vRNA	207	2149	0	0	1	4	2	4
PB2_vRNA	207	2151	0	0	1	2	0	3
PB2_vRNA	208	2149	0	0	1	1	0	1
PB2_vRNA	208	2181	0	0	1	2	0	1
PB2_vRNA	209	284	0	0	1	1	0	5
PB2_vRNA	209	1403	0	0	1	1	0	117
PB2_vRNA	209	2149	0	0	1	2910	1	150
PB2_vRNA	209	2152	0	0	1	2	0	2
PB2_vRNA	209	2153	0	0	1	7	0	4
PB2_vRNA	210	279	0	0	1	1	0	81
PB2_vRNA	210	2156	0	0	1	1	0	11
PB2_vRNA	211	262	0	0	1	1	0	126
PB2_vRNA	211	279	0	0	1	22	0	126
PB2_vRNA	212	2101	0	0	1	1	0	53
PB2_vRNA	212	2193	0	0	1	1	0	37
PB2_vRNA	213	2117	0	0	1	1	0	128
PB2_vRNA	213	2222	0	0	1	2	0	35
PB2_vRNA	215	283	0	0	1	60	2	148
PB2_vRNA	216	1997	0	0	1	1	0	5
PB2_vRNA	216	2134	0	0	1	1	0	78
PB2_vRNA	217	2151	0	0	1	1	0	40
PB2_vRNA	217	2165	0	0	1	6	0	143
PB2_vRNA	217	2171	0	0	1	4	0	135
PB2_vRNA	217	2179	0	0	1	1	0	5
PB2_vRNA	217	2181	0	0	1	13	0	135
PB2_vRNA	217	2183	0	0	1	1	0	132
PB2_vRNA	219	2196	0	0	1	1	0	93
PB2_vRNA	221	2190	0	0	1	4	0	117
PB2_vRNA	223	2195	0	0	1	1	0	134
PB2_vRNA	225	2146	0	0	1	1	0	52
PB2_vRNA	226	2170	0	0	1	1	0	27
PB2_vRNA	227	2123	0	0	1	1	0	25
PB2_vRNA	227	2175	0	0	1	1	0	49
PB2_vRNA	228	2078	0	0	1	1	0	78
PB2_vRNA	228	2212	0	0	1	1	0	47
PB2_vRNA	229	2199	0	0	1	6	0	127
PB2_vRNA	229	2235	0	0	1	1	0	41
PB2_vRNA	230	2133	0	0	1	3	0	143
PB2_vRNA	230	2164	0	0	1	1	0	39
PB2_vRNA	230	2165	0	0	1	2	0	90
PB2_vRNA	231	2181	0	0	1	1	0	113
PB2_vRNA	232	2114	0	0	1	1	0	131
PB2_vRNA	232	2117	0	0	1	4	0	105
PB2_vRNA	232	2194	0	0	1	2	0	44
PB2_vRNA	232	2223	0	0	1	2	0	90
PB2_vRNA	233	2139	0	0	1	5	0	114
PB2_vRNA	235	2194	0	0	1	1	0	3
PB2_vRNA	235	2197	0	0	1	4	0	72
PB2_vRNA	236	2134	0	0	1	8	0	103
PB2_vRNA	239	2139	0	0	1	3	0	116
PB2_vRNA	239	2156	0	0	1	1	0	41
PB2_vRNA	241	2159	0	0	1	1	0	86
PB2_vRNA	242	1072	0	0	1	1	0	35
PB2_vRNA	243	2189	0	0	1	1	0	41
PB2_vRNA	244	2102	0	0	1	1	0	59
PB2_vRNA	244	2163	0	0	1	1	0	117
PB2_vRNA	244	2176	0	0	1	1	0	79
PB2_vRNA	245	1846	0	0	1	2	0	120
PB2_vRNA	245	2107	0	0	1	5	0	101
PB2_vRNA	245	2135	0	0	1	1	0	71
PB2_vRNA	246	2157	0	0	1	1	0	119
PB2_vRNA	247	2152	0	0	1	22	0	140
PB2_vRNA	248	1464	0	0	1	1	0	52
PB2_vRNA	249	2125	0	0	1	1	0	84
PB2_vRNA	249	2214	0	0	1	1	0	23
PB2_vRNA	250	318	0	0	1	1	0	87
PB2_vRNA	251	2093	0	0	1	64	0	142
PB2_vRNA	251	2165	0	0	1	1	0	134
PB2_vRNA	251	2195	0	0	1	1	0	92
PB2_vRNA	253	2159	0	0	1	2	0	130
PB2_vRNA	254	356	0	0	1	1	0	85
PB2_vRNA	254	2208	0	0	1	4	0	118
PB2_vRNA	254	2227	0	0	1	1	0	101
PB2_vRNA	255	1681	0	0	1	1	0	67
PB2_vRNA	255	2210	0	0	1	1	0	80
PB2_vRNA	256	2178	0	0	1	1	0	120
PB2_vRNA	257	2133	0	0	1	1	0	129
PB2_vRNA	257	2137	0	0	1	6	0	94
PB2_vRNA	257	2189	0	0	1	1	0	46
PB2_vRNA	258	2107	0	0	1	1	0	93
PB2_vRNA	258	2112	0	0	1	1	0	99
PB2_vRNA	258	2133	0	0	1	1	0	64
PB2_vRNA	261	2134	0	0	1	1	0	116
PB2_vRNA	261	2158	0	0	1	2	0	44
PB2_vRNA	262	2166	0	0	1	1	0	123
PB2_vRNA	263	332	0	0	1	3	0	118
PB2_vRNA	263	2150	0	0	1	1	0	85
PB2_vRNA	264	1958	0	0	1	1	0	42
PB2_vRNA	264	2137	0	0	1	2	0	24
PB2_vRNA	264	2182	1	3	1	3	0	103
PB2_vRNA	265	2092	0	0	1	1	0	59
PB2_vRNA	266	301	0	0	1	14	1	146
PB2_vRNA	266	2147	0	0	1	1	0	119
PB2_vRNA	267	290	0	0	1	1	0	68
PB2_vRNA	267	2240	0	0	1	1	0	3
PB2_vRNA	268	2097	0	0	1	49	0	143
PB2_vRNA	268	2144	0	0	1	2	0	86
PB2_vRNA	268	2149	0	0	1	1	0	80
PB2_vRNA	268	2151	0	0	1	2	0	80
PB2_vRNA	268	2173	0	0	1	1	0	29
PB2_vRNA	268	2180	0	0	1	26	0	140
PB2_vRNA	269	2074	0	0	1	2	0	141
PB2_vRNA	269	2107	0	0	1	1	0	27
PB2_vRNA	269	2125	0	0	1	15	0	120
PB2_vRNA	269	2136	0	0	1	1	0	42
PB2_vRNA	269	2240	0	0	1	68	0	102
PB2_vRNA	271	2185	2	4	1	4	0	70
PB2_vRNA	271	2216	2	2	1	0	1	66
PB2_vRNA	273	2218	0	0	1	1	0	71
PB2_vRNA	274	2219	0	0	1	300	0	125
PB2_vRNA	274	2220	0	0	1	0	1	2
PB2_vRNA	275	2200	0	0	1	1	0	94
PB2_vRNA	278	2014	0	0	1	324	0	149
PB2_vRNA	278	2131	0	0	1	1	0	56
PB2_vRNA	279	2015	0	0	1	2	0	101
PB2_vRNA	279	2029	0	0	1	1	0	67
PB2_vRNA	279	2146	0	0	1	1	0	40
PB2_vRNA	279	2196	0	0	1	1	0	49
PB2_vRNA	280	1987	0	0	1	2	0	28
PB2_vRNA	280	2099	0	0	1	0	1	4
PB2_vRNA	280	2133	0	0	1	1	0	3
PB2_vRNA	280	2151	0	0	1	73	0	135
PB2_vRNA	282	2149	0	0	1	5	0	106
PB2_vRNA	282	2194	0	0	1	1	0	128
PB2_vRNA	284	2101	0	0	1	60	0	137
PB2_vRNA	284	2114	0	0	1	2	0	84
PB2_vRNA	284	2147	0	0	1	1	0	62
PB2_vRNA	284	2165	0	0	1	3	0	82
PB2_vRNA	285	2082	0	0	1	1	0	29
PB2_vRNA	288	1893	0	0	1	1	0	125
PB2_vRNA	288	1960	0	0	1	1	0	79
PB2_vRNA	289	2179	0	0	1	2	0	108
PB2_vRNA	290	2014	0	0	1	1	0	128
PB2_vRNA	290	2134	0	0	1	1	0	77
PB2_vRNA	291	2010	0	0	1	1	0	95
PB2_vRNA	291	2021	0	0	1	1	0	4
PB2_vRNA	291	2124	0	0	1	3	0	89
PB2_vRNA	291	2134	0	0	1	1	0	52
PB2_vRNA	291	2183	0	0	1	3	0	92
PB2_vRNA	292	2127	0	0	1	25	0	140
PB2_vRNA	292	2152	0	0	1	1	0	15
PB2_vRNA	293	2023	0	0	1	444	0	149
PB2_vRNA	294	2101	0	0	1	1	0	36
PB2_vRNA	300	2146	0	0	1	1	0	79
PB2_vRNA	301	331	0	0	1	1	0	51
PB2_vRNA	303	2109	0	0	1	2	0	133
PB2_vRNA	307	2008	0	0	1	1	0	49
PB2_vRNA	307	2053	0	0	1	2	0	103
PB2_vRNA	307	2067	0	0	1	1	0	1
PB2_vRNA	308	2067	0	0	1	2	0	1
PB2_vRNA	308	2100	0	0	1	1	0	56
PB2_vRNA	309	2014	0	0	1	8	0	135
PB2_vRNA	309	2068	0	0	1	1	0	1
PB2_vRNA	309	2084	0	0	1	2	0	126
PB2_vRNA	310	2068	0	0	1	1325	12	149
PB2_vRNA	310	2072	0	0	1	0	2	3
PB2_vRNA	310	2134	0	0	1	2	0	92
PB2_vRNA	311	385	0	0	1	1	0	20
PB2_vRNA	311	2069	0	0	1	3	0	112
PB2_vRNA	312	2056	0	0	1	4	0	129
PB2_vRNA	312	2076	0	0	1	1	0	121
PB2_vRNA	312	2135	0	0	1	2	0	55
PB2_vRNA	313	1974	0	0	1	4	0	135
PB2_vRNA	313	2040	0	0	1	2	0	54
PB2_vRNA	313	2098	0	0	1	1	0	130
PB2_vRNA	313	2144	0	0	1	1	0	74
PB2_vRNA	314	2109	0	0	1	1	0	88
PB2_vRNA	316	2059	0	0	1	2	0	97
PB2_vRNA	318	2071	0	0	1	1	0	25
PB2_vRNA	318	2155	0	0	1	1	0	11
PB2_vRNA	319	421	0	0	1	1	0	90
PB2_vRNA	319	2113	0	0	1	1	0	55
PB2_vRNA	320	1971	0	0	1	5	0	82
PB2_vRNA	320	2076	0	0	1	1	0	147
PB2_vRNA	320	2151	0	0	1	1	0	110
PB2_vRNA	321	1968	0	0	1	12	0	114
PB2_vRNA	322	2082	0	0	1	5	0	134
PB2_vRNA	322	2083	0	0	1	1	0	83
PB2_vRNA	323	2151	0	0	1	3	0	122
PB2_vRNA	324	1981	0	0	1	13	0	112
PB2_vRNA	326	2091	0	0	1	1	0	118
PB2_vRNA	326	2151	0	0	1	1	0	140
PB2_vRNA	327	403	0	0	1	2	0	4
PB2_vRNA	327	2060	0	0	1	1	0	72
PB2_vRNA	329	339	0	0	1	1	0	6
PB2_vRNA	329	1601	0	0	1	3	0	97
PB2_vRNA	329	2116	0	0	1	1	0	104
PB2_vRNA	330	2028	0	0	1	2	0	129
PB2_vRNA	330	2064	0	0	1	1	0	4
PB2_vRNA	330	2226	0	0	1	1	0	68
PB2_vRNA	332	2093	0	0	1	1	0	79
PB2_vRNA	333	2072	0	0	1	1	0	107
PB2_vRNA	333	2143	0	0	1	1	0	1
PB2_vRNA	334	2051	0	0	1	3	0	94
PB2_vRNA	335	2077	0	0	1	1	0	98
PB2_vRNA	335	2101	0	0	1	1	0	40
PB2_vRNA	336	2027	0	0	1	2	0	62
PB2_vRNA	337	2060	0	0	1	3	0	138
PB2_vRNA	337	2097	0	0	1	1	0	81
PB2_vRNA	338	2106	0	0	1	1	0	67
PB2_vRNA	339	2035	0	0	1	1	0	53
PB2_vRNA	339	2107	0	0	1	4	0	93
PB2_vRNA	339	2180	0	0	1	1	0	28
PB2_vRNA	340	2048	0	0	1	2	0	54
PB2_vRNA	340	2183	0	0	1	1	0	46
PB2_vRNA	341	2101	0	0	1	1	0	148
PB2_vRNA	341	2120	0	0	1	1	0	79
PB2_vRNA	342	2064	0	0	1	1	0	74
PB2_vRNA	342	2141	0	0	1	266	0	149
PB2_vRNA	343	1965	0	0	1	1	0	68
PB2_vRNA	343	2055	0	0	1	1	0	100
PB2_vRNA	343	2063	0	0	1	1	0	61
PB2_vRNA	343	2142	0	0	1	1	0	47
PB2_vRNA	344	1985	0	0	1	1	0	32
PB2_vRNA	344	2014	0	0	1	1	0	38
PB2_vRNA	344	2231	0	0	1	2	0	72
PB2_vRNA	348	2128	0	0	1	1	0	96
PB2_vRNA	349	2069	0	0	1	3	0	128
PB2_vRNA	349	2090	0	0	1	10	0	142
PB2_vRNA	349	2115	0	0	1	3	0	129
PB2_vRNA	350	2034	0	0	1	2	0	149
PB2_vRNA	351	2018	0	0	1	1	0	48
PB2_vRNA	355	2085	0	0	1	4	0	139
PB2_vRNA	357	2169	0	0	1	1	0	72
PB2_vRNA	359	2059	0	0	1	1	0	51
PB2_vRNA	364	2014	0	0	1	3	0	76
PB2_vRNA	364	2077	0	0	1	1	0	27
PB2_vRNA	367	1085	0	0	1	1	0	6
PB2_vRNA	368	2183	0	0	1	1	0	143
PB2_vRNA	370	2077	0	0	1	6	0	118
PB2_vRNA	372	2043	0	0	1	1	0	51
PB2_vRNA	374	2037	0	0	1	1	0	106
PB2_vRNA	375	2080	0	0	1	2	0	37
PB2_vRNA	375	2150	0	0	1	1	0	28
PB2_vRNA	377	1983	0	0	1	1	0	4
PB2_vRNA	378	2034	0	0	1	7	0	84
PB2_vRNA	382	882	0	0	1	2	0	97
PB2_vRNA	385	2106	0	0	1	1	0	91
PB2_vRNA	387	1289	0	0	1	1	0	106
PB2_vRNA	387	2038	0	0	1	1	0	132
PB2_vRNA	387	2084	0	0	1	1	0	54
PB2_vRNA	387	2160	0	0	1	5	0	79
PB2_vRNA	388	1767	0	0	1	1	0	68
PB2_vRNA	388	1974	0	0	1	1	0	39
PB2_vRNA	388	2025	0	0	1	1	0	44
PB2_vRNA	388	2036	0	0	1	1	0	74
PB2_vRNA	388	2168	0	0	1	4	0	9
PB2_vRNA	389	2035	0	0	1	2	0	84
PB2_vRNA	390	1951	0	0	1	1	0	23
PB2_vRNA	390	1954	0	0	1	1	0	68
PB2_vRNA	390	1955	0	0	1	64	0	149
PB2_vRNA	390	2010	0	0	1	1	0	34
PB2_vRNA	390	2013	0	0	1	2	0	68
PB2_vRNA	390	2014	0	0	1	1	0	38
PB2_vRNA	390	2035	0	0	1	1	0	90
PB2_vRNA	390	2036	0	0	1	2	0	102
PB2_vRNA	390	2054	0	0	1	1	0	46
PB2_vRNA	390	2059	0	0	1	2	0	73
PB2_vRNA	390	2065	0	0	1	1	0	19
PB2_vRNA	390	2106	0	0	1	1	0	105
PB2_vRNA	390	2141	0	0	1	1	0	57
PB2_vRNA	391	2000	0	0	1	1	0	10
PB2_vRNA	391	2002	0	0	1	1	0	87
PB2_vRNA	391	2027	0	0	1	1	0	47
PB2_vRNA	391	2048	0	0	1	1	0	110
PB2_vRNA	391	2068	0	0	1	1	0	103
PB2_vRNA	391	2106	0	0	1	7	0	118
PB2_vRNA	392	1247	0	0	1	1	0	71
PB2_vRNA	392	2013	0	0	1	2	0	106
PB2_vRNA	392	2062	0	0	1	1	0	70
PB2_vRNA	395	893	0	0	1	1	0	51
PB2_vRNA	399	530	0	0	1	2	0	129
PB2_vRNA	400	501	0	0	1	1	1	46
PB2_vRNA	400	898	0	0	1	1	0	24
PB2_vRNA	407	2072	0	0	1	1	0	34
PB2_vRNA	408	2030	0	0	1	2	0	134
PB2_vRNA	408	2053	0	0	1	1	0	144
PB2_vRNA	408	2083	0	0	1	1	0	6
PB2_vRNA	408	2172	0	0	1	1	0	58
PB2_vRNA	409	2009	0	0	1	3	0	72
PB2_vRNA	409	2023	0	0	1	1	0	134
PB2_vRNA	409	2102	0	0	1	5	0	121
PB2_vRNA	410	2012	0	0	1	1	0	141
PB2_vRNA	410	2042	0	0	1	1	0	129
PB2_vRNA	410	2062	0	0	1	1	0	106
PB2_vRNA	410	2084	0	0	1	1	0	32
PB2_vRNA	412	1808	0	0	1	1	0	104
PB2_vRNA	418	2002	0	0	1	1	0	86
PB2_vRNA	423	2002	0	0	1	2	0	46
PB2_vRNA	424	2022	0	0	1	1	0	42
PB2_vRNA	424	2061	0	0	1	2	0	33
PB2_vRNA	425	1924	0	0	1	1	0	122
PB2_vRNA	425	1941	0	0	1	1	0	43
PB2_vRNA	425	2060	0	0	1	1	0	111
PB2_vRNA	425	2179	0	0	1	1	0	28
PB2_vRNA	428	2006	0	0	1	2	0	56
PB2_vRNA	436	1208	0	0	1	1	0	120
PB2_vRNA	438	1835	0	0	1	2	0	4
PB2_vRNA	438	1953	0	0	1	1	0	41
PB2_vRNA	439	1891	0	0	1	0	1	3
PB2_vRNA	439	1967	0	0	1	2	0	29
PB2_vRNA	439	2007	0	0	1	2	0	90
PB2_vRNA	439	2022	0	0	1	1	0	22
PB2_vRNA	439	2046	0	0	1	1	0	49
PB2_vRNA	439	2071	0	0	1	1	0	25
PB2_vRNA	439	2084	2	6	1	1	0	144
PB2_vRNA	440	1981	0	0	1	1	0	58
PB2_vRNA	440	2004	0	0	1	2	0	64
PB2_vRNA	440	2035	0	0	1	1	0	148
PB2_vRNA	441	467	0	0	1	1	0	44
PB2_vRNA	441	2136	0	0	1	1	0	50
PB2_vRNA	442	1939	0	0	1	3	0	49
PB2_vRNA	442	1940	0	0	1	3	0	1
PB2_vRNA	443	2158	0	0	1	3	1	123
PB2_vRNA	444	1941	0	0	1	650	4	150
PB2_vRNA	445	912	0	0	1	1	0	82
PB2_vRNA	448	486	0	0	1	1	0	56
PB2_vRNA	450	2143	0	0	1	3	0	102
PB2_vRNA	452	1861	0	0	1	1	0	91
PB2_vRNA	453	1953	0	0	1	11	0	131
PB2_vRNA	453	2066	0	0	1	1	0	85
PB2_vRNA	454	2003	0	0	1	2	0	97
PB2_vRNA	454	2009	0	0	1	1	0	78
PB2_vRNA	454	2034	0	0	1	2	0	121
PB2_vRNA	455	1961	0	0	1	1	0	34
PB2_vRNA	455	1989	0	0	1	1	0	125
PB2_vRNA	455	2015	0	0	1	4	0	111
PB2_vRNA	455	2022	0	0	1	1	0	59
PB2_vRNA	455	2144	0	0	1	1	0	72
PB2_vRNA	456	1899	0	0	1	1	0	82
PB2_vRNA	456	1952	0	0	1	1	0	112
PB2_vRNA	456	1966	0	0	1	1	0	76
PB2_vRNA	456	1978	0	0	1	5	0	103
PB2_vRNA	456	1987	0	0	1	1	0	85
PB2_vRNA	456	1994	0	0	1	1	0	44
PB2_vRNA	456	2035	0	0	1	1	0	61
PB2_vRNA	456	2088	0	0	1	1	0	8
PB2_vRNA	456	2165	0	0	1	2	0	66
PB2_vRNA	457	1936	0	0	1	4	0	108
PB2_vRNA	457	1976	0	0	1	1	0	75
PB2_vRNA	457	2005	0	0	1	1	0	69
PB2_vRNA	457	2025	0	0	1	1	0	31
PB2_vRNA	458	1968	0	0	1	1	0	76
PB2_vRNA	458	2006	0	0	1	12	0	98
PB2_vRNA	458	2009	0	0	1	3	0	37
PB2_vRNA	461	1950	0	0	1	1	0	138
PB2_vRNA	462	1992	0	0	1	1	0	137
PB2_vRNA	465	2035	0	0	1	2	0	132
PB2_vRNA	468	1998	0	0	1	1	0	54
PB2_vRNA	469	1876	0	0	1	25	0	147
PB2_vRNA	469	1921	0	0	1	1	0	32
PB2_vRNA	469	2014	0	0	1	1	0	30
PB2_vRNA	471	543	0	0	1	1	0	74
PB2_vRNA	472	1865	0	0	1	1	0	120
PB2_vRNA	472	1889	0	0	1	2	0	73
PB2_vRNA	474	2021	0	0	1	1	0	23
PB2_vRNA	475	2214	0	0	1	1	0	26
PB2_vRNA	476	1860	0	0	1	3	0	84
PB2_vRNA	477	1870	0	0	1	1	0	125
PB2_vRNA	477	2059	0	0	1	4	0	85
PB2_vRNA	478	1871	0	0	1	1	0	142
PB2_vRNA	478	1957	0	0	1	1	0	32
PB2_vRNA	481	2011	0	0	1	1	0	41
PB2_vRNA	482	1969	0	0	1	1	0	56
PB2_vRNA	482	2049	0	0	1	1	0	62
PB2_vRNA	482	2055	0	0	1	1	0	53
PB2_vRNA	483	1473	0	0	1	1	0	44
PB2_vRNA	483	1919	0	0	1	1	0	87
PB2_vRNA	489	2007	0	0	1	1	0	119
PB2_vRNA	489	2146	2	6	1	1	0	98
PB2_vRNA	489	2151	2	6	1	1	0	84
PB2_vRNA	492	1908	0	0	1	13	0	148
PB2_vRNA	492	1976	0	0	1	1	0	12
PB2_vRNA	494	1932	0	0	1	21	0	122
PB2_vRNA	495	1869	0	0	1	1	0	62
PB2_vRNA	495	2037	0	0	1	1	0	96
PB2_vRNA	498	1907	0	0	1	1	0	17
PB2_vRNA	498	1932	0	0	1	1	0	41
PB2_vRNA	499	1875	0	0	1	1	0	44
PB2_vRNA	500	626	1	5	1	3	0	3
PB2_vRNA	500	1285	1	5	1	1	0	6
PB2_vRNA	500	2039	0	0	1	1	0	103
PB2_vRNA	501	2018	0	0	1	95	0	149
PB2_vRNA	504	1861	2	4	1	1	0	25
PB2_vRNA	505	2097	0	0	1	1	0	86
PB2_vRNA	507	1902	0	0	1	3	0	133
PB2_vRNA	507	1923	0	0	1	7	0	142
PB2_vRNA	507	2108	0	0	1	1	0	47
PB2_vRNA	508	1865	0	0	1	44	0	131
PB2_vRNA	508	1910	0	0	1	1	0	134
PB2_vRNA	509	1874	0	0	1	1	0	116
PB2_vRNA	510	1807	0	0	1	2	0	70
PB2_vRNA	510	1923	0	0	1	1	0	113
PB2_vRNA	511	594	0	0	1	1	0	47
PB2_vRNA	511	1747	0	0	1	1	0	115
PB2_vRNA	511	1828	2	6	1	2	1	91
PB2_vRNA	511	1937	0	0	1	1	0	78
PB2_vRNA	511	1999	0	0	1	3	0	91
PB2_vRNA	511	2006	0	0	1	1	0	73
PB2_vRNA	511	2105	0	0	1	1	0	26
PB2_vRNA	512	845	0	0	1	1	0	39
PB2_vRNA	512	1829	0	0	1	209	1	147
PB2_vRNA	512	2036	0	0	1	1	0	94
PB2_vRNA	515	1891	0	0	1	3	1	114
PB2_vRNA	516	599	0	0	1	1	0	102
PB2_vRNA	516	2064	0	0	1	1	0	71
PB2_vRNA	517	1865	0	0	1	80	0	140
PB2_vRNA	517	1871	0	0	1	1	0	8
PB2_vRNA	517	1889	0	0	1	1	0	21
PB2_vRNA	517	1917	0	0	1	5	0	120
PB2_vRNA	517	1974	0	0	1	1	0	98
PB2_vRNA	517	1982	0	0	1	1	0	7
PB2_vRNA	517	2150	0	0	1	1	0	97
PB2_vRNA	518	541	0	0	1	1	0	122
PB2_vRNA	519	1821	0	0	1	20	0	123
PB2_vRNA	520	1731	0	0	1	1	0	104
PB2_vRNA	520	1832	0	0	1	1	0	27
PB2_vRNA	520	1867	0	0	1	1	0	17
PB2_vRNA	521	1869	0	0	1	1	0	48
PB2_vRNA	523	1909	0	0	1	1	0	115
PB2_vRNA	525	1982	0	0	1	1	0	112
PB2_vRNA	527	1742	0	0	1	2	0	126
PB2_vRNA	529	1925	0	0	1	1	0	127
PB2_vRNA	533	1782	0	0	1	1	0	120
PB2_vRNA	538	1117	0	0	1	1	0	50
PB2_vRNA	538	1781	0	0	1	56	0	147
PB2_vRNA	539	1992	0	0	1	4	0	142
PB2_vRNA	540	628	0	0	1	1	0	19
PB2_vRNA	541	1885	0	0	1	1	0	26
PB2_vRNA	542	1927	0	0	1	1	0	76
PB2_vRNA	544	1888	0	0	1	1	0	56
PB2_vRNA	550	583	0	0	1	1	0	147
PB2_vRNA	551	1857	0	0	1	2	0	31
PB2_vRNA	551	1886	0	0	1	1	0	43
PB2_vRNA	552	1869	0	0	1	2	0	62
PB2_vRNA	559	1836	0	0	1	28	0	147
PB2_vRNA	560	1850	0	0	1	1	0	21
PB2_vRNA	560	1857	0	0	1	1	0	133
PB2_vRNA	560	1890	0	0	1	2	0	113
PB2_vRNA	563	1866	0	0	1	1	0	53
PB2_vRNA	563	1915	0	0	1	1	0	21
PB2_vRNA	564	1876	0	0	1	24	0	131
PB2_vRNA	566	1865	0	0	1	1	0	72
PB2_vRNA	566	1943	0	0	1	4	0	120
PB2_vRNA	567	1938	0	0	1	1	0	136
PB2_vRNA	568	1994	0	0	1	1	0	34
PB2_vRNA	569	1788	0	0	1	1	0	30
PB2_vRNA	569	1863	0	0	1	33	0	137
PB2_vRNA	571	1847	0	0	1	1	0	27
PB2_vRNA	575	609	0	0	1	1	0	89
PB2_vRNA	575	1891	0	0	1	0	1	3
PB2_vRNA	576	1893	0	0	1	1	0	56
PB2_vRNA	577	1881	0	0	1	1	0	107
PB2_vRNA	580	1829	0	0	1	1	0	60
PB2_vRNA	580	1872	0	0	1	3	0	114
PB2_vRNA	580	1891	0	0	1	2	1	38
PB2_vRNA	581	600	0	0	1	10	0	119
PB2_vRNA	583	621	0	0	1	1	0	46
PB2_vRNA	583	1864	0	0	1	2	0	80
PB2_vRNA	583	1887	0	0	1	1	0	120
PB2_vRNA	583	1909	0	0	1	1	0	27
PB2_vRNA	584	1509	0	0	1	1	0	49
PB2_vRNA	584	1777	0	0	1	4	0	107
PB2_vRNA	584	1797	0	0	1	2	0	59
PB2_vRNA	585	1785	0	0	1	1	0	45
PB2_vRNA	585	1847	0	0	1	61	0	148
PB2_vRNA	586	1927	0	0	1	1	0	102
PB2_vRNA	588	2139	0	0	1	1	0	123
PB2_vRNA	589	1888	0	0	1	25	0	133
PB2_vRNA	591	1843	0	0	1	1	0	75
PB2_vRNA	594	1836	0	0	1	1	0	61
PB2_vRNA	597	1850	0	0	1	2	0	123
PB2_vRNA	601	1844	0	0	1	1	0	39
PB2_vRNA	602	629	0	0	1	1	0	87
PB2_vRNA	602	648	0	0	1	1	0	4
PB2_vRNA	602	1827	0	0	1	2	0	127
PB2_vRNA	603	1934	0	0	1	1	0	66
PB2_vRNA	605	635	0	0	1	1	0	41
PB2_vRNA	606	1166	0	0	1	1	0	62
PB2_vRNA	608	1854	0	0	1	1	0	78
PB2_vRNA	609	1892	0	0	1	1	0	37
PB2_vRNA	610	1809	0	0	1	1	0	60
PB2_vRNA	610	1870	0	0	1	1	0	118
PB2_vRNA	612	1865	0	0	1	1	0	56
PB2_vRNA	614	1711	0	0	1	5	0	134
PB2_vRNA	622	1796	0	0	1	1	0	60
PB2_vRNA	622	1824	0	0	1	1	0	16
PB2_vRNA	622	1872	0	0	1	1	0	42
PB2_vRNA	624	1855	0	0	1	1	0	85
PB2_vRNA	625	1921	0	0	1	1	0	115
PB2_vRNA	627	1924	0	0	1	1	0	138
PB2_vRNA	628	1759	0	0	1	1	0	83
PB2_vRNA	629	642	0	0	1	1	0	22
PB2_vRNA	629	1786	0	0	1	1	0	81
PB2_vRNA	635	650	0	0	1	2	0	133
PB2_vRNA	636	1776	0	0	1	1	0	113
PB2_vRNA	636	1889	0	0	1	1	0	91
PB2_vRNA	637	1919	0	0	1	1	0	24
PB2_vRNA	639	1880	0	0	1	1	0	128
PB2_vRNA	641	1867	0	0	1	2	0	120
PB2_vRNA	641	1920	0	0	1	1	0	64
PB2_vRNA	646	1822	0	0	1	4	0	111
PB2_vRNA	651	1870	0	0	1	1	0	102
PB2_vRNA	651	1953	0	0	1	1	0	85
PB2_vRNA	653	1950	0	0	1	1	0	116
PB2_vRNA	654	1764	0	0	1	1	0	91
PB2_vRNA	656	1782	0	0	1	1	0	137
PB2_vRNA	656	1904	0	0	1	2	0	32
PB2_vRNA	656	1911	0	0	1	1	0	92
PB2_vRNA	656	1925	0	0	1	1	0	127
PB2_vRNA	658	675	0	0	1	1	0	32
PB2_vRNA	659	1760	0	0	1	2	0	44
PB2_vRNA	661	1312	0	0	1	1	0	130
PB2_vRNA	669	1686	0	0	1	1	0	85
PB2_vRNA	669	1896	0	0	1	1	0	75
PB2_vRNA	670	1599	0	0	1	1	0	131
PB2_vRNA	682	1823	0	0	1	1	0	57
PB2_vRNA	686	1827	0	0	1	174	1	145
PB2_vRNA	690	1874	0	0	1	2	0	83
PB2_vRNA	691	1908	0	0	1	1	0	84
PB2_vRNA	693	724	0	0	1	1	0	42
PB2_vRNA	694	1973	0	0	1	8	0	133
PB2_vRNA	698	893	0	0	1	2	0	136
PB2_vRNA	700	1808	0	0	1	1	0	112
PB2_vRNA	704	757	0	0	1	1	0	26
PB2_vRNA	704	881	0	0	1	1	0	65
PB2_vRNA	704	888	0	0	1	1	0	31
PB2_vRNA	704	1298	0	0	1	1	0	85
PB2_vRNA	706	854	0	0	1	1	0	131
PB2_vRNA	708	883	1	5	1	1	0	38
PB2_vRNA	708	1155	1	5	1	1	0	4
PB2_vRNA	708	1778	0	0	1	1	0	15
PB2_vRNA	709	1721	0	0	1	1	0	142
PB2_vRNA	710	1703	0	0	1	4	0	128
PB2_vRNA	711	859	0	0	1	1	0	74
PB2_vRNA	712	1762	0	0	1	1	0	103
PB2_vRNA	713	1656	0	0	1	2	0	126
PB2_vRNA	714	893	0	0	1	3	0	110
PB2_vRNA	715	1640	0	0	1	1	0	87
PB2_vRNA	716	1665	0	0	1	1	0	87
PB2_vRNA	717	1910	0	0	1	1	0	123
PB2_vRNA	720	1710	0	0	1	2	0	51
PB2_vRNA	720	1759	0	0	1	1	0	141
PB2_vRNA	722	1680	0	0	1	1	0	118
PB2_vRNA	724	782	0	0	1	1	0	114
PB2_vRNA	729	756	0	0	1	1	0	81
PB2_vRNA	738	770	0	0	1	1	0	136
PB2_vRNA	740	782	0	0	1	1	0	44
PB2_vRNA	740	2024	0	0	1	2	0	116
PB2_vRNA	742	1782	0	0	1	12	0	145
PB2_vRNA	745	2058	0	0	1	1	0	83
PB2_vRNA	747	1584	0	0	1	1	0	85
PB2_vRNA	751	1048	0	0	1	1	0	51
PB2_vRNA	751	1543	0	0	1	1	0	83
PB2_vRNA	755	1586	0	0	1	1	0	65
PB2_vRNA	756	1617	0	0	1	1	0	3
PB2_vRNA	764	877	0	0	1	1	0	71
PB2_vRNA	780	1672	0	0	1	1	0	31
PB2_vRNA	781	2008	0	0	1	1	0	108
PB2_vRNA	789	2185	0	0	1	2	0	50
PB2_vRNA	790	2186	0	0	1	832	1	149
PB2_vRNA	792	942	0	0	1	2	0	142
PB2_vRNA	798	1660	0	0	1	1	0	99
PB2_vRNA	804	1551	0	0	1	1	0	89
PB2_vRNA	805	1699	0	0	1	1	0	123
PB2_vRNA	810	1567	0	0	1	4	0	135
PB2_vRNA	821	841	0	0	1	1	0	52
PB2_vRNA	822	873	0	0	1	1	0	45
PB2_vRNA	824	852	0	0	1	0	1	14
PB2_vRNA	848	1691	0	0	1	5	0	70
PB2_vRNA	855	896	0	0	1	1	0	64
PB2_vRNA	862	1539	0	0	1	1	0	91
PB2_vRNA	863	1207	0	0	1	1	0	32
PB2_vRNA	866	1599	0	0	1	1	0	9
PB2_vRNA	869	904	0	0	1	1	0	31
PB2_vRNA	870	1491	0	0	1	1	0	82
PB2_vRNA	875	1357	0	0	1	1	0	43
PB2_vRNA	878	2042	0	0	1	2	0	102
PB2_vRNA	880	1043	0	0	1	1	0	104
PB2_vRNA	882	1675	0	0	1	1	0	20
PB2_vRNA	886	1251	0	0	1	1	0	19
PB2_vRNA	890	1072	0	0	1	1	0	13
PB2_vRNA	891	1296	0	0	1	1	0	107
PB2_vRNA	895	950	0	0	1	1	0	110
PB2_vRNA	895	973	0	0	1	1	0	124
PB2_vRNA	901	1555	0	0	1	1	0	48
PB2_vRNA	903	1539	0	0	1	1	0	52
PB2_vRNA	906	1609	0	0	1	1	0	29
PB2_vRNA	910	950	0	0	1	1	0	21
PB2_vRNA	910	982	0	0	1	1	0	135
PB2_vRNA	917	2070	2	6	1	2	0	99
PB2_vRNA	946	1164	0	0	1	1	0	68
PB2_vRNA	950	1560	2	6	1	2	0	114
PB2_vRNA	953	995	0	0	1	1	0	3
PB2_vRNA	953	1531	0	0	1	1	0	6
PB2_vRNA	960	1062	0	0	1	1	0	28
PB2_vRNA	964	1959	0	0	1	1	0	41
PB2_vRNA	967	1003	0	0	1	1	0	36
PB2_vRNA	967	1531	0	0	1	1	0	101
PB2_vRNA	969	1216	0	0	1	1	0	137
PB2_vRNA	971	1371	0	0	1	1	0	26
PB2_vRNA	974	1121	0	0	1	1	0	119
PB2_vRNA	979	1351	0	0	1	1	0	74
PB2_vRNA	1006	1106	2	6	1	1	0	118
PB2_vRNA	1007	1527	0	0	1	1	0	32
PB2_vRNA	1011	1251	0	0	1	3	0	124
PB2_vRNA	1044	1141	0	0	1	1	0	115
PB2_vRNA	1061	1724	0	0	1	1	0	81
PB2_vRNA	1080	1459	0	0	1	1	0	10
PB2_vRNA	1099	1511	0	0	1	1	0	70
PB2_vRNA	1140	1681	0	0	1	1	0	118
PB2_vRNA	1144	1270	0	0	1	1	0	27
PB2_vRNA	1150	1178	0	0	1	2	0	83
PB2_vRNA	1158	2052	0	0	1	1	0	14
PB2_vRNA	1168	1357	0	0	1	1	0	77
PB2_vRNA	1174	2118	0	0	1	2	0	116
PB2_vRNA	1185	1279	0	0	1	1	0	71
PB2_vRNA	1188	1401	0	0	1	1	0	12
PB2_vRNA	1193	1857	0	0	1	1	0	140
PB2_vRNA	1194	1560	0	0	1	1	0	146
PB2_vRNA	1210	2101	0	0	1	1	0	26
PB2_vRNA	1243	1254	0	0	1	1	0	23
PB2_vRNA	1244	1843	0	0	1	2	0	100
PB2_vRNA	1246	2103	0	0	1	1	0	111
PB2_vRNA	1255	1515	0	0	1	1	0	23
PB2_vRNA	1260	1512	0	0	1	1	0	83
PB2_vRNA	1260	2195	0	0	1	1	0	97
PB2_vRNA	1267	1383	0	0	1	1	0	29
PB2_vRNA	1268	1390	0	0	1	1	0	19
PB2_vRNA	1295	1368	0	0	1	1	0	86
PB2_vRNA	1296	1510	0	0	1	1	0	128
PB2_vRNA	1299	1368	0	0	1	1	0	37
PB2_vRNA	1354	1427	0	0	1	2	0	74
PB2_vRNA	1376	2161	0	0	1	1	0	90
PB2_vRNA	1384	1400	0	0	1	1	0	41
PB2_vRNA	1391	1454	0	0	1	1	0	69
PB2_vRNA	1398	1450	0	0	1	1	0	46
PB2_vRNA	1431	2247	0	0	1	1	0	6
PB2_vRNA	1431	2248	0	0	1	49	0	94
PB2_vRNA	1431	2249	0	0	1	1	0	54
PB2_vRNA	1435	1473	0	0	1	1	0	55
PB2_vRNA	1453	1484	0	0	1	2	0	96
PB2_vRNA	1455	1495	0	0	1	1	0	3
PB2_vRNA	1477	1561	0	0	1	5	0	140
PB2_vRNA	1480	1503	0	0	1	1	0	45
PB2_vRNA	1525	2156	0	0	1	1	0	81
PB2_vRNA	1526	2107	0	0	1	1	0	15
PB2_vRNA	1544	2055	0	0	1	3	0	139
PB2_vRNA	1546	2113	0	0	1	1	0	123
PB2_vRNA	1557	2006	0	0	1	1	0	6
PB2_vRNA	1558	2119	0	0	1	1	0	97
PB2_vRNA	1581	1612	0	0	1	1	0	77
PB2_vRNA	1679	2066	0	0	1	1	0	124
PB2_vRNA	1751	1787	0	0	1	1	0	3
PB2_vRNA	1797	1930	0	0	1	0	1	43
PB2_vRNA	1827	1936	0	0	1	1	0	61
PB2_vRNA	1847	1896	0	0	1	2	0	83
PB2_vRNA	1915	1938	0	0	1	2	0	112
PB2_vRNA	1972	2254	0	0	1	1	0	87
PB2_vRNA	1985	2015	0	0	1	0	1	4
PB2_vRNA	2028	2137	0	0	1	1	0	74
PB2_vRNA	2044	2102	0	0	1	1	0	60
PB2_vRNA	2063	2105	0	0	1	2	0	51
PB2_vRNA	2201	2231	0	0	1	1	0	87
PB2_vRNA	2209	2243	0	0	1	2	0	56
PB2_vRNA	2212	2246	0	0	1	2369	9	62
PB2_vRNA	2213	2247	0	0	1	7	7	60
