HA_vRNA	66	791	0	0	1	1	0	29
HA_vRNA	68	833	0	0	1	1	0	57
HA_vRNA	79	175	0	0	1	1	0	55
HA_vRNA	82	149	0	0	1	1	0	35
HA_vRNA	91	116	0	0	1	1	0	42
HA_vRNA	92	1006	0	0	1	1	0	31
HA_vRNA	94	158	0	0	1	16	0	88
HA_vRNA	94	452	0	0	1	5	0	80
HA_vRNA	100	164	0	0	1	1	0	62
HA_vRNA	107	773	0	0	1	1	0	4
HA_vRNA	164	1159	0	0	1	1	0	56
HA_vRNA	164	1227	0	0	1	1	0	71
HA_vRNA	168	675	0	0	1	1	0	6
HA_vRNA	172	1166	0	0	1	1	0	70
HA_vRNA	172	1537	0	0	1	1	0	103
HA_vRNA	176	255	0	0	1	2	0	21
HA_vRNA	184	555	0	0	1	1	0	77
HA_vRNA	184	707	0	0	1	1	0	11
HA_vRNA	186	650	0	0	1	1	0	35
HA_vRNA	189	653	0	0	1	1	0	100
HA_vRNA	194	706	0	0	1	7	0	109
HA_vRNA	196	459	0	0	1	4	0	35
HA_vRNA	196	677	0	0	1	1	0	39
HA_vRNA	200	664	0	0	1	7	0	90
HA_vRNA	205	544	0	0	1	1	0	5
HA_vRNA	213	539	0	0	1	1	0	44
HA_vRNA	213	631	0	0	1	4	0	51
HA_vRNA	245	294	0	0	1	17	0	110
HA_vRNA	258	314	0	0	1	4	0	125
HA_vRNA	259	496	0	0	1	1	0	104
HA_vRNA	265	791	0	0	1	1	0	29
HA_vRNA	265	875	0	0	1	2	0	34
HA_vRNA	269	1046	0	0	1	1	1	47
HA_vRNA	269	1336	0	0	1	1	1	131
HA_vRNA	270	520	0	0	1	4	0	116
HA_vRNA	271	486	0	0	1	1	0	49
HA_vRNA	272	526	0	0	1	1	0	26
HA_vRNA	280	541	0	0	1	1	0	77
HA_vRNA	281	1619	0	0	1	1	0	84
HA_vRNA	284	1603	0	0	1	1	0	3
HA_vRNA	285	561	0	0	1	2	0	92
HA_vRNA	286	520	0	0	1	1	0	70
HA_vRNA	288	791	0	0	1	1	0	3
HA_vRNA	288	1639	0	0	1	44	0	97
HA_vRNA	291	1540	0	0	1	1	0	4
HA_vRNA	293	1509	0	0	1	1	0	92
HA_vRNA	301	1618	0	0	1	13	0	70
HA_vRNA	304	915	0	0	1	1	0	8
HA_vRNA	304	1639	0	0	1	1	0	81
HA_vRNA	328	344	0	0	1	1	0	82
HA_vRNA	328	1517	0	0	1	7	0	84
HA_vRNA	333	1522	0	0	1	0	1	5
HA_vRNA	336	1522	0	0	1	0	1	5
HA_vRNA	340	1264	0	0	1	1	0	37
HA_vRNA	369	1436	0	0	1	1	0	38
HA_vRNA	373	561	1	5	1	1	0	45
HA_vRNA	384	404	0	0	1	1	0	33
HA_vRNA	395	443	0	0	1	4	0	106
HA_vRNA	395	1434	0	0	1	1	0	3
HA_vRNA	399	674	0	0	1	1	0	56
HA_vRNA	405	1516	0	0	1	20	0	110
HA_vRNA	407	1415	0	0	1	1	0	3
HA_vRNA	432	1620	0	0	1	1	0	64
HA_vRNA	442	449	0	0	1	2	0	24
HA_vRNA	445	709	2	6	1	7	1	93
HA_vRNA	450	675	0	0	1	1	0	91
HA_vRNA	460	656	0	0	1	1	0	96
HA_vRNA	482	1258	0	0	1	1	0	89
HA_vRNA	486	560	0	0	1	1	0	63
HA_vRNA	489	678	0	0	1	4	0	61
HA_vRNA	511	679	0	0	1	1	0	47
HA_vRNA	515	1562	0	0	1	1	0	34
HA_vRNA	530	1069	0	0	1	1	0	54
HA_vRNA	532	591	0	0	1	1	0	3
HA_vRNA	547	1078	0	0	1	1	0	95
HA_vRNA	556	1608	0	0	1	1	0	74
HA_vRNA	558	1421	0	0	1	1	0	6
HA_vRNA	560	993	0	0	1	1	0	58
HA_vRNA	566	1049	0	0	1	1	0	76
HA_vRNA	570	1373	0	0	1	1	0	49
HA_vRNA	576	795	0	0	1	2	0	45
HA_vRNA	579	1021	0	0	1	1	0	4
HA_vRNA	586	702	0	0	1	2	0	107
HA_vRNA	590	1111	0	0	1	1	0	39
HA_vRNA	615	1218	0	0	1	1	0	3
HA_vRNA	626	679	0	0	1	2	0	15
HA_vRNA	651	756	0	0	1	1	0	5
HA_vRNA	653	790	0	0	1	1	0	50
HA_vRNA	658	758	0	0	1	1	0	39
HA_vRNA	673	1013	0	0	1	1	0	57
HA_vRNA	679	1518	0	0	1	2	0	85
HA_vRNA	682	1234	0	0	1	1	0	30
HA_vRNA	686	1214	0	0	1	1	0	40
HA_vRNA	706	846	0	0	1	1	0	3
HA_vRNA	711	974	0	0	1	3	0	53
HA_vRNA	714	886	2	2	1	1	0	55
HA_vRNA	724	1117	0	0	1	1	0	14
HA_vRNA	748	1004	0	0	1	1	0	28
HA_vRNA	751	1076	0	0	1	5	0	75
HA_vRNA	752	877	0	0	1	1	0	26
HA_vRNA	753	1264	0	0	1	2	0	58
HA_vRNA	763	971	0	0	1	10	0	116
HA_vRNA	767	965	0	0	1	1	0	123
HA_vRNA	767	1298	0	0	1	1	0	3
HA_vRNA	782	1191	0	0	1	1	0	94
HA_vRNA	809	851	0	0	1	14	0	110
HA_vRNA	811	1066	0	0	1	2	0	31
HA_vRNA	812	855	0	0	1	1	0	45
HA_vRNA	834	883	0	0	1	1	0	27
HA_vRNA	834	1644	0	0	1	2	0	46
HA_vRNA	835	949	0	0	1	1	0	42
HA_vRNA	848	1166	0	0	1	1	0	29
HA_vRNA	850	1249	0	0	1	1	0	4
HA_vRNA	896	1660	1	1	1	0	1	28
HA_vRNA	927	1379	0	0	1	1	0	56
HA_vRNA	972	1380	0	0	1	3	0	44
HA_vRNA	991	1044	0	0	1	1	0	20
HA_vRNA	1027	1328	0	0	1	1	0	80
HA_vRNA	1114	1535	0	0	1	1	0	114
HA_vRNA	1217	1246	0	0	1	1	0	90
HA_vRNA	1264	1283	0	0	1	1	0	43
HA_vRNA	1275	1427	0	0	1	1	0	120
HA_vRNA	1299	1373	0	0	1	1	0	19
HA_vRNA	1361	1498	0	0	1	1	0	68
HA_vRNA	1369	1423	0	0	1	1	0	73
HA_vRNA	1392	1399	0	0	1	1	0	22
HA_vRNA	1509	1530	0	0	1	2	0	68
HA_vRNA	1580	1607	0	0	1	1	0	40
HA_vRNA	1617	1645	0	0	1	1	0	45
M_vRNA	98	129	0	0	1	1	0	74
M_vRNA	100	133	0	0	1	20	1	89
M_vRNA	100	135	0	0	1	0	1	38
M_vRNA	104	836	0	0	1	1	0	5
M_vRNA	110	264	0	0	1	6	0	81
M_vRNA	112	378	0	0	1	1	0	9
M_vRNA	114	267	0	0	1	1	0	17
M_vRNA	117	270	0	0	1	1	0	85
M_vRNA	123	894	0	0	1	1	0	56
M_vRNA	131	400	0	0	1	1	0	34
M_vRNA	132	619	0	0	1	1	0	65
M_vRNA	153	177	0	0	1	1	0	38
M_vRNA	177	866	0	0	1	7	0	134
M_vRNA	186	422	0	0	1	1	0	17
M_vRNA	189	389	0	0	1	4	1	131
M_vRNA	191	464	0	0	1	1	0	106
M_vRNA	193	393	0	0	1	27	1	133
M_vRNA	194	220	0	0	1	2	0	74
M_vRNA	195	424	0	0	1	2	0	87
M_vRNA	202	393	0	0	1	20	0	133
M_vRNA	203	223	0	0	1	16	0	113
M_vRNA	206	390	0	0	1	1	1	60
M_vRNA	209	637	0	0	1	4	0	104
M_vRNA	212	390	0	0	1	0	1	5
M_vRNA	217	395	0	0	1	7	0	71
M_vRNA	223	707	0	0	1	1	0	90
M_vRNA	230	457	0	0	1	1	0	43
M_vRNA	231	408	0	0	1	2	0	34
M_vRNA	232	266	0	0	1	2	0	68
M_vRNA	235	264	0	0	1	1	0	127
M_vRNA	250	519	0	0	1	1	0	93
M_vRNA	266	405	0	0	1	1	0	10
M_vRNA	269	364	0	0	1	1	0	12
M_vRNA	269	367	0	0	1	9	0	132
M_vRNA	269	433	0	0	1	1	0	4
M_vRNA	269	639	0	0	1	4	0	77
M_vRNA	274	600	0	0	1	3	0	74
M_vRNA	274	674	0	0	1	3	0	127
M_vRNA	275	370	0	0	1	1	0	96
M_vRNA	282	354	0	0	1	4	0	122
M_vRNA	285	486	0	0	1	1	0	8
M_vRNA	289	976	2	2	1	1	0	21
M_vRNA	290	618	0	0	1	2	0	68
M_vRNA	291	884	0	0	1	1	0	28
M_vRNA	292	363	0	0	1	30	0	102
M_vRNA	292	381	0	0	1	3	0	73
M_vRNA	328	370	0	0	1	0	1	4
M_vRNA	334	406	0	0	1	2	0	37
M_vRNA	343	410	0	0	1	1	0	60
M_vRNA	369	640	0	0	1	1	0	145
M_vRNA	374	433	2	4	1	1	0	13
M_vRNA	374	591	2	2	1	0	1	3
M_vRNA	375	631	0	0	1	1	0	73
M_vRNA	376	415	0	0	1	1	0	5
M_vRNA	376	516	0	0	1	2	0	64
M_vRNA	376	564	0	0	1	2	0	51
M_vRNA	392	648	0	0	1	3	0	117
M_vRNA	396	424	0	0	1	1	0	24
M_vRNA	397	438	0	0	1	6	0	107
M_vRNA	397	533	0	0	1	2	0	47
M_vRNA	399	676	0	0	1	2	0	14
M_vRNA	407	428	0	0	1	28	1	96
M_vRNA	407	658	0	0	1	6	0	61
M_vRNA	409	657	0	0	1	1	0	108
M_vRNA	410	655	0	0	1	1	0	4
M_vRNA	426	641	0	0	1	1	0	21
M_vRNA	426	644	0	0	1	1	0	18
M_vRNA	427	657	0	0	1	1	0	98
M_vRNA	428	595	0	0	1	1	0	28
M_vRNA	434	636	0	0	1	2	0	98
M_vRNA	435	658	0	0	1	12	0	131
M_vRNA	438	643	0	0	1	2	0	115
M_vRNA	447	836	0	0	1	1	0	26
M_vRNA	457	658	0	0	1	1	0	76
M_vRNA	476	549	0	0	1	1	0	117
M_vRNA	478	857	0	0	1	3	0	38
M_vRNA	480	619	0	0	1	5	0	8
M_vRNA	490	533	0	0	1	2	0	109
M_vRNA	499	856	0	0	1	3	0	112
M_vRNA	510	640	0	0	1	1	0	66
M_vRNA	517	603	0	0	1	1	0	60
M_vRNA	570	630	0	0	1	1	0	7
M_vRNA	573	632	0	0	1	1	0	59
M_vRNA	593	624	0	0	1	1	0	26
M_vRNA	594	628	0	0	1	3	0	115
M_vRNA	599	629	0	0	1	1	0	114
M_vRNA	622	674	0	0	1	2	0	49
M_vRNA	689	741	0	0	1	1	0	49
M_vRNA	691	952	0	0	1	1	0	3
M_vRNA	749	802	0	0	1	8	0	76
M_vRNA	751	759	0	0	1	1	0	41
NA_vRNA	42	214	0	0	1	1	0	20
NA_vRNA	57	186	0	0	1	1	0	23
NA_vRNA	100	568	0	0	1	3	0	73
NA_vRNA	104	436	0	0	1	1	0	98
NA_vRNA	122	154	0	0	1	1	0	2
NA_vRNA	122	156	0	0	1	3	0	82
NA_vRNA	123	316	0	0	1	1	0	5
NA_vRNA	125	484	0	0	1	4	0	86
NA_vRNA	138	1257	0	0	1	6	0	96
NA_vRNA	148	1146	1	1	1	2	0	81
NA_vRNA	156	699	2	2	1	1	0	52
NA_vRNA	158	1003	0	0	1	2	0	111
NA_vRNA	169	918	0	0	1	1	0	58
NA_vRNA	173	695	0	0	1	1	0	97
NA_vRNA	174	691	0	0	1	3	0	75
NA_vRNA	176	1041	0	0	1	3	0	55
NA_vRNA	182	1047	0	0	1	2	0	97
NA_vRNA	188	964	0	0	1	2	0	70
NA_vRNA	194	688	0	0	1	2	0	31
NA_vRNA	199	1283	0	0	1	2	0	67
NA_vRNA	200	659	0	0	1	1	0	29
NA_vRNA	203	1325	0	0	1	1	0	35
NA_vRNA	204	1317	0	0	1	3	0	33
NA_vRNA	205	235	0	0	1	1	0	6
NA_vRNA	205	1349	0	0	1	4	0	30
NA_vRNA	209	235	0	0	1	1	0	63
NA_vRNA	210	1334	0	0	1	12	0	75
NA_vRNA	214	1295	2	6	1	1	0	4
NA_vRNA	218	1269	0	0	1	6	0	80
NA_vRNA	232	597	0	0	1	1	0	41
NA_vRNA	236	1195	0	0	1	1	0	6
NA_vRNA	239	1112	0	0	1	1	0	3
NA_vRNA	246	474	0	0	1	1	0	36
NA_vRNA	252	1349	0	0	1	2	0	55
NA_vRNA	259	380	0	0	1	1	0	68
NA_vRNA	259	553	0	0	1	1	0	4
NA_vRNA	261	436	0	0	1	3	0	50
NA_vRNA	261	567	0	0	1	1	0	3
NA_vRNA	264	1236	0	0	1	16	0	112
NA_vRNA	265	1070	0	0	1	2	0	74
NA_vRNA	268	453	0	0	1	1	0	94
NA_vRNA	269	671	0	0	1	1	0	84
NA_vRNA	274	768	0	0	1	1	0	8
NA_vRNA	277	1108	0	0	1	1	0	6
NA_vRNA	283	547	0	0	1	1	0	84
NA_vRNA	297	1085	0	0	1	3	0	7
NA_vRNA	304	697	0	0	1	1	0	7
NA_vRNA	304	709	0	0	1	1	0	113
NA_vRNA	304	883	0	0	1	1	0	6
NA_vRNA	325	669	0	0	1	1	0	95
NA_vRNA	326	889	0	0	1	1	0	96
NA_vRNA	326	1104	0	0	1	1	0	39
NA_vRNA	327	526	0	0	1	3	0	71
NA_vRNA	327	752	0	0	1	2	0	74
NA_vRNA	331	1114	0	0	1	2	0	5
NA_vRNA	333	553	0	0	1	1	0	107
NA_vRNA	334	450	2	6	1	3	0	99
NA_vRNA	335	534	0	0	1	2	0	136
NA_vRNA	338	1319	0	0	1	12	0	77
NA_vRNA	342	1175	0	0	1	3	0	97
NA_vRNA	346	1140	0	0	1	1	0	65
NA_vRNA	347	1132	0	0	1	1	0	46
NA_vRNA	350	530	0	0	1	1	0	3
NA_vRNA	354	1223	0	0	1	1	0	79
NA_vRNA	359	1206	0	0	1	1	0	9
NA_vRNA	363	395	0	0	1	1	0	3
NA_vRNA	370	476	0	0	1	1	0	50
NA_vRNA	374	398	0	0	1	1	0	44
NA_vRNA	375	1115	0	0	1	1	0	116
NA_vRNA	383	1023	0	0	1	111	0	147
NA_vRNA	383	1053	2	4	1	1	0	3
NA_vRNA	392	1282	0	0	1	1	0	29
NA_vRNA	394	1074	0	0	1	2	0	89
NA_vRNA	395	477	0	0	1	1	0	33
NA_vRNA	402	1036	0	0	1	3	0	121
NA_vRNA	414	1138	0	0	1	1	0	73
NA_vRNA	415	1037	0	0	1	1	0	4
NA_vRNA	420	698	0	0	1	1	0	86
NA_vRNA	420	842	0	0	1	2	0	41
NA_vRNA	430	457	0	0	1	1	0	29
NA_vRNA	435	707	0	0	1	2	0	108
NA_vRNA	440	474	0	0	1	14	0	96
NA_vRNA	443	552	0	0	1	1	0	20
NA_vRNA	447	497	0	0	1	2	0	99
NA_vRNA	454	556	0	0	1	1	0	91
NA_vRNA	454	1063	0	0	1	1	0	3
NA_vRNA	455	1107	0	0	1	1	0	4
NA_vRNA	457	929	0	0	1	3	0	3
NA_vRNA	460	527	0	0	1	1	0	70
NA_vRNA	461	939	0	0	1	2	0	104
NA_vRNA	465	937	0	0	1	1	0	3
NA_vRNA	488	1054	0	0	1	1	0	26
NA_vRNA	513	753	0	0	1	1	0	64
NA_vRNA	514	878	0	0	1	1	0	29
NA_vRNA	534	877	0	0	1	1	0	63
NA_vRNA	538	713	0	0	1	1	0	64
NA_vRNA	570	675	0	0	1	1	0	3
NA_vRNA	582	671	0	0	1	3	0	43
NA_vRNA	584	780	0	0	1	5	0	105
NA_vRNA	627	745	0	0	1	9	0	98
NA_vRNA	631	690	0	0	1	1	0	63
NA_vRNA	632	771	0	0	1	1	0	3
NA_vRNA	633	656	0	0	1	2	0	71
NA_vRNA	639	757	0	0	1	1	0	4
NA_vRNA	642	668	0	0	1	1	0	6
NA_vRNA	652	723	0	0	1	1	0	80
NA_vRNA	655	997	0	0	1	1	0	64
NA_vRNA	660	1001	0	0	1	2	0	138
NA_vRNA	662	1004	0	0	1	1	0	47
NA_vRNA	685	840	0	0	1	1	0	68
NA_vRNA	732	1073	0	0	1	3	0	118
NA_vRNA	732	1175	0	0	1	1	0	126
NA_vRNA	750	1070	0	0	1	1	0	99
NA_vRNA	754	801	0	0	1	1	0	111
NA_vRNA	761	1239	0	0	1	1	0	93
NA_vRNA	771	869	0	0	1	28	0	144
NA_vRNA	781	999	0	0	1	1	0	40
NA_vRNA	784	1105	0	0	1	1	0	15
NA_vRNA	848	878	0	0	1	2	0	46
NA_vRNA	856	1042	0	0	1	1	0	47
NA_vRNA	874	960	0	0	1	1	0	69
NA_vRNA	877	1038	0	0	1	1	0	87
NA_vRNA	880	1019	0	0	1	2	0	24
NA_vRNA	882	1059	0	0	1	2	0	91
NA_vRNA	888	1006	0	0	1	2	0	76
NA_vRNA	907	1065	0	0	1	2	0	84
NA_vRNA	928	1008	0	0	1	4	0	124
NA_vRNA	932	1063	0	0	1	2	0	91
NA_vRNA	947	984	0	0	1	1	0	78
NA_vRNA	968	993	0	0	1	1	0	6
NA_vRNA	977	1256	0	0	1	3	0	53
NA_vRNA	1025	1230	0	0	1	1	0	74
NA_vRNA	1046	1098	0	0	1	1	0	38
NA_vRNA	1249	1344	0	0	1	32	0	65
NP_vRNA	36	635	0	0	1	2	0	30
NP_vRNA	40	901	0	0	1	1	0	28
NP_vRNA	49	918	0	0	1	1	0	43
NP_vRNA	52	1172	0	0	1	1	0	24
NP_vRNA	54	408	0	0	1	1	0	27
NP_vRNA	54	901	0	0	1	1	0	41
NP_vRNA	69	677	0	0	1	5	0	41
NP_vRNA	71	970	0	0	1	1	0	41
NP_vRNA	80	768	0	0	1	1	0	66
NP_vRNA	84	324	0	0	1	6	0	54
NP_vRNA	117	863	0	0	1	1	0	79
NP_vRNA	120	1142	0	0	1	1	0	84
NP_vRNA	121	475	0	0	1	1	0	19
NP_vRNA	121	659	0	0	1	2	0	88
NP_vRNA	136	337	0	0	1	1	0	66
NP_vRNA	137	1204	0	0	1	1	0	99
NP_vRNA	139	739	0	0	1	2	0	71
NP_vRNA	140	992	0	0	1	1	0	87
NP_vRNA	140	1145	0	0	1	2	0	93
NP_vRNA	141	911	0	0	1	2	0	105
NP_vRNA	145	1145	0	0	1	1	0	97
NP_vRNA	149	558	0	0	1	1	0	34
NP_vRNA	149	780	0	0	1	2	0	46
NP_vRNA	152	449	0	0	1	1	0	73
NP_vRNA	152	906	0	0	1	1	0	84
NP_vRNA	154	738	0	0	1	1	0	74
NP_vRNA	155	1106	0	0	1	3	0	117
NP_vRNA	159	1023	0	0	1	1	0	53
NP_vRNA	160	1221	0	0	1	1	0	53
NP_vRNA	162	761	0	0	1	1	0	94
NP_vRNA	167	354	0	0	1	2	0	110
NP_vRNA	168	257	0	0	1	1	0	22
NP_vRNA	172	1021	0	0	1	1	0	6
NP_vRNA	172	1086	0	0	1	2	0	71
NP_vRNA	177	471	0	0	1	1	0	97
NP_vRNA	182	1114	0	0	1	1	0	18
NP_vRNA	184	770	2	4	1	1	0	75
NP_vRNA	196	275	0	0	1	1	0	69
NP_vRNA	202	274	0	0	1	1	0	4
NP_vRNA	202	276	0	0	1	1	0	97
NP_vRNA	203	1403	0	0	1	19	0	104
NP_vRNA	206	1402	0	0	1	1	0	80
NP_vRNA	208	1426	0	0	1	1	0	3
NP_vRNA	211	271	2	6	1	1	0	91
NP_vRNA	220	659	0	0	1	1	0	24
NP_vRNA	221	253	0	0	1	0	1	1
NP_vRNA	225	327	0	0	1	1	0	72
NP_vRNA	227	988	0	0	1	1	0	21
NP_vRNA	228	1323	0	0	1	3	0	110
NP_vRNA	230	623	0	0	1	1	0	8
NP_vRNA	231	1368	0	0	1	1	0	3
NP_vRNA	233	517	0	0	1	1	0	76
NP_vRNA	233	994	0	0	1	1	0	21
NP_vRNA	233	1129	0	0	1	2	0	106
NP_vRNA	234	367	0	0	1	2	0	69
NP_vRNA	236	1028	0	0	1	2	0	44
NP_vRNA	239	1421	0	0	1	3	0	119
NP_vRNA	242	303	0	0	1	1	0	84
NP_vRNA	249	1366	0	0	1	1	0	3
NP_vRNA	260	327	0	0	1	1	0	10
NP_vRNA	260	1350	0	0	1	1	0	7
NP_vRNA	269	304	0	0	1	1	0	43
NP_vRNA	273	1288	0	0	1	3	0	112
NP_vRNA	274	1418	0	0	1	1	0	3
NP_vRNA	289	1485	0	0	1	5	0	81
NP_vRNA	300	585	0	0	1	1	0	30
NP_vRNA	306	482	0	0	1	1	0	13
NP_vRNA	309	1409	0	0	1	1	1	4
NP_vRNA	311	544	0	0	1	1	0	3
NP_vRNA	326	1324	0	0	1	1	0	85
NP_vRNA	327	480	0	0	1	2	0	49
NP_vRNA	332	1014	0	0	1	1	0	61
NP_vRNA	341	638	0	0	1	2	0	68
NP_vRNA	341	910	0	0	1	3	0	97
NP_vRNA	341	1313	2	4	1	2	0	63
NP_vRNA	342	637	0	0	1	1	0	42
NP_vRNA	346	902	0	0	1	1	0	103
NP_vRNA	347	710	0	0	1	2	0	69
NP_vRNA	347	982	0	0	1	1	0	28
NP_vRNA	348	1034	0	0	1	1	0	72
NP_vRNA	352	1040	0	0	1	2	0	74
NP_vRNA	358	1184	0	0	1	11	0	96
NP_vRNA	361	1013	0	0	1	2	0	123
NP_vRNA	361	1238	0	0	1	1	0	3
NP_vRNA	371	1061	0	0	1	1	0	4
NP_vRNA	377	453	0	0	1	2	0	101
NP_vRNA	379	721	0	0	1	1	0	18
NP_vRNA	379	882	0	0	1	1	0	102
NP_vRNA	380	724	0	0	1	2	0	27
NP_vRNA	398	1184	0	0	1	1	0	18
NP_vRNA	399	1307	0	0	1	1	0	4
NP_vRNA	402	1161	0	0	1	1	0	41
NP_vRNA	403	680	0	0	1	1	0	23
NP_vRNA	408	1173	0	0	1	1	0	4
NP_vRNA	411	679	2	6	1	3	0	5
NP_vRNA	411	809	2	6	1	2	0	6
NP_vRNA	412	1312	0	0	1	1	0	3
NP_vRNA	413	1134	0	0	1	3	0	82
NP_vRNA	421	811	0	0	1	1	0	56
NP_vRNA	421	830	0	0	1	1	0	84
NP_vRNA	427	604	0	0	1	1	0	24
NP_vRNA	434	832	0	0	1	1	0	54
NP_vRNA	437	767	0	0	1	1	0	75
NP_vRNA	439	875	0	0	1	1	0	6
NP_vRNA	440	474	0	0	1	1	0	32
NP_vRNA	440	900	0	0	1	2	0	9
NP_vRNA	440	1243	0	0	1	1	0	29
NP_vRNA	444	588	0	0	1	1	0	3
NP_vRNA	484	614	0	0	1	2	0	37
NP_vRNA	485	1068	0	0	1	1	0	48
NP_vRNA	507	761	0	0	1	2	0	45
NP_vRNA	511	1096	0	0	1	1	0	50
NP_vRNA	515	736	0	0	1	1	0	79
NP_vRNA	518	699	0	0	1	2	0	5
NP_vRNA	518	1193	0	0	1	2	0	74
NP_vRNA	522	849	0	0	1	1	0	79
NP_vRNA	523	542	0	0	1	1	0	3
NP_vRNA	532	1078	0	0	1	0	1	4
NP_vRNA	532	1113	0	0	1	1	1	58
NP_vRNA	533	1064	0	0	1	3	0	136
NP_vRNA	534	678	0	0	1	2	0	80
NP_vRNA	535	806	0	0	1	2	0	8
NP_vRNA	538	568	0	0	1	1	0	50
NP_vRNA	550	764	0	0	1	1	0	35
NP_vRNA	551	1082	0	0	1	11	0	96
NP_vRNA	552	707	0	0	1	2	0	102
NP_vRNA	573	618	0	0	1	1	0	53
NP_vRNA	584	595	0	0	1	6	0	53
NP_vRNA	589	1037	0	0	1	2	0	4
NP_vRNA	593	603	0	0	1	1	0	25
NP_vRNA	597	1346	0	0	1	1	0	3
NP_vRNA	645	790	0	0	1	1	0	9
NP_vRNA	679	805	0	0	1	1	0	65
NP_vRNA	680	1046	0	0	1	1	0	75
NP_vRNA	684	953	0	0	1	1	0	48
NP_vRNA	696	736	1	3	1	1	0	3
NP_vRNA	699	832	0	0	1	1	0	3
NP_vRNA	701	938	0	0	1	8	0	88
NP_vRNA	709	885	0	0	1	2	0	104
NP_vRNA	717	747	0	0	1	1	0	42
NP_vRNA	724	793	0	0	1	1	0	87
NP_vRNA	725	796	0	0	1	2	0	68
NP_vRNA	749	1388	0	0	1	1	0	4
NP_vRNA	754	985	0	0	1	1	0	3
NP_vRNA	764	912	0	0	1	1	0	24
NP_vRNA	765	847	0	0	1	8	0	70
NP_vRNA	766	1125	0	0	1	1	0	3
NP_vRNA	770	912	0	0	1	7	0	120
NP_vRNA	770	1124	0	0	1	1	0	74
NP_vRNA	771	1130	0	0	1	1	0	48
NP_vRNA	774	1047	0	0	1	2	0	11
NP_vRNA	777	838	0	0	1	2	0	83
NP_vRNA	794	1304	0	0	1	1	0	69
NP_vRNA	796	1304	0	0	1	1	0	65
NP_vRNA	798	895	0	0	1	1	0	29
NP_vRNA	805	922	0	0	1	2	0	85
NP_vRNA	805	1036	0	0	1	1	0	27
NP_vRNA	806	902	0	0	1	1	0	37
NP_vRNA	806	1045	0	0	1	1	0	11
NP_vRNA	806	1086	0	0	1	1	0	11
NP_vRNA	810	1087	0	0	1	1	0	19
NP_vRNA	815	961	0	0	1	3	0	80
NP_vRNA	819	1446	0	0	1	1	0	92
NP_vRNA	823	853	0	0	1	2	0	69
NP_vRNA	837	871	0	0	1	1	0	96
NP_vRNA	842	879	0	0	1	1	0	6
NP_vRNA	856	982	1	5	1	1	0	33
NP_vRNA	859	1395	0	0	1	1	0	82
NP_vRNA	860	1092	0	0	1	1	0	47
NP_vRNA	868	1191	0	0	1	1	0	66
NP_vRNA	884	1207	0	0	1	2	0	7
NP_vRNA	894	1204	0	0	1	6	0	109
NP_vRNA	894	1304	0	0	1	1	0	103
NP_vRNA	896	1372	0	0	1	1	0	113
NP_vRNA	898	1017	0	0	1	1	0	8
NP_vRNA	899	986	0	0	1	1	0	38
NP_vRNA	899	989	0	0	1	1	0	3
NP_vRNA	901	928	0	0	1	1	0	77
NP_vRNA	901	1364	0	0	1	2	0	18
NP_vRNA	903	1195	0	0	1	1	0	3
NP_vRNA	907	1040	0	0	1	3	0	118
NP_vRNA	915	1043	0	0	1	2	0	68
NP_vRNA	932	1013	0	0	1	1	0	6
NP_vRNA	938	1092	0	0	1	1	0	105
NP_vRNA	939	965	0	0	1	18	0	78
NP_vRNA	950	1298	0	0	1	1	0	3
NP_vRNA	952	1220	0	0	1	1	0	18
NP_vRNA	952	1507	0	0	1	1	0	8
NP_vRNA	953	1089	0	0	1	1	0	81
NP_vRNA	953	1422	0	0	1	3	0	92
NP_vRNA	955	983	0	0	1	1	0	7
NP_vRNA	958	1047	0	0	1	1	0	35
NP_vRNA	969	1060	0	0	1	4	0	58
NP_vRNA	970	1073	0	0	1	1	0	34
NP_vRNA	970	1208	0	0	1	1	0	48
NP_vRNA	985	1034	0	0	1	1	0	5
NP_vRNA	986	1038	0	0	1	1	0	40
NP_vRNA	988	1391	0	0	1	2	0	116
NP_vRNA	993	1016	0	0	1	1	0	5
NP_vRNA	1008	1040	0	0	1	1	0	11
NP_vRNA	1023	1147	0	0	1	1	0	3
NP_vRNA	1070	1286	0	0	1	1	0	3
NP_vRNA	1089	1139	0	0	1	1	0	57
NP_vRNA	1089	1485	0	0	1	1	0	75
NP_vRNA	1110	1166	0	0	1	1	0	11
NP_vRNA	1134	1359	0	0	1	1	0	41
NP_vRNA	1165	1199	0	0	1	6	0	89
NP_vRNA	1202	1378	0	0	1	1	0	101
NP_vRNA	1207	1304	0	0	1	1	0	48
NP_vRNA	1211	1300	0	0	1	1	0	88
NP_vRNA	1212	1245	0	0	1	1	0	54
NP_vRNA	1216	1249	0	0	1	1	0	48
NP_vRNA	1245	1300	0	0	1	1	0	98
NP_vRNA	1305	1331	0	0	1	1	0	41
NP_vRNA	1308	1331	0	0	1	1	0	69
NP_vRNA	1443	1507	0	0	1	1	0	39
NS_vRNA	71	148	0	0	1	1	0	56
NS_vRNA	132	705	0	0	1	8	0	98
NS_vRNA	145	441	0	0	1	1	0	70
NS_vRNA	183	213	0	0	1	1	0	102
NS_vRNA	184	515	0	0	1	1	0	77
NS_vRNA	197	237	0	0	1	2	0	74
NS_vRNA	214	540	0	0	1	1	0	3
NS_vRNA	218	721	0	0	1	3	0	64
NS_vRNA	219	701	0	0	1	2	0	59
NS_vRNA	228	415	0	0	1	1	0	22
NS_vRNA	234	776	0	0	1	11	0	99
NS_vRNA	243	513	0	0	1	1	0	101
NS_vRNA	255	654	0	0	1	3	0	42
NS_vRNA	257	279	0	0	1	1	0	7
NS_vRNA	259	443	0	0	1	1	0	43
NS_vRNA	262	798	0	0	1	1	0	49
NS_vRNA	280	788	0	0	1	4	0	88
NS_vRNA	282	607	0	0	1	9	0	96
NS_vRNA	289	510	0	0	1	1	0	54
NS_vRNA	307	509	0	0	1	8	0	84
NS_vRNA	307	596	0	0	1	2	0	74
NS_vRNA	308	624	0	0	1	2	0	40
NS_vRNA	308	644	0	0	1	1	0	99
NS_vRNA	334	396	0	0	1	1	0	31
NS_vRNA	348	815	0	0	1	3	0	46
NS_vRNA	350	403	0	0	1	1	0	67
NS_vRNA	352	530	0	0	1	2	0	51
NS_vRNA	352	625	0	0	1	1	0	84
NS_vRNA	357	647	0	0	1	2	0	94
NS_vRNA	366	837	0	0	1	3	0	37
NS_vRNA	416	431	0	0	1	2	0	68
NS_vRNA	422	528	0	0	1	1	0	7
NS_vRNA	443	502	0	0	1	2	0	4
NS_vRNA	466	839	0	0	1	2	0	52
NS_vRNA	478	668	0	0	1	1	0	70
NS_vRNA	490	653	0	0	1	1	0	4
NS_vRNA	523	546	0	0	1	5	0	115
NS_vRNA	550	630	0	0	1	1	0	5
NS_vRNA	573	848	0	0	1	1	0	11
NS_vRNA	594	647	0	0	1	1	0	31
NS_vRNA	637	751	0	0	1	1	0	60
NS_vRNA	728	743	0	0	1	1	0	39
PA_vRNA	52	103	0	0	1	1	0	24
PA_vRNA	54	145	0	0	1	2	0	48
PA_vRNA	60	1959	0	0	1	2	0	42
PA_vRNA	64	1030	0	0	1	1	0	4
PA_vRNA	67	888	0	0	1	3	0	49
PA_vRNA	69	142	0	0	1	2	0	41
PA_vRNA	73	261	2	6	1	268	2	23
PA_vRNA	77	103	0	0	1	1	0	2
PA_vRNA	101	1475	0	0	1	2	0	83
PA_vRNA	115	174	0	0	1	2	0	76
PA_vRNA	116	161	0	0	1	1	0	6
PA_vRNA	116	601	0	0	1	1	0	24
PA_vRNA	117	1649	0	0	1	1	0	33
PA_vRNA	118	178	0	0	1	5	0	76
PA_vRNA	118	185	0	0	1	1	0	62
PA_vRNA	120	340	0	0	1	1	0	79
PA_vRNA	122	687	0	0	1	3	0	94
PA_vRNA	125	470	0	0	1	2	0	7
PA_vRNA	132	459	0	0	1	0	1	57
PA_vRNA	133	459	0	0	1	2	0	83
PA_vRNA	133	1391	0	0	1	1	0	100
PA_vRNA	136	556	0	0	1	1	0	59
PA_vRNA	140	325	0	0	1	2	0	112
PA_vRNA	141	468	0	0	1	2	1	66
PA_vRNA	143	424	0	0	1	1	0	7
PA_vRNA	143	1336	0	0	1	7	0	104
PA_vRNA	144	1014	0	0	1	1	0	25
PA_vRNA	145	1611	0	0	1	1	0	80
PA_vRNA	146	1291	0	0	1	2	0	45
PA_vRNA	147	1835	0	0	1	1	0	4
PA_vRNA	149	322	0	0	1	2	0	73
PA_vRNA	150	1041	0	0	1	1	0	51
PA_vRNA	150	1995	0	0	1	1	0	94
PA_vRNA	152	1050	0	0	1	1	0	4
PA_vRNA	153	1034	0	0	1	1	0	41
PA_vRNA	153	1134	0	0	1	1	0	80
PA_vRNA	157	1794	0	0	1	24	0	130
PA_vRNA	158	323	0	0	1	1	1	109
PA_vRNA	158	1707	0	0	1	1	0	116
PA_vRNA	160	175	0	0	1	2	0	25
PA_vRNA	160	827	0	0	1	1	0	60
PA_vRNA	160	1982	0	0	1	1	0	26
PA_vRNA	160	1983	0	0	1	0	1	4
PA_vRNA	161	192	0	0	1	2	0	100
PA_vRNA	161	205	0	0	1	1	0	72
PA_vRNA	162	1984	0	0	1	86	2	125
PA_vRNA	165	180	0	0	1	1	0	21
PA_vRNA	168	183	0	0	1	674	3	100
PA_vRNA	170	1997	0	0	1	1	0	45
PA_vRNA	173	1935	0	0	1	75	0	145
PA_vRNA	173	1976	0	0	1	2	0	94
PA_vRNA	174	2044	0	0	1	1	0	5
PA_vRNA	177	2106	0	0	1	1	0	92
PA_vRNA	181	187	0	0	1	2	0	19
PA_vRNA	186	1998	0	0	1	1	0	3
PA_vRNA	189	2001	0	0	1	7	0	132
PA_vRNA	195	2022	0	0	1	0	1	4
PA_vRNA	198	237	0	0	1	0	1	7
PA_vRNA	211	378	0	0	1	1	1	55
PA_vRNA	224	1788	0	0	1	1	0	32
PA_vRNA	225	1976	0	0	1	1	0	4
PA_vRNA	227	952	0	0	1	1	0	56
PA_vRNA	230	308	0	0	1	1	0	79
PA_vRNA	237	2074	0	0	1	2	0	89
PA_vRNA	238	1989	0	0	1	1	0	7
PA_vRNA	238	2016	0	0	1	1	0	60
PA_vRNA	238	2090	0	0	1	1	0	59
PA_vRNA	239	637	0	0	1	1	0	16
PA_vRNA	241	1063	0	0	1	1	0	112
PA_vRNA	246	2029	0	0	1	2	0	1
PA_vRNA	246	2030	0	0	1	140	0	139
PA_vRNA	247	2003	0	0	1	1	0	4
PA_vRNA	248	2090	0	0	1	2	0	3
PA_vRNA	250	1875	0	0	1	15	0	125
PA_vRNA	250	2098	2	6	1	1	0	2
PA_vRNA	251	1989	0	0	1	1	0	8
PA_vRNA	253	1988	0	0	1	5	0	78
PA_vRNA	254	1989	0	0	1	1697	0	148
PA_vRNA	254	1990	0	0	1	10	3	78
PA_vRNA	254	2054	0	0	1	2	0	35
PA_vRNA	255	1990	0	0	1	3	0	84
PA_vRNA	256	2102	0	0	1	17	0	126
PA_vRNA	257	2057	0	0	1	151	0	137
PA_vRNA	263	291	0	0	1	0	2	3
PA_vRNA	263	2052	0	0	1	912	5	143
PA_vRNA	264	2026	0	0	1	8	0	127
PA_vRNA	265	2022	0	0	1	1	0	3
PA_vRNA	266	1984	0	0	1	99	0	132
PA_vRNA	266	2013	0	0	1	0	1	1
PA_vRNA	266	2057	0	0	1	1	0	2
PA_vRNA	267	378	0	0	1	1	0	76
PA_vRNA	267	2044	0	0	1	1	0	5
PA_vRNA	267	2065	0	0	1	1	0	4
PA_vRNA	268	1004	0	0	1	1	0	30
PA_vRNA	269	2021	0	0	1	1	0	66
PA_vRNA	269	2108	2	6	1	1	0	2
PA_vRNA	271	1989	0	0	1	1	0	12
PA_vRNA	273	2119	0	0	1	1	0	3
PA_vRNA	276	954	0	0	1	1	0	82
PA_vRNA	276	2122	0	0	1	154	0	112
PA_vRNA	276	2145	0	0	1	36	0	89
PA_vRNA	278	2023	0	0	1	0	1	7
PA_vRNA	278	2089	0	0	1	2	1	4
PA_vRNA	279	2018	0	0	1	2	0	89
PA_vRNA	279	2089	0	0	1	405	0	138
PA_vRNA	280	2019	0	0	1	168	0	142
PA_vRNA	282	2022	0	0	1	1	0	1
PA_vRNA	282	2094	0	0	1	494	0	100
PA_vRNA	282	2096	0	0	1	1	0	42
PA_vRNA	283	2043	0	0	1	2	0	85
PA_vRNA	284	2043	0	0	1	458	0	144
PA_vRNA	284	2044	0	0	1	1	0	42
PA_vRNA	285	2021	0	0	1	1	0	2
PA_vRNA	286	2020	0	0	1	2	0	28
PA_vRNA	287	2021	0	0	1	397	0	144
PA_vRNA	288	310	0	0	1	78	0	144
PA_vRNA	288	2022	0	0	1	1	0	10
PA_vRNA	289	355	0	0	1	2	1	7
PA_vRNA	292	355	0	0	1	3	1	4
PA_vRNA	292	366	0	0	1	1	0	21
PA_vRNA	292	2049	0	0	1	1	0	8
PA_vRNA	296	1971	0	0	1	1	0	4
PA_vRNA	297	2024	0	0	1	2	0	76
PA_vRNA	298	2044	0	0	1	141	0	149
PA_vRNA	301	1183	0	0	1	1	0	85
PA_vRNA	304	1881	0	0	1	0	1	3
PA_vRNA	307	1890	0	0	1	1	0	8
PA_vRNA	307	2050	0	0	1	1	0	45
PA_vRNA	308	2051	0	0	1	52	0	118
PA_vRNA	309	319	0	0	1	3	1	22
PA_vRNA	309	2011	0	0	1	60	0	128
PA_vRNA	310	323	0	0	1	5	0	85
PA_vRNA	310	326	0	0	1	3	0	64
PA_vRNA	310	346	0	0	1	1	0	6
PA_vRNA	310	505	0	0	1	1	0	48
PA_vRNA	323	1918	0	0	1	13	0	118
PA_vRNA	328	2097	0	0	1	3	0	31
PA_vRNA	329	2016	0	0	1	1	0	3
PA_vRNA	329	2021	0	0	1	1	0	59
PA_vRNA	329	2096	0	0	1	2020	3	138
PA_vRNA	330	1940	0	0	1	43	0	144
PA_vRNA	330	2021	0	0	1	482	0	133
PA_vRNA	330	2024	0	0	1	5	1	45
PA_vRNA	330	2097	0	0	1	3	0	26
PA_vRNA	330	2098	0	0	1	4	0	2
PA_vRNA	331	2023	2	2	1	2	0	66
PA_vRNA	332	2023	0	0	1	2	0	39
PA_vRNA	334	1962	0	0	1	1	0	3
PA_vRNA	335	1997	0	0	1	6	0	85
PA_vRNA	337	1891	0	0	1	0	1	4
PA_vRNA	338	1553	0	0	1	1	0	74
PA_vRNA	345	377	0	0	1	1	0	3
PA_vRNA	351	1988	0	0	1	1	0	3
PA_vRNA	352	1923	0	0	1	1	0	26
PA_vRNA	353	1924	0	0	1	8	0	122
PA_vRNA	353	2031	0	0	1	16	0	112
PA_vRNA	354	1959	0	0	1	1	0	4
PA_vRNA	355	1966	0	0	1	86	0	130
PA_vRNA	356	1931	0	0	1	1	0	8
PA_vRNA	360	1093	0	0	1	1	0	53
PA_vRNA	364	1869	0	0	1	71	0	131
PA_vRNA	368	1964	0	0	1	0	1	3
PA_vRNA	371	2072	0	0	1	139	0	122
PA_vRNA	377	1997	0	0	1	1	0	36
PA_vRNA	378	428	0	0	1	2	0	113
PA_vRNA	378	1070	0	0	1	1	0	14
PA_vRNA	379	1847	0	0	1	2	0	49
PA_vRNA	380	1270	0	0	1	1	0	50
PA_vRNA	380	1983	0	0	1	1	0	7
PA_vRNA	383	640	0	0	1	2	0	6
PA_vRNA	388	1928	0	0	1	1	0	1
PA_vRNA	389	1904	0	0	1	2	0	54
PA_vRNA	389	1928	0	0	1	577	1	138
PA_vRNA	390	1564	0	0	1	1	0	39
PA_vRNA	390	1987	0	0	1	14	0	68
PA_vRNA	391	1940	0	0	1	166	1	149
PA_vRNA	392	672	2	6	1	1	0	4
PA_vRNA	393	1889	0	0	1	14	0	72
PA_vRNA	397	1921	0	0	1	1	0	8
PA_vRNA	398	1844	0	0	1	15	0	120
PA_vRNA	400	1715	0	0	1	3	0	63
PA_vRNA	403	1158	0	0	1	0	1	5
PA_vRNA	403	1332	0	0	1	0	1	5
PA_vRNA	407	2030	0	0	1	4	0	70
PA_vRNA	408	540	0	0	1	1	0	10
PA_vRNA	410	1792	0	0	1	0	1	8
PA_vRNA	410	2043	0	0	1	165	0	121
PA_vRNA	412	1652	0	0	1	5	0	82
PA_vRNA	414	1940	0	0	1	3	0	47
PA_vRNA	416	1848	0	0	1	2	0	92
PA_vRNA	420	1983	0	0	1	6	0	90
PA_vRNA	421	1831	0	0	1	1	0	3
PA_vRNA	421	1937	0	0	1	2	0	4
PA_vRNA	425	1852	0	0	1	1	0	7
PA_vRNA	428	1825	0	0	1	1	0	89
PA_vRNA	428	1932	0	0	1	0	1	5
PA_vRNA	429	1033	0	0	1	1	0	80
PA_vRNA	429	1828	0	0	1	6	0	92
PA_vRNA	432	1848	0	0	1	1	0	4
PA_vRNA	433	1721	0	0	1	1	0	87
PA_vRNA	434	982	0	0	1	1	0	104
PA_vRNA	434	1010	0	0	1	1	0	81
PA_vRNA	435	1945	0	0	1	1	0	5
PA_vRNA	437	1765	0	0	1	517	0	145
PA_vRNA	437	1962	0	0	1	1	0	5
PA_vRNA	438	1726	0	0	1	34	1	116
PA_vRNA	438	1943	0	0	1	1	1	59
PA_vRNA	438	1982	0	0	1	1	0	2
PA_vRNA	439	1837	0	0	1	1	0	83
PA_vRNA	440	1775	0	0	1	2	0	3
PA_vRNA	441	511	0	0	1	1	0	9
PA_vRNA	441	1728	0	0	1	11	0	100
PA_vRNA	452	597	0	0	1	21	0	124
PA_vRNA	455	1917	0	0	1	1	0	3
PA_vRNA	460	1391	0	0	1	1	0	30
PA_vRNA	463	535	0	0	1	1	0	77
PA_vRNA	472	1780	0	0	1	1	0	1
PA_vRNA	472	1781	0	0	1	607	1	148
PA_vRNA	472	1823	0	0	1	265	0	143
PA_vRNA	472	1939	0	0	1	1	0	5
PA_vRNA	473	1824	0	0	1	1	0	76
PA_vRNA	473	1834	0	0	1	4	0	44
PA_vRNA	473	1926	0	0	1	1	0	4
PA_vRNA	474	1751	0	0	1	1	0	67
PA_vRNA	475	1790	0	0	1	4	0	3
PA_vRNA	476	1816	0	0	1	1	0	7
PA_vRNA	476	1856	0	0	1	67	0	143
PA_vRNA	477	1857	0	0	1	1	0	51
PA_vRNA	478	1264	0	0	1	1	0	87
PA_vRNA	478	1397	0	0	1	1	0	13
PA_vRNA	478	1787	0	0	1	2	0	47
PA_vRNA	479	1789	0	0	1	3	2	49
PA_vRNA	480	1789	0	0	1	1277	3	80
PA_vRNA	480	1790	0	0	1	2	0	1
PA_vRNA	480	1808	0	0	1	2	0	33
PA_vRNA	481	1840	0	0	1	1	0	6
PA_vRNA	482	1955	0	0	1	1	0	4
PA_vRNA	485	509	0	0	1	1	0	84
PA_vRNA	485	1795	0	0	1	3	1	33
PA_vRNA	486	1669	0	0	1	5	0	99
PA_vRNA	490	1964	0	0	1	0	1	3
PA_vRNA	492	1822	0	0	1	0	1	5
PA_vRNA	496	1981	0	0	1	10	0	6
PA_vRNA	499	1812	0	0	1	4	0	56
PA_vRNA	501	1809	0	0	1	1	0	5
PA_vRNA	505	1811	0	0	1	13	0	107
PA_vRNA	510	1818	2	6	1	0	1	9
PA_vRNA	512	1820	0	0	1	2	1	26
PA_vRNA	513	1868	0	0	1	1	0	3
PA_vRNA	517	1334	0	0	1	2	0	76
PA_vRNA	520	1962	0	0	1	1	0	3
PA_vRNA	522	1075	0	0	1	1	0	112
PA_vRNA	524	1931	0	0	1	174	0	141
PA_vRNA	526	1836	0	0	1	81	0	134
PA_vRNA	527	1817	0	0	1	1	0	3
PA_vRNA	528	1942	1	5	1	1	0	5
PA_vRNA	533	1775	0	0	1	4	0	110
PA_vRNA	533	1816	0	0	1	24	0	110
PA_vRNA	537	1638	0	0	1	1	0	4
PA_vRNA	538	570	0	0	1	1	0	43
PA_vRNA	538	1783	0	0	1	5	0	66
PA_vRNA	538	1788	0	0	1	103	0	137
PA_vRNA	538	1867	0	0	1	1	0	14
PA_vRNA	539	1776	0	0	1	2	0	22
PA_vRNA	539	2009	0	0	1	62	0	134
PA_vRNA	544	1800	0	0	1	12	0	137
PA_vRNA	545	1766	1	3	1	1	0	3
PA_vRNA	545	1791	1	3	1	1	0	4
PA_vRNA	553	1820	0	0	1	16	0	126
PA_vRNA	555	1790	0	0	1	6	0	123
PA_vRNA	556	1885	0	0	1	1	0	135
PA_vRNA	562	1782	0	0	1	1	0	19
PA_vRNA	563	1783	0	0	1	138	0	137
PA_vRNA	565	1896	0	0	1	1	0	101
PA_vRNA	567	606	0	0	1	5	0	104
PA_vRNA	569	1150	0	0	1	2	0	105
PA_vRNA	569	1151	0	0	1	1	0	100
PA_vRNA	570	1729	0	0	1	3	0	44
PA_vRNA	571	1771	0	0	1	1	0	3
PA_vRNA	576	1158	0	0	1	1	0	17
PA_vRNA	577	1703	0	0	1	1	0	32
PA_vRNA	580	1077	0	0	1	1	0	101
PA_vRNA	580	1721	0	0	1	1	0	3
PA_vRNA	583	906	0	0	1	1	0	70
PA_vRNA	583	1012	0	0	1	1	0	9
PA_vRNA	583	1167	0	0	1	1	0	104
PA_vRNA	583	1335	0	0	1	2	0	53
PA_vRNA	583	1485	0	0	1	1	0	16
PA_vRNA	590	1714	0	0	1	1	0	18
PA_vRNA	592	1716	0	0	1	617	0	132
PA_vRNA	594	1309	0	0	1	1	0	41
PA_vRNA	594	1883	0	0	1	1	0	48
PA_vRNA	596	1191	0	0	1	3	0	75
PA_vRNA	599	1165	0	0	1	1	0	50
PA_vRNA	600	1157	0	0	1	1	0	143
PA_vRNA	600	1264	0	0	1	1	0	76
PA_vRNA	603	1777	0	0	1	108	1	139
PA_vRNA	605	1901	0	0	1	379	0	145
PA_vRNA	607	1940	0	0	1	23	0	110
PA_vRNA	609	1783	0	0	1	1	0	8
PA_vRNA	610	1697	0	0	1	1	0	9
PA_vRNA	611	846	0	0	1	1	0	50
PA_vRNA	616	1642	0	0	1	1	0	3
PA_vRNA	619	640	0	0	1	1	0	90
PA_vRNA	619	1700	0	0	1	15	0	118
PA_vRNA	621	1807	0	0	1	4	0	95
PA_vRNA	623	1716	0	0	1	2	0	121
PA_vRNA	626	1645	0	0	1	11	0	86
PA_vRNA	633	1621	0	0	1	1	0	76
PA_vRNA	634	1622	0	0	1	15	0	89
PA_vRNA	643	1673	0	0	1	1	0	3
PA_vRNA	646	1105	0	0	1	1	0	66
PA_vRNA	650	1840	0	0	1	28	0	112
PA_vRNA	655	1071	0	0	1	1	0	79
PA_vRNA	665	1761	0	0	1	2	0	86
PA_vRNA	666	1692	0	0	1	1	0	3
PA_vRNA	673	1719	0	0	1	5	0	83
PA_vRNA	678	1145	0	0	1	1	0	5
PA_vRNA	684	1859	0	0	1	1	0	32
PA_vRNA	691	1021	0	0	1	1	0	5
PA_vRNA	691	1623	0	0	1	5	0	83
PA_vRNA	694	1020	0	0	1	1	0	122
PA_vRNA	695	1761	0	0	1	1	0	3
PA_vRNA	696	1080	0	0	1	1	0	8
PA_vRNA	696	1611	0	0	1	4	0	97
PA_vRNA	698	1642	0	0	1	1	0	47
PA_vRNA	705	815	0	0	1	3	0	92
PA_vRNA	712	1579	0	0	1	1	0	143
PA_vRNA	715	1580	0	0	1	77	0	143
PA_vRNA	720	1501	0	0	1	7	0	86
PA_vRNA	722	1644	0	0	1	3	0	105
PA_vRNA	724	1981	0	0	1	1	0	63
PA_vRNA	730	1040	0	0	1	2	0	47
PA_vRNA	736	1009	0	0	1	1	0	6
PA_vRNA	745	2023	0	0	1	1	0	33
PA_vRNA	745	2110	0	0	1	1	0	99
PA_vRNA	751	1000	0	0	1	1	0	7
PA_vRNA	753	1195	0	0	1	1	0	73
PA_vRNA	753	1586	0	0	1	15	0	81
PA_vRNA	754	1761	0	0	1	2	0	4
PA_vRNA	758	1383	0	0	1	27	0	121
PA_vRNA	761	1734	0	0	1	11	0	105
PA_vRNA	762	914	0	0	1	1	0	40
PA_vRNA	762	1580	0	0	1	2	0	41
PA_vRNA	763	772	0	0	1	3	0	23
PA_vRNA	774	1596	0	0	1	1	0	3
PA_vRNA	775	1748	0	0	1	16	0	130
PA_vRNA	781	1512	0	0	1	1	0	58
PA_vRNA	783	1667	0	0	1	1	0	3
PA_vRNA	790	798	0	0	1	1	0	28
PA_vRNA	812	1389	0	0	1	1	0	33
PA_vRNA	815	1604	0	0	1	1	0	119
PA_vRNA	816	1540	0	0	1	21	0	136
PA_vRNA	832	1530	0	0	1	1	0	110
PA_vRNA	867	941	0	0	1	1	0	71
PA_vRNA	870	1660	0	0	1	10	0	126
PA_vRNA	871	1764	0	0	1	1	0	61
PA_vRNA	892	1281	0	0	1	1	0	97
PA_vRNA	905	2017	0	0	1	150	0	127
PA_vRNA	932	1972	0	0	1	1	0	61
PA_vRNA	935	1024	0	0	1	1	0	9
PA_vRNA	935	1536	0	0	1	0	1	3
PA_vRNA	935	1546	0	0	1	3	1	108
PA_vRNA	938	1723	0	0	1	1	0	123
PA_vRNA	990	1382	0	0	1	4	0	66
PA_vRNA	994	1646	0	0	1	1	0	32
PA_vRNA	1020	1085	0	0	1	1	0	20
PA_vRNA	1021	1694	0	0	1	1	0	84
PA_vRNA	1025	2047	0	0	1	1	0	94
PA_vRNA	1037	2031	0	0	1	1	0	58
PA_vRNA	1045	1685	0	0	1	1	0	14
PA_vRNA	1049	2014	0	0	1	1	0	75
PA_vRNA	1075	1406	0	0	1	1	0	101
PA_vRNA	1091	1747	2	6	1	1	0	42
PA_vRNA	1097	1127	0	0	1	1	0	13
PA_vRNA	1117	1895	0	0	1	1	0	143
PA_vRNA	1120	1635	0	0	1	1	0	21
PA_vRNA	1123	1709	0	0	1	1	0	44
PA_vRNA	1123	2036	0	0	1	1	0	100
PA_vRNA	1130	1671	0	0	1	1	0	7
PA_vRNA	1144	1947	0	0	1	1	0	9
PA_vRNA	1160	1180	0	0	1	1	0	27
PA_vRNA	1161	1334	0	0	1	1	0	54
PA_vRNA	1169	1609	2	6	1	4	0	71
PA_vRNA	1170	1704	0	0	1	1	0	3
PA_vRNA	1177	2095	0	0	1	1	0	46
PA_vRNA	1194	1627	0	0	1	1	0	27
PA_vRNA	1208	2012	0	0	1	1	0	72
PA_vRNA	1222	1322	0	0	1	5	0	117
PA_vRNA	1237	1589	0	0	1	1	0	105
PA_vRNA	1240	1583	0	0	1	1	0	5
PA_vRNA	1240	1827	0	0	1	1	0	115
PA_vRNA	1254	1329	0	0	1	1	0	7
PA_vRNA	1264	1396	0	0	1	3	0	63
PA_vRNA	1279	1790	0	0	1	1	0	32
PA_vRNA	1296	1379	0	0	1	1	0	40
PA_vRNA	1322	1337	0	0	1	1	0	24
PA_vRNA	1343	1380	0	0	1	1	0	6
PA_vRNA	1416	1468	0	0	1	1	0	36
PA_vRNA	1448	1663	0	0	1	1	0	24
PA_vRNA	1480	1575	0	0	1	4	0	64
PA_vRNA	1482	1506	0	0	1	1	0	75
PA_vRNA	1531	1573	0	0	1	1	0	58
PA_vRNA	1583	1957	0	0	1	1	0	17
PA_vRNA	1605	1945	0	0	1	1	0	8
PA_vRNA	1607	1968	0	0	1	0	1	7
PA_vRNA	1625	1657	0	0	1	2	0	121
PA_vRNA	1628	1838	0	0	1	1	0	47
PA_vRNA	1723	2049	0	0	1	1	0	51
PA_vRNA	1784	2092	0	0	1	1	0	85
PA_vRNA	1845	2117	0	0	1	1	0	64
PA_vRNA	1866	1876	0	0	1	1191	6	81
PA_vRNA	1970	2044	0	0	1	1	0	26
PA_vRNA	1976	2050	0	0	1	8	0	91
PA_vRNA	2036	2044	0	0	1	46	0	76
PB1_vRNA	113	883	0	0	1	1	0	15
PB1_vRNA	124	2136	0	0	1	1	0	41
PB1_vRNA	127	1842	0	0	1	1	0	24
PB1_vRNA	166	2205	0	0	1	20	0	102
PB1_vRNA	166	2248	0	0	1	18	0	94
PB1_vRNA	167	1491	0	0	1	1	0	84
PB1_vRNA	174	2198	0	0	1	42	0	121
PB1_vRNA	175	1782	0	0	1	1	0	33
PB1_vRNA	175	1956	0	0	1	3	1	72
PB1_vRNA	176	1963	0	0	1	2	0	6
PB1_vRNA	177	1955	0	0	1	1	0	92
PB1_vRNA	178	1957	0	0	1	1	0	1
PB1_vRNA	179	1957	0	0	1	803	5	144
PB1_vRNA	179	2216	0	0	1	0	4	4
PB1_vRNA	186	2227	0	0	1	20	0	106
PB1_vRNA	189	2179	0	0	1	3	0	54
PB1_vRNA	190	2209	0	0	1	1	0	25
PB1_vRNA	203	1866	0	0	1	1	0	1
PB1_vRNA	205	1867	0	0	1	388	1	148
PB1_vRNA	215	2139	0	0	1	169	1	125
PB1_vRNA	217	2059	0	0	1	1	0	7
PB1_vRNA	220	2195	0	0	1	3	0	17
PB1_vRNA	220	2206	0	0	1	40	0	124
PB1_vRNA	222	2196	0	0	1	3	0	82
PB1_vRNA	230	1224	0	0	1	1	0	106
PB1_vRNA	231	2155	0	0	1	31	0	115
PB1_vRNA	231	2182	0	0	1	241	0	129
PB1_vRNA	232	1255	0	0	1	3	0	55
PB1_vRNA	234	851	0	0	1	8	0	78
PB1_vRNA	234	1188	0	0	1	1	0	34
PB1_vRNA	234	1931	0	0	1	1	0	5
PB1_vRNA	234	2081	0	0	1	0	1	3
PB1_vRNA	234	2143	0	0	1	14	0	108
PB1_vRNA	235	273	0	0	1	19	0	77
PB1_vRNA	235	2243	0	0	1	23	0	82
PB1_vRNA	239	2073	0	0	1	1	0	62
PB1_vRNA	240	2073	0	0	1	692	0	137
PB1_vRNA	240	2205	0	0	1	1	0	50
PB1_vRNA	241	2167	0	0	1	20	0	139
PB1_vRNA	242	263	0	0	1	4	0	64
PB1_vRNA	242	1901	0	0	1	238	1	136
PB1_vRNA	242	1991	0	0	1	0	15	6
PB1_vRNA	242	2075	0	0	1	1	0	12
PB1_vRNA	248	2085	0	0	1	1	0	71
PB1_vRNA	250	2182	0	0	1	1	0	6
PB1_vRNA	253	320	0	0	1	93	0	98
PB1_vRNA	254	2267	0	0	1	3	0	48
PB1_vRNA	255	2043	0	0	1	7	0	129
PB1_vRNA	257	2182	0	0	1	2	0	84
PB1_vRNA	260	1470	0	0	1	1	0	36
PB1_vRNA	260	1739	0	0	1	10	0	97
PB1_vRNA	265	2194	0	0	1	0	1	2
PB1_vRNA	266	463	0	0	1	2	0	25
PB1_vRNA	267	2180	0	0	1	80	0	121
PB1_vRNA	267	2194	0	0	1	512	0	137
PB1_vRNA	268	2179	0	0	1	1	0	2
PB1_vRNA	268	2181	0	0	1	1	0	67
PB1_vRNA	269	1457	0	0	1	1	0	92
PB1_vRNA	270	2149	0	0	1	4	0	42
PB1_vRNA	273	328	0	0	1	7	1	3
PB1_vRNA	273	2152	0	0	1	490	0	138
PB1_vRNA	274	327	0	0	1	2	0	29
PB1_vRNA	274	2153	0	0	1	2	0	56
PB1_vRNA	275	1002	0	0	1	1	0	69
PB1_vRNA	276	329	0	0	1	599	4	89
PB1_vRNA	276	331	0	0	1	6	2	32
PB1_vRNA	276	332	0	0	1	3	1	4
PB1_vRNA	277	330	0	0	1	1	0	3
PB1_vRNA	283	2137	0	0	1	1	0	56
PB1_vRNA	284	2136	1	3	1	0	4	87
PB1_vRNA	285	2137	0	0	1	3	0	66
PB1_vRNA	285	2138	0	0	1	1	0	60
PB1_vRNA	287	2139	0	0	1	1761	6	139
PB1_vRNA	289	2133	0	0	1	1	0	82
PB1_vRNA	289	2141	0	0	1	1	0	109
PB1_vRNA	290	1876	0	0	1	77	0	133
PB1_vRNA	290	2091	0	0	1	1	0	3
PB1_vRNA	290	2136	0	0	1	1	0	90
PB1_vRNA	290	2196	0	0	1	3	0	87
PB1_vRNA	290	2239	0	0	1	3	0	86
PB1_vRNA	291	2135	0	0	1	300	1	125
PB1_vRNA	294	897	0	0	1	1	0	47
PB1_vRNA	294	1487	0	0	1	3	0	64
PB1_vRNA	295	2140	0	0	1	1	0	1
PB1_vRNA	299	2149	0	0	1	1	0	98
PB1_vRNA	299	2183	0	0	1	19	0	147
PB1_vRNA	303	2148	0	0	1	242	0	137
PB1_vRNA	307	2022	0	0	1	10	0	125
PB1_vRNA	307	2063	0	0	1	90	0	127
PB1_vRNA	308	375	0	0	1	28	0	138
PB1_vRNA	308	2276	0	0	1	5	0	47
PB1_vRNA	310	2153	0	0	1	5	0	72
PB1_vRNA	312	2152	0	0	1	13	0	119
PB1_vRNA	314	1877	0	0	1	84	0	121
PB1_vRNA	314	1879	0	0	1	1	0	3
PB1_vRNA	316	2181	0	0	1	2	0	139
PB1_vRNA	317	2036	0	0	1	1	0	3
PB1_vRNA	317	2060	0	0	1	1	0	122
PB1_vRNA	318	2061	0	0	1	99	0	139
PB1_vRNA	319	2152	0	0	1	1	0	3
PB1_vRNA	320	2020	0	0	1	14	0	108
PB1_vRNA	324	2151	0	0	1	11	0	81
PB1_vRNA	325	336	0	0	1	50	1	108
PB1_vRNA	325	2140	0	0	1	1	0	34
PB1_vRNA	325	2152	0	0	1	1616	0	148
PB1_vRNA	326	2153	0	0	1	3	0	56
PB1_vRNA	328	2020	0	0	1	3	0	64
PB1_vRNA	328	2048	0	0	1	506	0	146
PB1_vRNA	328	2145	0	0	1	2	0	64
PB1_vRNA	329	2144	0	0	1	340	0	133
PB1_vRNA	331	2073	0	0	1	36	0	128
PB1_vRNA	332	2147	0	0	1	1	0	20
PB1_vRNA	336	2090	0	0	1	1	0	89
PB1_vRNA	337	1996	0	0	1	27	0	139
PB1_vRNA	338	375	0	0	1	1	0	11
PB1_vRNA	338	2092	0	0	1	254	0	104
PB1_vRNA	338	2093	0	0	1	1	0	70
PB1_vRNA	341	2112	0	0	1	0	1	3
PB1_vRNA	351	2056	0	0	1	25	0	78
PB1_vRNA	357	800	0	0	1	1	0	29
PB1_vRNA	363	2068	0	0	1	54	0	123
PB1_vRNA	367	2090	0	0	1	3	0	67
PB1_vRNA	368	2007	0	0	1	0	1	3
PB1_vRNA	372	701	0	0	1	1	0	127
PB1_vRNA	373	2014	2	6	1	1	0	23
PB1_vRNA	373	2122	1	1	1	0	1	6
PB1_vRNA	375	2065	0	0	1	30	0	112
PB1_vRNA	376	1989	0	0	1	12	1	110
PB1_vRNA	379	2213	0	0	1	1	0	5
PB1_vRNA	382	2034	0	0	1	1	0	6
PB1_vRNA	382	2283	0	0	1	1	0	48
PB1_vRNA	384	1897	0	0	1	13	0	115
PB1_vRNA	386	2058	0	0	1	397	0	142
PB1_vRNA	388	2002	0	0	1	0	1	4
PB1_vRNA	388	2060	0	0	1	1	0	31
PB1_vRNA	390	2013	0	0	1	1	0	3
PB1_vRNA	393	2012	0	0	1	1	0	4
PB1_vRNA	393	2081	0	0	1	10	1	113
PB1_vRNA	395	2007	0	0	1	1	0	9
PB1_vRNA	396	1167	0	0	1	1	0	106
PB1_vRNA	396	1175	0	0	1	2	0	54
PB1_vRNA	396	2082	0	0	1	1	0	4
PB1_vRNA	399	1888	0	0	1	1	0	48
PB1_vRNA	408	2084	0	0	1	30	0	132
PB1_vRNA	412	519	0	0	1	1	0	58
PB1_vRNA	412	1947	0	0	1	0	1	3
PB1_vRNA	415	1951	0	0	1	4	1	5
PB1_vRNA	415	1965	0	0	1	1	0	3
PB1_vRNA	415	2014	0	0	1	1	0	2
PB1_vRNA	416	1947	0	0	1	1	0	31
PB1_vRNA	416	1951	0	0	1	653	0	88
PB1_vRNA	416	2002	0	0	1	0	1	3
PB1_vRNA	416	2081	0	0	1	145	2	136
PB1_vRNA	416	2139	0	0	1	7	0	93
PB1_vRNA	417	1952	0	0	1	1	0	17
PB1_vRNA	417	2015	0	0	1	83	1	96
PB1_vRNA	419	1954	1	1	1	24	2	89
PB1_vRNA	421	2022	0	0	1	1	0	3
PB1_vRNA	423	1951	0	0	1	2	0	3
PB1_vRNA	424	447	0	0	1	44	0	67
PB1_vRNA	428	1997	0	0	1	1	0	6
PB1_vRNA	428	2018	0	0	1	545	0	147
PB1_vRNA	434	1938	0	0	1	201	0	135
PB1_vRNA	434	2002	0	0	1	5	0	73
PB1_vRNA	434	2066	0	0	1	3	0	146
PB1_vRNA	435	2029	0	0	1	1	0	8
PB1_vRNA	437	1902	0	0	1	82	0	135
PB1_vRNA	437	2003	0	0	1	0	1	5
PB1_vRNA	438	1996	0	0	1	1	0	1
PB1_vRNA	438	2026	0	0	1	266	0	138
PB1_vRNA	438	2048	0	0	1	32	0	120
PB1_vRNA	439	2027	0	0	1	2	0	50
PB1_vRNA	443	2027	0	0	1	1	0	4
PB1_vRNA	444	1938	0	0	1	5	0	99
PB1_vRNA	444	1942	0	0	1	1	0	4
PB1_vRNA	445	1973	0	0	1	0	1	7
PB1_vRNA	445	1990	0	0	1	1	0	82
PB1_vRNA	445	2029	0	0	1	68	0	108
PB1_vRNA	446	473	0	0	1	1	0	1
PB1_vRNA	446	474	0	0	1	6	0	116
PB1_vRNA	446	490	0	0	1	29	1	44
PB1_vRNA	446	1595	0	0	1	1	0	19
PB1_vRNA	446	1933	0	0	1	1	0	61
PB1_vRNA	446	1992	0	0	1	4	0	1
PB1_vRNA	446	1994	0	0	1	3	1	8
PB1_vRNA	446	2003	0	0	1	1	1	1
PB1_vRNA	446	2037	0	0	1	1	0	3
PB1_vRNA	447	1967	0	0	1	58	0	128
PB1_vRNA	447	1992	0	0	1	2201	20	146
PB1_vRNA	447	2022	0	0	1	40	0	101
PB1_vRNA	447	2023	0	0	1	1	0	68
PB1_vRNA	447	2031	0	0	1	0	2	4
PB1_vRNA	448	1995	0	0	1	2	0	2
PB1_vRNA	449	2038	0	0	1	1	0	4
PB1_vRNA	450	1995	0	0	1	4	0	62
PB1_vRNA	461	1910	0	0	1	1	0	15
PB1_vRNA	463	1911	0	0	1	1	0	1
PB1_vRNA	465	1914	0	0	1	308	1	137
PB1_vRNA	467	1916	0	0	1	1	0	9
PB1_vRNA	469	1918	0	0	1	1	0	49
PB1_vRNA	473	1971	0	0	1	1	0	35
PB1_vRNA	473	1972	0	0	1	4	0	95
PB1_vRNA	474	1972	0	0	1	898	0	133
PB1_vRNA	475	1973	0	0	1	1	0	108
PB1_vRNA	480	1178	0	0	1	1	0	86
PB1_vRNA	480	1926	0	0	1	88	0	143
PB1_vRNA	481	2000	1	5	1	1	0	6
PB1_vRNA	485	1969	0	0	1	0	1	4
PB1_vRNA	487	1997	0	0	1	143	0	143
PB1_vRNA	492	1267	0	0	1	1	0	82
PB1_vRNA	492	2045	0	0	1	1	0	27
PB1_vRNA	497	1867	0	0	1	0	1	3
PB1_vRNA	504	2082	0	0	1	0	1	4
PB1_vRNA	515	1929	0	0	1	41	0	67
PB1_vRNA	518	1228	2	6	1	4	0	119
PB1_vRNA	518	1932	2	6	1	1	0	4
PB1_vRNA	519	800	0	0	1	1	0	100
PB1_vRNA	528	1901	0	0	1	3	0	6
PB1_vRNA	528	2015	0	0	1	29	0	129
PB1_vRNA	529	2003	0	0	1	1	0	94
PB1_vRNA	529	2007	0	0	1	8	0	93
PB1_vRNA	530	1919	0	0	1	2	0	101
PB1_vRNA	532	1853	0	0	1	2	0	31
PB1_vRNA	535	1825	0	0	1	33	0	44
PB1_vRNA	543	1978	0	0	1	10	0	126
PB1_vRNA	553	1904	0	0	1	17	0	134
PB1_vRNA	553	1994	0	0	1	0	1	7
PB1_vRNA	555	1996	0	0	1	30	0	114
PB1_vRNA	569	2004	0	0	1	1	0	3
PB1_vRNA	573	1720	0	0	1	0	1	3
PB1_vRNA	591	622	0	0	1	6	0	106
PB1_vRNA	591	1785	0	0	1	3	0	96
PB1_vRNA	593	664	0	0	1	1	0	24
PB1_vRNA	600	1188	0	0	1	1	0	131
PB1_vRNA	600	1918	0	0	1	1	0	6
PB1_vRNA	616	1817	0	0	1	1	0	44
PB1_vRNA	625	642	0	0	1	4	0	55
PB1_vRNA	645	1810	0	0	1	11	0	96
PB1_vRNA	662	1810	0	0	1	3	0	76
PB1_vRNA	683	697	0	0	1	11	0	77
PB1_vRNA	691	1906	0	0	1	1	0	100
PB1_vRNA	694	1808	0	0	1	8	0	109
PB1_vRNA	698	753	0	0	1	1	0	54
PB1_vRNA	698	1803	0	0	1	4	0	55
PB1_vRNA	698	1910	0	0	1	2	0	51
PB1_vRNA	701	1702	0	0	1	17	0	118
PB1_vRNA	713	1447	0	0	1	2	0	68
PB1_vRNA	713	1792	0	0	1	3	0	86
PB1_vRNA	716	1975	0	0	1	92	0	126
PB1_vRNA	719	1453	0	0	1	3	0	83
PB1_vRNA	726	1337	0	0	1	1	0	81
PB1_vRNA	730	1220	0	0	1	1	0	103
PB1_vRNA	743	1674	0	0	1	1	0	25
PB1_vRNA	744	2135	0	0	1	1	0	39
PB1_vRNA	818	1558	0	0	1	1	0	32
PB1_vRNA	821	1570	0	0	1	1	0	27
PB1_vRNA	848	1583	0	0	1	13	0	104
PB1_vRNA	850	1521	0	0	1	1	0	52
PB1_vRNA	853	2082	0	0	1	25	1	135
PB1_vRNA	855	1665	0	0	1	1	0	22
PB1_vRNA	857	1257	0	0	1	1	0	42
PB1_vRNA	869	1394	2	6	1	1	0	22
PB1_vRNA	875	1502	0	0	1	9	0	120
PB1_vRNA	903	1523	0	0	1	1	0	126
PB1_vRNA	904	1463	0	0	1	3	0	41
PB1_vRNA	948	1660	0	0	1	1	0	76
PB1_vRNA	949	1261	0	0	1	11	0	113
PB1_vRNA	972	1154	0	0	1	5	0	112
PB1_vRNA	983	1154	0	0	1	5	0	94
PB1_vRNA	1047	1643	0	0	1	1	0	26
PB1_vRNA	1092	1659	0	0	1	1	0	34
PB1_vRNA	1151	1195	0	0	1	3	0	121
PB1_vRNA	1217	1867	0	0	1	1	0	3
PB1_vRNA	1240	1270	0	0	1	1	0	77
PB1_vRNA	1244	1544	0	0	1	2	0	94
PB1_vRNA	1247	1604	0	0	1	1	0	103
PB1_vRNA	1272	1743	0	0	1	1	0	98
PB1_vRNA	1283	1681	0	0	1	2	0	32
PB1_vRNA	1341	1381	0	0	1	1	0	37
PB1_vRNA	1457	1632	0	0	1	1	0	8
PB1_vRNA	1491	1553	0	0	1	2	0	98
PB1_vRNA	1495	2047	2	4	1	3	0	121
PB1_vRNA	1684	1722	0	0	1	0	1	5
PB1_vRNA	1690	1790	0	0	1	1	0	23
PB1_vRNA	1696	2051	0	0	1	1	0	33
PB1_vRNA	1700	1742	0	0	1	1	0	88
PB1_vRNA	1752	1967	0	0	1	1	0	50
PB1_vRNA	1801	2046	0	0	1	1	0	27
PB1_vRNA	1816	2031	0	0	1	1	0	53
PB1_vRNA	1906	1954	1	3	1	1	0	3
PB1_vRNA	1956	1993	0	0	1	0	2	34
PB1_vRNA	2056	2074	0	0	1	372	6	129
PB1_vRNA	2057	2075	0	0	1	3	0	75
PB1_vRNA	2189	2213	0	0	1	1	0	13
PB1_vRNA	2196	2298	0	0	1	13	1	46
PB1_vRNA	2199	2209	0	0	1	1	1	33
PB2_vRNA	99	525	0	0	1	2	0	72
PB2_vRNA	110	1890	0	0	1	4	0	85
PB2_vRNA	118	2046	0	0	1	2	0	102
PB2_vRNA	122	682	0	0	1	1	0	36
PB2_vRNA	125	626	0	0	1	1	0	21
PB2_vRNA	125	1466	0	0	1	2	0	88
PB2_vRNA	131	1694	0	0	1	1	0	46
PB2_vRNA	135	174	0	0	1	1	0	7
PB2_vRNA	137	365	0	0	1	4	0	85
PB2_vRNA	139	168	0	0	1	2	0	57
PB2_vRNA	142	2118	0	0	1	1	0	3
PB2_vRNA	160	1691	0	0	1	1	0	32
PB2_vRNA	162	211	0	0	1	3	0	23
PB2_vRNA	165	242	0	0	1	1	0	4
PB2_vRNA	165	309	0	0	1	2	0	70
PB2_vRNA	171	2105	0	0	1	18	0	121
PB2_vRNA	173	1414	0	0	1	1	0	6
PB2_vRNA	176	2249	0	0	1	1	0	4
PB2_vRNA	179	300	0	0	1	2	0	85
PB2_vRNA	186	200	0	0	1	1	0	3
PB2_vRNA	187	253	0	0	1	1	0	3
PB2_vRNA	203	284	0	0	1	1	0	71
PB2_vRNA	205	2010	0	0	1	1	0	82
PB2_vRNA	205	2235	0	0	1	46	0	96
PB2_vRNA	207	2153	0	0	1	1	0	21
PB2_vRNA	209	2149	0	0	1	1	0	7
PB2_vRNA	211	279	0	0	1	11	0	126
PB2_vRNA	215	283	0	0	1	28	0	127
PB2_vRNA	218	2205	0	0	1	1	0	40
PB2_vRNA	219	287	0	0	1	1	0	31
PB2_vRNA	227	300	0	0	1	1	0	3
PB2_vRNA	228	2268	0	0	1	7	0	72
PB2_vRNA	230	2174	0	0	1	2	0	69
PB2_vRNA	231	2168	0	0	1	7	0	86
PB2_vRNA	233	2146	0	0	1	1	0	121
PB2_vRNA	238	1668	0	0	1	8	0	127
PB2_vRNA	244	891	0	0	1	2	0	38
PB2_vRNA	250	2062	0	0	1	1	0	6
PB2_vRNA	252	423	0	0	1	3	0	45
PB2_vRNA	252	1455	0	0	1	2	0	25
PB2_vRNA	262	2170	0	0	1	73	0	147
PB2_vRNA	263	2158	0	0	1	33	0	127
PB2_vRNA	263	2181	0	0	1	3	0	77
PB2_vRNA	264	2182	1	3	1	3135	1	146
PB2_vRNA	265	2183	0	0	1	1	0	71
PB2_vRNA	266	301	0	0	1	8	1	119
PB2_vRNA	267	2241	0	0	1	1	0	33
PB2_vRNA	268	2187	0	0	1	2	0	5
PB2_vRNA	268	2242	0	0	1	16	0	89
PB2_vRNA	270	1039	0	0	1	2	0	86
PB2_vRNA	275	2140	0	0	1	72	0	129
PB2_vRNA	276	2205	0	0	1	20	0	119
PB2_vRNA	286	2125	0	0	1	1	0	3
PB2_vRNA	299	557	0	0	1	1	0	87
PB2_vRNA	302	2137	0	0	1	5	0	114
PB2_vRNA	310	2068	0	0	1	0	1	5
PB2_vRNA	312	2173	0	0	1	3	0	43
PB2_vRNA	316	2153	0	0	1	2	0	60
PB2_vRNA	318	2076	0	0	1	3	0	62
PB2_vRNA	318	2155	0	0	1	2204	0	149
PB2_vRNA	318	2169	0	0	1	3	0	1
PB2_vRNA	319	421	0	0	1	1	0	76
PB2_vRNA	332	1982	0	0	1	2	0	60
PB2_vRNA	333	1983	2	6	1	231	0	145
PB2_vRNA	334	1489	0	0	1	1	0	38
PB2_vRNA	334	1931	0	0	1	119	1	133
PB2_vRNA	337	1909	0	0	1	1	0	7
PB2_vRNA	338	2066	0	0	1	0	1	3
PB2_vRNA	341	1938	0	0	1	1	1	64
PB2_vRNA	346	2116	0	0	1	6	0	82
PB2_vRNA	349	2127	0	0	1	31	1	111
PB2_vRNA	349	2153	0	0	1	0	1	3
PB2_vRNA	351	2074	0	0	1	32	0	148
PB2_vRNA	357	850	0	0	1	1	0	83
PB2_vRNA	358	2259	0	0	1	26	0	83
PB2_vRNA	361	2067	0	0	1	24	0	122
PB2_vRNA	362	2075	0	0	1	1	0	5
PB2_vRNA	366	393	0	0	1	1	0	107
PB2_vRNA	366	2083	0	0	1	2	0	10
PB2_vRNA	369	2055	0	0	1	42	0	130
PB2_vRNA	373	2182	1	1	1	12	0	117
PB2_vRNA	374	874	0	0	1	1	0	86
PB2_vRNA	378	2042	0	0	1	20	0	147
PB2_vRNA	378	2058	0	0	1	4	0	122
PB2_vRNA	382	1365	0	0	1	2	0	11
PB2_vRNA	382	2049	0	0	1	1	0	40
PB2_vRNA	383	1236	0	0	1	1	0	6
PB2_vRNA	384	2054	0	0	1	4	0	132
PB2_vRNA	384	2057	0	0	1	1	0	2
PB2_vRNA	386	940	0	0	1	1	0	38
PB2_vRNA	387	1148	0	0	1	1	0	55
PB2_vRNA	387	1236	0	0	1	2	0	21
PB2_vRNA	387	1564	0	0	1	1	0	35
PB2_vRNA	387	2074	0	0	1	5	0	77
PB2_vRNA	388	423	0	0	1	4	1	22
PB2_vRNA	388	744	0	0	1	0	1	3
PB2_vRNA	388	1432	1	5	1	0	1	3
PB2_vRNA	388	1602	0	0	1	0	1	3
PB2_vRNA	388	2122	0	0	1	5	1	7
PB2_vRNA	390	1998	0	0	1	1	1	39
PB2_vRNA	390	2042	0	0	1	1	0	20
PB2_vRNA	390	2057	0	0	1	1	0	1
PB2_vRNA	392	1153	0	0	1	1	0	49
PB2_vRNA	392	2062	0	0	1	7	0	88
PB2_vRNA	393	504	0	0	1	1	0	4
PB2_vRNA	395	1048	0	0	1	1	0	28
PB2_vRNA	396	1575	0	0	1	1	0	29
PB2_vRNA	397	584	0	0	1	1	0	3
PB2_vRNA	398	529	1	5	1	9	8	76
PB2_vRNA	398	1751	0	0	1	1	0	3
PB2_vRNA	400	898	0	0	1	2	0	48
PB2_vRNA	403	2028	0	0	1	25	0	115
PB2_vRNA	403	2049	0	0	1	8	0	97
PB2_vRNA	408	2067	0	0	1	1	0	3
PB2_vRNA	409	2036	0	0	1	1	0	4
PB2_vRNA	410	2052	0	0	1	1	0	28
PB2_vRNA	412	824	0	0	1	1	0	118
PB2_vRNA	413	2041	0	0	1	1	0	6
PB2_vRNA	428	2128	0	0	1	1	0	3
PB2_vRNA	434	1998	0	0	1	2	0	90
PB2_vRNA	435	1400	0	0	1	1	0	53
PB2_vRNA	437	1404	0	0	1	1	0	40
PB2_vRNA	444	2022	0	0	1	4	0	84
PB2_vRNA	449	1923	0	0	1	604	1	141
PB2_vRNA	450	1924	0	0	1	0	1	3
PB2_vRNA	450	2031	1	3	1	1	0	6
PB2_vRNA	454	1950	0	0	1	28	0	112
PB2_vRNA	455	1905	0	0	1	13	0	95
PB2_vRNA	457	1904	0	0	1	1	0	87
PB2_vRNA	462	1942	0	0	1	62	0	131
PB2_vRNA	463	1943	0	0	1	1	0	70
PB2_vRNA	469	1917	0	0	1	4	0	83
PB2_vRNA	471	1931	0	0	1	1	0	33
PB2_vRNA	471	1999	0	0	1	0	1	6
PB2_vRNA	477	2059	0	0	1	6	0	99
PB2_vRNA	479	1356	0	0	1	1	0	23
PB2_vRNA	487	532	0	0	1	109	1	127
PB2_vRNA	487	1730	0	0	1	0	1	3
PB2_vRNA	491	1941	0	0	1	1	0	3
PB2_vRNA	502	786	0	0	1	1	0	38
PB2_vRNA	502	1954	0	0	1	4	0	112
PB2_vRNA	503	881	0	0	1	1	0	4
PB2_vRNA	503	1469	0	0	1	1	0	34
PB2_vRNA	505	1874	0	0	1	9	0	106
PB2_vRNA	506	750	0	0	1	1	0	44
PB2_vRNA	507	1923	0	0	1	1	0	4
PB2_vRNA	517	1917	0	0	1	1	0	4
PB2_vRNA	526	1957	0	0	1	55	0	132
PB2_vRNA	528	732	0	0	1	1	0	109
PB2_vRNA	540	628	0	0	1	1	0	54
PB2_vRNA	540	664	0	0	1	1	0	102
PB2_vRNA	544	1564	0	0	1	1	0	3
PB2_vRNA	547	1882	2	2	1	1	0	48
PB2_vRNA	549	1884	0	0	1	1	0	79
PB2_vRNA	550	1886	0	0	1	1	0	5
PB2_vRNA	550	1887	0	0	1	2	0	3
PB2_vRNA	551	1886	0	0	1	666	0	145
PB2_vRNA	552	1887	0	0	1	1	0	61
PB2_vRNA	564	1917	0	0	1	18	0	121
PB2_vRNA	576	2059	0	0	1	1	0	71
PB2_vRNA	577	630	0	0	1	2	0	99
PB2_vRNA	583	1855	0	0	1	2	0	96
PB2_vRNA	583	1896	0	0	1	79	0	122
PB2_vRNA	585	1871	0	0	1	5	0	87
PB2_vRNA	596	871	0	0	1	1	0	84
PB2_vRNA	599	634	0	0	1	1	0	11
PB2_vRNA	601	642	0	0	1	2	0	35
PB2_vRNA	601	650	0	0	1	4	0	119
PB2_vRNA	609	1855	1	1	1	3	8	79
PB2_vRNA	611	1857	0	0	1	248	8	134
PB2_vRNA	612	1858	0	0	1	2	0	13
PB2_vRNA	613	1888	0	0	1	13	0	130
PB2_vRNA	625	865	0	0	1	1	0	35
PB2_vRNA	625	1904	0	0	1	3	0	95
PB2_vRNA	626	1787	0	0	1	40	0	142
PB2_vRNA	643	1820	0	0	1	1	0	3
PB2_vRNA	665	1659	0	0	1	1	0	126
PB2_vRNA	667	686	0	0	1	1	0	17
PB2_vRNA	679	1076	0	0	1	1	0	26
PB2_vRNA	689	1772	0	0	1	1	0	3
PB2_vRNA	689	1840	0	0	1	0	1	3
PB2_vRNA	689	1884	0	0	1	100	0	134
PB2_vRNA	696	1683	0	0	1	1	0	102
PB2_vRNA	698	893	0	0	1	1	0	22
PB2_vRNA	704	827	0	0	1	1	0	24
PB2_vRNA	704	1149	0	0	1	1	0	110
PB2_vRNA	706	854	0	0	1	1	0	32
PB2_vRNA	707	891	0	0	1	1	0	6
PB2_vRNA	708	792	1	5	1	1	0	38
PB2_vRNA	708	1155	1	5	1	2	0	83
PB2_vRNA	708	1650	1	5	1	1	0	8
PB2_vRNA	715	746	0	0	1	2	0	68
PB2_vRNA	717	896	0	0	1	1	0	49
PB2_vRNA	717	1754	0	0	1	1	0	3
PB2_vRNA	721	1738	0	0	1	25	0	117
PB2_vRNA	729	746	0	0	1	5	0	104
PB2_vRNA	743	2052	0	0	1	1	0	62
PB2_vRNA	744	1210	0	0	1	1	0	7
PB2_vRNA	745	2058	0	0	1	1	0	31
PB2_vRNA	749	1933	0	0	1	2	0	93
PB2_vRNA	750	1596	0	0	1	1	0	86
PB2_vRNA	768	842	0	0	1	1	0	88
PB2_vRNA	776	1629	0	0	1	1	0	4
PB2_vRNA	787	1833	0	0	1	1	0	7
PB2_vRNA	791	968	0	0	1	1	0	35
PB2_vRNA	791	1241	0	0	1	1	0	71
PB2_vRNA	792	942	0	0	1	1	0	52
PB2_vRNA	821	2094	0	0	1	1	0	57
PB2_vRNA	842	1689	0	0	1	1	0	126
PB2_vRNA	843	2198	0	0	1	1	0	98
PB2_vRNA	864	2079	0	0	1	1	0	76
PB2_vRNA	878	2042	0	0	1	1	0	40
PB2_vRNA	886	2052	0	0	1	1	0	23
PB2_vRNA	890	1097	0	0	1	2	0	78
PB2_vRNA	902	1471	0	0	1	1	0	30
PB2_vRNA	914	978	0	0	1	1	0	91
PB2_vRNA	947	2050	1	5	1	1	0	46
PB2_vRNA	988	1287	0	0	1	1	0	75
PB2_vRNA	1038	1243	0	0	1	1	0	42
PB2_vRNA	1040	1125	0	0	1	1	0	4
PB2_vRNA	1072	2165	0	0	1	3	0	99
PB2_vRNA	1073	1289	0	0	1	2	0	101
PB2_vRNA	1081	1643	0	0	1	1	0	54
PB2_vRNA	1099	1511	0	0	1	1	0	53
PB2_vRNA	1115	1507	0	0	1	2	0	104
PB2_vRNA	1142	1308	0	0	1	1	0	128
PB2_vRNA	1144	1205	0	0	1	1	0	15
PB2_vRNA	1151	1289	0	0	1	1	0	83
PB2_vRNA	1157	1802	0	0	1	1	0	6
PB2_vRNA	1172	2116	0	0	1	2	0	32
PB2_vRNA	1185	1211	0	0	1	1	0	9
PB2_vRNA	1189	1211	0	0	1	1	0	43
PB2_vRNA	1218	1800	0	0	1	1	0	35
PB2_vRNA	1241	2130	0	0	1	1	0	103
PB2_vRNA	1292	1512	0	0	1	2	0	37
PB2_vRNA	1295	1565	0	0	1	1	0	20
PB2_vRNA	1296	1844	0	0	1	0	1	7
PB2_vRNA	1301	1845	0	0	1	1	0	57
PB2_vRNA	1314	2063	0	0	1	1	0	75
PB2_vRNA	1449	1710	0	0	1	1	0	10
PB2_vRNA	1502	2044	0	0	1	3	0	85
PB2_vRNA	1509	1836	0	0	1	1	0	116
PB2_vRNA	1827	1936	0	0	1	6	0	77
PB2_vRNA	1829	1857	0	0	1	1	0	43
PB2_vRNA	1863	1910	0	0	1	1	0	9
PB2_vRNA	2005	2058	0	0	1	1	0	15
PB2_vRNA	2212	2246	0	0	1	1	0	6
