HA_vRNA	78	458	0	0	1	1	0	41
HA_vRNA	79	175	0	0	1	1	0	24
HA_vRNA	79	816	0	0	1	1	0	42
HA_vRNA	90	678	0	0	1	1	0	80
HA_vRNA	94	158	0	0	1	9	1	88
HA_vRNA	96	454	0	0	1	7	0	49
HA_vRNA	129	1542	0	0	1	1	0	4
HA_vRNA	130	1217	0	0	1	1	0	66
HA_vRNA	164	859	0	0	1	1	0	52
HA_vRNA	165	1157	0	0	1	2	0	120
HA_vRNA	176	255	0	0	1	1	0	57
HA_vRNA	186	667	0	0	1	1	0	85
HA_vRNA	189	665	0	0	1	1	0	123
HA_vRNA	190	561	0	0	1	1	0	75
HA_vRNA	192	792	0	0	1	1	0	30
HA_vRNA	192	1437	0	0	1	1	0	120
HA_vRNA	193	773	0	0	1	1	0	32
HA_vRNA	194	706	0	0	1	1	0	71
HA_vRNA	200	664	0	0	1	3	0	92
HA_vRNA	213	631	0	0	1	2	0	41
HA_vRNA	218	468	0	0	1	2	0	83
HA_vRNA	218	1680	0	0	1	2	0	40
HA_vRNA	229	1637	0	0	1	4	0	45
HA_vRNA	231	529	0	0	1	1	0	127
HA_vRNA	241	1642	0	0	1	1	0	78
HA_vRNA	247	1620	0	0	1	36	0	125
HA_vRNA	248	1680	2	6	1	2	0	45
HA_vRNA	253	1634	0	0	1	1	0	23
HA_vRNA	255	1168	0	0	1	1	0	143
HA_vRNA	262	515	0	0	1	2	0	110
HA_vRNA	264	519	0	0	1	2	0	132
HA_vRNA	269	315	0	0	1	1	0	121
HA_vRNA	270	520	0	0	1	1	0	16
HA_vRNA	271	486	0	0	1	1	0	8
HA_vRNA	275	614	0	0	1	1	0	67
HA_vRNA	280	541	0	0	1	1	0	67
HA_vRNA	282	503	0	0	1	1	0	85
HA_vRNA	301	1612	0	0	1	5	0	59
HA_vRNA	303	1509	0	0	1	3	0	140
HA_vRNA	304	972	0	0	1	1	0	32
HA_vRNA	310	1165	0	0	1	3	0	125
HA_vRNA	321	1647	2	2	1	1	0	37
HA_vRNA	329	1607	0	0	1	5	0	73
HA_vRNA	331	588	0	0	1	1	0	67
HA_vRNA	333	1524	0	0	1	7	0	111
HA_vRNA	343	531	0	0	1	1	0	38
HA_vRNA	350	1484	0	0	1	1	0	123
HA_vRNA	351	1523	0	0	1	1	0	84
HA_vRNA	357	1662	0	0	1	1	0	53
HA_vRNA	368	1533	0	0	1	2	0	94
HA_vRNA	369	1583	0	0	1	8	0	128
HA_vRNA	370	1184	0	0	1	1	0	114
HA_vRNA	378	1464	0	0	1	2	0	72
HA_vRNA	393	1595	0	0	1	25	0	130
HA_vRNA	395	443	0	0	1	2	0	81
HA_vRNA	398	1531	0	0	1	1	0	104
HA_vRNA	399	674	0	0	1	1	0	118
HA_vRNA	402	1443	0	0	1	1	0	66
HA_vRNA	411	1513	0	0	1	1	0	59
HA_vRNA	411	1559	0	0	1	0	1	5
HA_vRNA	416	1473	0	0	1	2	0	78
HA_vRNA	434	1301	0	0	1	1	0	66
HA_vRNA	437	663	2	6	1	1	0	126
HA_vRNA	442	1545	0	0	1	1	0	143
HA_vRNA	445	709	2	6	1	1	0	43
HA_vRNA	445	973	2	6	1	1	0	45
HA_vRNA	447	1420	0	0	1	1	0	57
HA_vRNA	448	1487	0	0	1	2	0	6
HA_vRNA	451	1006	0	0	1	2	0	96
HA_vRNA	464	1610	0	0	1	2	0	137
HA_vRNA	467	1349	0	0	1	1	0	125
HA_vRNA	489	678	0	0	1	3	0	61
HA_vRNA	509	1312	0	0	1	1	0	57
HA_vRNA	518	918	0	0	1	1	0	4
HA_vRNA	530	1069	0	0	1	1	0	71
HA_vRNA	535	1479	0	0	1	5	0	107
HA_vRNA	542	981	0	0	1	1	0	33
HA_vRNA	593	1459	0	0	1	3	0	119
HA_vRNA	599	1219	0	0	1	2	0	120
HA_vRNA	601	1269	0	0	1	1	0	5
HA_vRNA	606	1664	0	0	1	2	0	46
HA_vRNA	618	1252	2	4	1	1	0	34
HA_vRNA	635	1304	0	0	1	1	0	103
HA_vRNA	636	994	0	0	1	1	0	20
HA_vRNA	644	1159	0	0	1	1	0	127
HA_vRNA	656	943	0	0	1	1	0	71
HA_vRNA	676	1005	0	0	1	1	0	26
HA_vRNA	679	758	0	0	1	1	0	12
HA_vRNA	688	1381	0	0	1	2	0	106
HA_vRNA	695	1080	0	0	1	1	0	81
HA_vRNA	711	974	0	0	1	4	0	66
HA_vRNA	751	1076	0	0	1	1	0	129
HA_vRNA	762	1399	0	0	1	1	0	44
HA_vRNA	763	971	0	0	1	1	0	51
HA_vRNA	767	1085	0	0	1	1	0	52
HA_vRNA	776	1075	0	0	1	2	0	75
HA_vRNA	783	938	0	0	1	1	0	65
HA_vRNA	800	1116	0	0	1	2	0	55
HA_vRNA	809	851	0	0	1	3	0	105
HA_vRNA	812	855	0	0	1	1	0	94
HA_vRNA	820	1075	0	0	1	1	0	3
HA_vRNA	825	1251	0	0	1	1	0	80
HA_vRNA	902	911	0	0	1	1	0	24
HA_vRNA	942	1048	0	0	1	1	0	25
HA_vRNA	953	1057	0	0	1	1	0	108
HA_vRNA	1042	1058	0	0	1	1	0	64
HA_vRNA	1077	1589	0	0	1	1	0	40
HA_vRNA	1079	1147	0	0	1	1	0	7
HA_vRNA	1189	1279	0	0	1	1	0	86
HA_vRNA	1206	1242	0	0	1	1	0	112
HA_vRNA	1330	1470	0	0	1	1	0	39
HA_vRNA	1388	1399	0	0	1	1	0	23
HA_vRNA	1421	1453	0	0	1	1	0	53
HA_vRNA	1440	1482	0	0	1	2	0	60
HA_vRNA	1617	1645	0	0	1	1	0	11
M_vRNA	98	269	0	0	1	2	0	51
M_vRNA	99	904	0	0	1	1	0	25
M_vRNA	100	133	0	0	1	14	0	94
M_vRNA	110	264	0	0	1	1	0	13
M_vRNA	123	894	0	0	1	1	0	29
M_vRNA	125	905	0	0	1	2	0	93
M_vRNA	161	184	0	0	1	1	0	124
M_vRNA	189	389	0	0	1	2	0	68
M_vRNA	190	211	0	0	1	3	0	128
M_vRNA	193	393	0	0	1	33	1	139
M_vRNA	199	390	0	0	1	10	0	134
M_vRNA	209	637	0	0	1	3	0	76
M_vRNA	210	389	0	0	1	1	0	68
M_vRNA	214	876	0	0	1	1	0	75
M_vRNA	217	395	0	0	1	12	0	141
M_vRNA	218	347	0	0	1	1	0	121
M_vRNA	218	632	0	0	1	1	0	79
M_vRNA	226	871	0	0	1	4	0	127
M_vRNA	231	408	0	0	1	1	0	53
M_vRNA	232	266	0	0	1	1	0	122
M_vRNA	257	282	0	0	1	2	0	132
M_vRNA	261	359	0	0	1	1	0	79
M_vRNA	269	367	0	0	1	14	1	137
M_vRNA	269	463	0	0	1	1	0	7
M_vRNA	269	508	0	0	1	0	1	7
M_vRNA	269	639	0	0	1	8	0	145
M_vRNA	274	438	0	0	1	2	0	122
M_vRNA	274	600	0	0	1	6	0	100
M_vRNA	274	674	0	0	1	8	0	132
M_vRNA	282	401	0	0	1	2	0	53
M_vRNA	283	472	0	0	1	1	0	84
M_vRNA	284	382	0	0	1	1	0	110
M_vRNA	285	486	0	0	1	1	0	68
M_vRNA	288	376	0	0	1	2	0	72
M_vRNA	291	884	0	0	1	1	0	62
M_vRNA	292	363	0	0	1	14	0	63
M_vRNA	292	381	0	0	1	5	0	94
M_vRNA	294	451	0	0	1	2	0	60
M_vRNA	306	391	0	0	1	0	1	6
M_vRNA	323	346	0	0	1	1	0	23
M_vRNA	327	366	0	0	1	1	0	83
M_vRNA	336	723	0	0	1	4	0	100
M_vRNA	358	479	0	0	1	1	0	56
M_vRNA	369	640	0	0	1	1	0	102
M_vRNA	374	433	2	4	1	3	0	71
M_vRNA	375	574	0	0	1	1	0	88
M_vRNA	376	388	0	0	1	2	0	77
M_vRNA	376	516	0	0	1	10	0	120
M_vRNA	389	585	0	0	1	1	0	41
M_vRNA	391	647	0	0	1	6	0	50
M_vRNA	392	669	0	0	1	1	0	3
M_vRNA	393	589	0	0	1	2	0	139
M_vRNA	397	438	0	0	1	7	0	130
M_vRNA	399	676	0	0	1	1	0	133
M_vRNA	406	514	0	0	1	1	0	35
M_vRNA	407	428	0	0	1	30	1	78
M_vRNA	407	658	0	0	1	1	0	66
M_vRNA	410	655	0	0	1	1	0	44
M_vRNA	410	658	0	0	1	1	0	38
M_vRNA	412	492	0	0	1	1	0	78
M_vRNA	416	488	0	0	1	1	0	119
M_vRNA	416	538	0	0	1	1	0	40
M_vRNA	418	655	0	0	1	1	0	32
M_vRNA	427	642	0	0	1	19	0	145
M_vRNA	427	657	0	0	1	1	0	29
M_vRNA	429	631	0	0	1	1	0	45
M_vRNA	432	450	0	0	1	1	0	42
M_vRNA	435	658	0	0	1	29	0	131
M_vRNA	438	512	0	0	1	7	0	130
M_vRNA	438	640	0	0	1	1	0	64
M_vRNA	440	517	0	0	1	1	0	34
M_vRNA	442	642	2	4	1	3	0	114
M_vRNA	448	642	0	0	1	3	0	64
M_vRNA	473	532	0	0	1	1	0	6
M_vRNA	490	847	0	0	1	1	0	61
M_vRNA	499	856	0	0	1	2	0	145
M_vRNA	510	640	0	0	1	1	0	124
M_vRNA	515	646	0	0	1	1	0	6
M_vRNA	517	603	0	0	1	1	0	5
M_vRNA	519	580	0	0	1	1	0	69
M_vRNA	524	551	0	0	1	1	0	66
M_vRNA	555	629	0	0	1	1	0	38
M_vRNA	557	710	0	0	1	1	0	69
M_vRNA	568	641	1	3	1	1	0	5
M_vRNA	579	640	0	0	1	3	0	53
M_vRNA	580	638	0	0	1	1	0	24
M_vRNA	593	624	0	0	1	1	0	7
M_vRNA	594	628	0	0	1	8	0	137
M_vRNA	595	642	0	0	1	1	0	34
M_vRNA	599	629	0	0	1	1	0	50
M_vRNA	600	624	0	0	1	1	0	39
M_vRNA	600	631	0	0	1	2	0	87
M_vRNA	600	632	0	0	1	2	0	24
M_vRNA	601	619	0	0	1	2	0	9
M_vRNA	601	621	0	0	1	4	0	122
M_vRNA	601	674	0	0	1	1	0	32
M_vRNA	604	718	0	0	1	1	0	6
M_vRNA	620	671	0	0	1	1	0	63
M_vRNA	622	674	0	0	1	1	0	34
M_vRNA	690	747	0	0	1	1	0	132
M_vRNA	698	770	0	0	1	1	0	80
M_vRNA	731	752	0	0	1	4	0	113
M_vRNA	748	903	0	0	1	1	0	18
M_vRNA	749	802	0	0	1	14	0	14
M_vRNA	751	759	0	0	1	5	0	43
M_vRNA	827	856	0	0	1	2	0	109
NA_vRNA	106	1167	0	0	1	2	0	45
NA_vRNA	113	1075	0	0	1	1	0	27
NA_vRNA	116	1103	0	0	1	4	0	97
NA_vRNA	119	1247	0	0	1	2	0	32
NA_vRNA	121	838	0	0	1	1	0	87
NA_vRNA	125	484	0	0	1	2	0	86
NA_vRNA	127	151	0	0	1	1	0	110
NA_vRNA	127	1258	0	0	1	1	0	41
NA_vRNA	130	999	0	0	1	1	0	24
NA_vRNA	132	938	1	5	1	2	0	56
NA_vRNA	136	1295	0	0	1	6	0	102
NA_vRNA	142	1259	0	0	1	2	0	63
NA_vRNA	148	715	2	6	1	2	0	23
NA_vRNA	148	1320	0	0	1	1	0	76
NA_vRNA	152	624	0	0	1	14	0	91
NA_vRNA	157	320	0	0	1	1	0	105
NA_vRNA	167	1181	0	0	1	17	0	127
NA_vRNA	168	690	0	0	1	1	0	80
NA_vRNA	172	998	0	0	1	1	0	120
NA_vRNA	172	1209	0	0	1	1	0	84
NA_vRNA	172	1230	0	0	1	12	0	95
NA_vRNA	172	1307	0	0	1	2	0	88
NA_vRNA	173	1308	0	0	1	608	0	102
NA_vRNA	174	691	0	0	1	11	0	114
NA_vRNA	174	1309	0	0	1	1	0	26
NA_vRNA	175	1061	0	0	1	44	0	146
NA_vRNA	179	1203	0	0	1	2	0	138
NA_vRNA	181	1336	0	0	1	12	0	41
NA_vRNA	184	1224	0	0	1	1	0	63
NA_vRNA	185	1273	0	0	1	155	0	137
NA_vRNA	188	213	0	0	1	28	0	140
NA_vRNA	188	964	0	0	1	3	0	55
NA_vRNA	189	1185	0	0	1	1	0	41
NA_vRNA	189	1256	0	0	1	13	0	53
NA_vRNA	189	1335	0	0	1	1	0	15
NA_vRNA	190	1225	0	0	1	26	0	130
NA_vRNA	195	294	0	0	1	1	0	123
NA_vRNA	196	1256	0	0	1	28	0	50
NA_vRNA	199	1257	0	0	1	5	0	109
NA_vRNA	201	1144	2	6	1	7	0	127
NA_vRNA	214	1334	0	0	1	1	0	63
NA_vRNA	217	1261	0	0	1	5	0	92
NA_vRNA	221	1283	0	0	1	3	0	89
NA_vRNA	230	608	0	0	1	4	0	4
NA_vRNA	230	1301	1	3	1	2	0	44
NA_vRNA	234	1258	0	0	1	61	0	140
NA_vRNA	236	1323	0	0	1	3	0	53
NA_vRNA	249	1158	0	0	1	8	0	109
NA_vRNA	256	467	0	0	1	1	0	26
NA_vRNA	259	380	0	0	1	3	0	117
NA_vRNA	259	553	0	0	1	1	0	10
NA_vRNA	259	1095	0	0	1	1	0	52
NA_vRNA	261	436	0	0	1	2	0	101
NA_vRNA	262	1168	0	0	1	28	0	145
NA_vRNA	263	786	1	5	1	1	0	72
NA_vRNA	264	371	0	0	1	1	0	123
NA_vRNA	265	605	0	0	1	1	0	86
NA_vRNA	271	469	0	0	1	1	0	12
NA_vRNA	275	1196	0	0	1	8	0	112
NA_vRNA	275	1199	0	0	1	2	0	79
NA_vRNA	276	1158	0	0	1	1	0	5
NA_vRNA	276	1224	0	0	1	1	0	112
NA_vRNA	283	733	0	0	1	1	0	38
NA_vRNA	285	1326	0	0	1	18	0	84
NA_vRNA	292	1160	0	0	1	1	0	97
NA_vRNA	294	902	0	0	1	1	0	4
NA_vRNA	294	1037	0	0	1	1	0	109
NA_vRNA	298	563	0	0	1	1	0	29
NA_vRNA	306	633	0	0	1	1	0	22
NA_vRNA	316	398	0	0	1	1	0	108
NA_vRNA	322	633	0	0	1	1	0	73
NA_vRNA	323	885	0	0	1	1	0	26
NA_vRNA	326	561	0	0	1	1	0	73
NA_vRNA	326	637	0	0	1	1	0	84
NA_vRNA	328	769	0	0	1	1	0	31
NA_vRNA	330	370	0	0	1	1	0	12
NA_vRNA	331	1030	0	0	1	1	0	139
NA_vRNA	333	553	0	0	1	2	0	52
NA_vRNA	334	877	2	6	1	1	0	83
NA_vRNA	334	1113	0	0	1	1	0	101
NA_vRNA	334	1128	2	6	1	1	0	42
NA_vRNA	335	534	0	0	1	2	0	55
NA_vRNA	335	537	0	0	1	2	0	44
NA_vRNA	335	1258	0	0	1	2	0	50
NA_vRNA	337	1204	0	0	1	16	0	145
NA_vRNA	341	1211	0	0	1	1	0	139
NA_vRNA	342	374	0	0	1	2	0	55
NA_vRNA	344	362	0	0	1	1	0	3
NA_vRNA	348	553	0	0	1	1	0	129
NA_vRNA	348	1256	0	0	1	3	0	140
NA_vRNA	349	471	0	0	1	1	0	143
NA_vRNA	353	1124	0	0	1	1	0	78
NA_vRNA	353	1129	0	0	1	16	0	56
NA_vRNA	359	1051	0	0	1	1	0	118
NA_vRNA	365	387	0	0	1	54	0	115
NA_vRNA	367	496	0	0	1	1	1	111
NA_vRNA	369	938	0	0	1	1	0	121
NA_vRNA	381	553	0	0	1	1	0	24
NA_vRNA	384	397	0	0	1	1	0	25
NA_vRNA	386	1070	0	0	1	18	0	128
NA_vRNA	389	471	0	0	1	1	0	101
NA_vRNA	390	774	0	0	1	1	0	110
NA_vRNA	395	477	0	0	1	2	0	116
NA_vRNA	402	1108	0	0	1	1	0	94
NA_vRNA	402	1140	0	0	1	1	0	3
NA_vRNA	414	1138	0	0	1	4	0	119
NA_vRNA	416	984	0	0	1	1	0	5
NA_vRNA	416	1036	0	0	1	1	0	4
NA_vRNA	422	1069	0	0	1	1	0	97
NA_vRNA	435	707	0	0	1	3	0	58
NA_vRNA	436	483	0	0	1	1	0	54
NA_vRNA	437	1077	0	0	1	1	0	32
NA_vRNA	442	486	2	4	1	1	0	4
NA_vRNA	446	1024	0	0	1	17	0	145
NA_vRNA	449	491	0	0	1	0	1	4
NA_vRNA	455	1088	0	0	1	2	0	102
NA_vRNA	459	1041	0	0	1	1	0	6
NA_vRNA	469	1007	0	0	1	4	0	142
NA_vRNA	469	1093	0	0	1	13	0	140
NA_vRNA	475	491	0	0	1	3	0	58
NA_vRNA	478	977	0	0	1	2	0	104
NA_vRNA	486	716	0	0	1	1	0	111
NA_vRNA	500	975	0	0	1	1	0	138
NA_vRNA	503	1051	0	0	1	42	0	115
NA_vRNA	510	920	0	0	1	4	0	85
NA_vRNA	514	1076	0	0	1	7	0	139
NA_vRNA	515	1072	0	0	1	5	0	118
NA_vRNA	518	563	0	0	1	1	0	26
NA_vRNA	519	1063	0	0	1	10	0	128
NA_vRNA	524	920	0	0	1	2	0	76
NA_vRNA	527	1064	0	0	1	2	0	95
NA_vRNA	530	562	0	0	1	1	0	4
NA_vRNA	543	900	0	0	1	1	0	13
NA_vRNA	543	1014	0	0	1	3	0	136
NA_vRNA	545	1079	0	0	1	1	0	68
NA_vRNA	549	1110	0	0	1	27	0	126
NA_vRNA	552	1016	0	0	1	3	0	58
NA_vRNA	563	669	0	0	1	1	0	9
NA_vRNA	563	1039	1	3	1	2	0	109
NA_vRNA	564	1039	0	0	1	11	0	149
NA_vRNA	567	894	0	0	1	1	0	135
NA_vRNA	606	1189	0	0	1	91	0	147
NA_vRNA	610	1140	0	0	1	2	0	4
NA_vRNA	627	745	0	0	1	3	0	88
NA_vRNA	632	745	0	0	1	1	0	5
NA_vRNA	655	997	0	0	1	2	0	124
NA_vRNA	660	1001	0	0	1	2	0	56
NA_vRNA	665	767	0	0	1	5	0	117
NA_vRNA	665	961	0	0	1	7	0	104
NA_vRNA	674	926	0	0	1	2	0	104
NA_vRNA	684	1164	0	0	1	1	1	77
NA_vRNA	691	707	0	0	1	1	0	100
NA_vRNA	732	1073	0	0	1	7	0	97
NA_vRNA	735	1115	0	0	1	1	0	9
NA_vRNA	749	1165	0	0	1	0	1	5
NA_vRNA	759	793	0	0	1	1	0	4
NA_vRNA	764	935	0	0	1	2	0	126
NA_vRNA	781	999	0	0	1	1	0	96
NA_vRNA	799	1262	0	0	1	2	0	75
NA_vRNA	803	1115	0	0	1	1	0	6
NA_vRNA	807	1324	0	0	1	9	0	86
NA_vRNA	826	865	0	0	1	1	0	3
NA_vRNA	839	1050	0	0	1	1	0	74
NA_vRNA	846	882	0	0	1	0	1	17
NA_vRNA	860	880	0	0	1	1	0	99
NA_vRNA	864	915	0	0	1	1	0	122
NA_vRNA	867	1132	0	0	1	1	0	14
NA_vRNA	872	1127	0	0	1	1	0	94
NA_vRNA	874	960	0	0	1	1	0	121
NA_vRNA	876	1036	0	0	1	1	0	69
NA_vRNA	888	1006	0	0	1	1	0	119
NA_vRNA	890	904	0	0	1	1	0	7
NA_vRNA	901	1139	0	0	1	1	0	12
NA_vRNA	902	925	0	0	1	1	0	27
NA_vRNA	926	1034	0	0	1	1	0	88
NA_vRNA	928	1008	0	0	1	9	0	104
NA_vRNA	966	987	0	0	1	1	0	38
NA_vRNA	968	993	0	0	1	1	0	6
NA_vRNA	1005	1040	0	0	1	1	0	5
NA_vRNA	1013	1022	0	0	1	3	0	35
NA_vRNA	1037	1097	0	0	1	1	0	3
NA_vRNA	1093	1174	0	0	1	1	0	92
NA_vRNA	1097	1167	0	0	1	1	0	111
NA_vRNA	1186	1225	0	0	1	1	0	92
NA_vRNA	1186	1256	0	0	1	8	0	53
NA_vRNA	1195	1240	0	0	1	1	0	53
NA_vRNA	1203	1301	0	0	1	1	0	111
NA_vRNA	1307	1324	0	0	1	22	0	48
NP_vRNA	40	1015	0	0	1	1	0	39
NP_vRNA	69	677	0	0	1	13	0	63
NP_vRNA	78	975	0	0	1	2	0	40
NP_vRNA	81	1183	0	0	1	1	0	43
NP_vRNA	84	324	0	0	1	5	0	54
NP_vRNA	92	151	1	3	1	1	0	3
NP_vRNA	130	740	0	0	1	1	0	100
NP_vRNA	136	919	0	0	1	1	0	106
NP_vRNA	139	1127	0	0	1	2	0	101
NP_vRNA	141	740	0	0	1	1	0	51
NP_vRNA	142	1268	0	0	1	1	0	84
NP_vRNA	143	1072	0	0	1	1	0	113
NP_vRNA	145	992	0	0	1	1	0	65
NP_vRNA	149	823	0	0	1	1	0	81
NP_vRNA	154	738	0	0	1	5	0	111
NP_vRNA	154	1126	0	0	1	1	0	74
NP_vRNA	167	354	0	0	1	1	0	31
NP_vRNA	178	910	0	0	1	1	0	94
NP_vRNA	180	679	0	0	1	1	0	5
NP_vRNA	181	1220	0	0	1	2	0	55
NP_vRNA	182	1089	0	0	1	1	0	82
NP_vRNA	182	1114	0	0	1	1	0	18
NP_vRNA	183	1025	0	0	1	1	0	99
NP_vRNA	184	770	2	4	1	1	0	28
NP_vRNA	192	1366	0	0	1	5	0	90
NP_vRNA	193	782	0	0	1	1	0	77
NP_vRNA	195	274	0	0	1	1	0	104
NP_vRNA	198	1446	0	0	1	1	0	4
NP_vRNA	203	1413	0	0	1	169	0	142
NP_vRNA	204	1402	0	0	1	1	0	91
NP_vRNA	211	271	2	6	1	5	0	83
NP_vRNA	213	259	0	0	1	3	0	66
NP_vRNA	218	1399	0	0	1	2	0	92
NP_vRNA	221	261	0	0	1	1	0	95
NP_vRNA	225	1424	0	0	1	7	0	129
NP_vRNA	226	1403	0	0	1	3	0	125
NP_vRNA	230	1049	0	0	1	1	0	44
NP_vRNA	232	1114	0	0	1	1	0	97
NP_vRNA	232	1401	0	0	1	10	0	118
NP_vRNA	233	994	0	0	1	1	0	30
NP_vRNA	233	1129	0	0	1	1	0	106
NP_vRNA	249	1394	0	0	1	5	0	123
NP_vRNA	254	1319	1	1	1	2	0	118
NP_vRNA	261	1442	0	0	1	1	0	113
NP_vRNA	262	1430	0	0	1	6	0	123
NP_vRNA	263	1352	0	0	1	1	0	98
NP_vRNA	265	1389	0	0	1	2	0	49
NP_vRNA	268	1282	0	0	1	1	0	6
NP_vRNA	279	1012	0	0	1	1	0	146
NP_vRNA	281	1403	0	0	1	1	0	87
NP_vRNA	283	1326	0	0	1	1	0	28
NP_vRNA	292	1359	0	0	1	43	0	137
NP_vRNA	296	1279	0	0	1	1	0	5
NP_vRNA	313	364	0	0	1	1	0	86
NP_vRNA	326	1221	0	0	1	6	0	53
NP_vRNA	330	814	0	0	1	2	0	57
NP_vRNA	331	1367	0	0	1	3	0	69
NP_vRNA	337	1315	0	0	1	4	0	134
NP_vRNA	341	910	0	0	1	4	0	138
NP_vRNA	342	638	0	0	1	1	0	3
NP_vRNA	343	907	0	0	1	1	0	24
NP_vRNA	344	546	0	0	1	1	0	56
NP_vRNA	345	369	0	0	1	1	0	72
NP_vRNA	345	874	0	0	1	1	0	6
NP_vRNA	346	902	0	0	1	8	0	125
NP_vRNA	346	1309	0	0	1	3	0	7
NP_vRNA	347	534	0	0	1	1	0	15
NP_vRNA	349	1214	0	0	1	2	0	79
NP_vRNA	351	1067	0	0	1	1	0	32
NP_vRNA	352	1040	0	0	1	2	0	60
NP_vRNA	359	1224	0	0	1	2	0	24
NP_vRNA	367	1164	0	0	1	1	0	133
NP_vRNA	371	637	0	0	1	1	0	46
NP_vRNA	372	1221	0	0	1	1	0	108
NP_vRNA	379	721	0	0	1	4	0	122
NP_vRNA	380	724	0	0	1	4	0	63
NP_vRNA	381	769	0	0	1	1	0	6
NP_vRNA	381	1107	0	0	1	1	0	47
NP_vRNA	395	705	0	0	1	2	0	76
NP_vRNA	404	896	0	0	1	1	0	116
NP_vRNA	406	1142	0	0	1	1	0	4
NP_vRNA	406	1216	0	0	1	2	0	109
NP_vRNA	411	679	2	6	1	2	0	5
NP_vRNA	414	1203	0	0	1	2	0	23
NP_vRNA	424	1089	0	0	1	16	0	131
NP_vRNA	426	1196	0	0	1	11	0	144
NP_vRNA	427	604	0	0	1	0	1	8
NP_vRNA	430	1151	0	0	1	2	0	87
NP_vRNA	435	1015	0	0	1	1	0	119
NP_vRNA	437	767	0	0	1	3	0	122
NP_vRNA	440	1222	0	0	1	1	0	6
NP_vRNA	441	1067	0	0	1	1	0	61
NP_vRNA	444	473	0	0	1	1	0	64
NP_vRNA	459	479	0	0	1	2	0	60
NP_vRNA	471	1149	0	0	1	1	0	87
NP_vRNA	479	1364	0	0	1	1	0	53
NP_vRNA	496	1200	0	0	1	1	0	3
NP_vRNA	501	1096	0	0	1	1	0	7
NP_vRNA	504	676	0	0	1	1	0	10
NP_vRNA	504	1139	0	0	1	1	0	6
NP_vRNA	506	1023	0	0	1	3	0	103
NP_vRNA	507	1181	0	0	1	1	0	4
NP_vRNA	514	1021	0	0	1	1	0	3
NP_vRNA	517	1142	0	0	1	13	0	122
NP_vRNA	522	849	0	0	1	1	0	86
NP_vRNA	532	832	0	0	1	1	0	96
NP_vRNA	537	685	0	0	1	1	0	8
NP_vRNA	550	1039	0	0	1	1	0	3
NP_vRNA	552	707	0	0	1	1	0	3
NP_vRNA	570	599	0	0	1	0	1	3
NP_vRNA	571	595	0	0	1	1	0	119
NP_vRNA	584	595	0	0	1	5	0	96
NP_vRNA	589	957	0	0	1	1	0	109
NP_vRNA	606	699	0	0	1	3	0	9
NP_vRNA	618	637	0	0	1	5	0	94
NP_vRNA	645	794	0	0	1	1	0	56
NP_vRNA	669	681	0	0	1	1	0	25
NP_vRNA	678	1207	0	0	1	1	0	123
NP_vRNA	679	805	0	0	1	2	0	75
NP_vRNA	680	809	0	0	1	1	0	71
NP_vRNA	692	1045	0	0	1	1	0	113
NP_vRNA	724	791	0	0	1	1	0	91
NP_vRNA	727	777	0	0	1	2	0	6
NP_vRNA	727	879	0	0	1	1	0	101
NP_vRNA	729	1369	0	0	1	1	0	8
NP_vRNA	736	871	0	0	1	0	1	4
NP_vRNA	748	938	0	0	1	2	0	111
NP_vRNA	773	851	0	0	1	1	0	6
NP_vRNA	774	952	0	0	1	1	0	52
NP_vRNA	778	875	0	0	1	1	0	88
NP_vRNA	784	893	0	0	1	2	0	6
NP_vRNA	786	911	0	0	1	2	0	106
NP_vRNA	792	1304	0	0	1	1	0	108
NP_vRNA	795	1332	0	0	1	1	0	124
NP_vRNA	796	1304	0	0	1	1	0	65
NP_vRNA	798	895	0	0	1	1	0	122
NP_vRNA	805	922	0	0	1	1	0	60
NP_vRNA	806	1045	0	0	1	1	0	109
NP_vRNA	810	1087	0	0	1	1	0	27
NP_vRNA	811	858	0	0	1	2	1	110
NP_vRNA	813	971	0	0	1	2	0	121
NP_vRNA	815	961	0	0	1	4	0	87
NP_vRNA	817	1180	0	0	1	2	0	137
NP_vRNA	855	1137	0	0	1	1	0	145
NP_vRNA	866	877	0	0	1	1	0	6
NP_vRNA	875	1044	0	0	1	1	0	5
NP_vRNA	878	1039	0	0	1	1	0	7
NP_vRNA	883	1204	0	0	1	1	0	60
NP_vRNA	884	1040	0	0	1	1	0	124
NP_vRNA	884	1044	0	0	1	0	1	4
NP_vRNA	888	1198	0	0	1	1	0	40
NP_vRNA	888	1361	0	0	1	1	0	128
NP_vRNA	894	1204	0	0	1	8	0	138
NP_vRNA	896	1238	0	0	1	1	0	37
NP_vRNA	897	954	0	0	1	1	0	49
NP_vRNA	897	1202	0	0	1	1	0	5
NP_vRNA	899	989	0	0	1	2	0	3
NP_vRNA	899	992	0	0	1	1	0	145
NP_vRNA	899	1159	0	0	1	1	0	17
NP_vRNA	900	938	0	0	1	3	0	104
NP_vRNA	903	1211	0	0	1	1	0	8
NP_vRNA	904	1196	0	0	1	1	0	42
NP_vRNA	915	1043	0	0	1	2	0	111
NP_vRNA	916	943	0	0	1	2	0	74
NP_vRNA	918	936	0	0	1	1	0	94
NP_vRNA	922	933	0	0	1	2	0	53
NP_vRNA	922	942	0	0	1	1	0	65
NP_vRNA	926	1212	0	0	1	1	0	23
NP_vRNA	932	973	0	0	1	1	0	23
NP_vRNA	939	1065	0	0	1	1	0	9
NP_vRNA	940	987	0	0	1	1	0	6
NP_vRNA	942	1175	0	0	1	1	0	60
NP_vRNA	949	1139	0	0	1	1	0	109
NP_vRNA	952	1035	0	0	1	0	1	84
NP_vRNA	953	1089	0	0	1	1	0	78
NP_vRNA	953	1108	0	0	1	1	0	117
NP_vRNA	954	969	0	0	1	2	0	31
NP_vRNA	958	1148	0	0	1	1	0	81
NP_vRNA	963	974	0	0	1	1	0	1
NP_vRNA	970	1136	0	0	1	1	0	95
NP_vRNA	979	1086	0	0	1	1	0	3
NP_vRNA	981	1130	0	0	1	1	0	24
NP_vRNA	982	1045	0	0	1	1	0	109
NP_vRNA	983	1032	2	2	1	3	0	59
NP_vRNA	1003	1333	0	0	1	1	0	80
NP_vRNA	1024	1054	0	0	1	1	0	78
NP_vRNA	1053	1231	0	0	1	1	0	66
NP_vRNA	1102	1158	0	0	1	3	0	69
NP_vRNA	1110	1166	0	0	1	1	0	72
NP_vRNA	1126	1165	0	0	1	1	0	98
NP_vRNA	1169	1338	0	0	1	1	0	104
NP_vRNA	1177	1295	0	0	1	1	0	6
NP_vRNA	1209	1229	0	0	1	2	0	102
NP_vRNA	1210	1302	0	0	1	1	0	106
NP_vRNA	1227	1332	0	0	1	1	0	91
NP_vRNA	1287	1297	0	0	1	3	0	40
NS_vRNA	124	631	0	0	1	1	0	118
NS_vRNA	145	235	0	0	1	3	0	88
NS_vRNA	155	175	0	0	1	1	0	111
NS_vRNA	170	543	0	0	1	1	0	77
NS_vRNA	173	199	0	0	1	1	0	51
NS_vRNA	189	616	0	0	1	6	0	121
NS_vRNA	190	716	0	0	1	2	0	73
NS_vRNA	197	237	0	0	1	3	0	110
NS_vRNA	231	613	0	0	1	1	0	97
NS_vRNA	237	442	0	0	1	1	0	106
NS_vRNA	242	530	0	0	1	1	0	19
NS_vRNA	243	513	0	0	1	2	0	19
NS_vRNA	243	718	0	0	1	2	0	141
NS_vRNA	247	631	0	0	1	2	0	118
NS_vRNA	254	338	0	0	1	2	0	5
NS_vRNA	259	443	0	0	1	2	0	117
NS_vRNA	276	582	0	0	1	1	0	22
NS_vRNA	277	438	0	0	1	1	0	74
NS_vRNA	280	441	0	0	1	1	0	60
NS_vRNA	294	319	0	0	1	1	0	6
NS_vRNA	308	644	0	0	1	2	0	43
NS_vRNA	309	418	0	0	1	2	0	74
NS_vRNA	310	512	0	0	1	6	0	85
NS_vRNA	319	608	0	0	1	1	0	135
NS_vRNA	324	482	0	0	1	1	0	114
NS_vRNA	347	848	0	0	1	1	0	22
NS_vRNA	348	573	0	0	1	1	0	97
NS_vRNA	348	815	0	0	1	1	0	20
NS_vRNA	350	404	0	0	1	1	0	120
NS_vRNA	352	408	0	0	1	5	0	58
NS_vRNA	357	647	0	0	1	1	0	134
NS_vRNA	367	531	0	0	1	1	0	3
NS_vRNA	373	444	0	0	1	1	0	47
NS_vRNA	398	436	0	0	1	1	0	45
NS_vRNA	398	536	0	0	1	1	0	94
NS_vRNA	436	504	0	0	1	1	0	28
NS_vRNA	452	458	0	0	1	1	0	22
NS_vRNA	473	588	0	0	1	1	0	122
NS_vRNA	478	546	0	0	1	1	0	68
NS_vRNA	479	521	0	0	1	1	0	7
NS_vRNA	482	575	0	0	1	2	0	123
NS_vRNA	504	556	0	0	1	1	0	5
NS_vRNA	505	530	0	0	1	1	0	51
NS_vRNA	542	622	0	0	1	1	0	110
NS_vRNA	557	625	0	0	1	1	0	117
NS_vRNA	558	630	0	0	1	5	0	133
NS_vRNA	573	848	0	0	1	1	0	21
NS_vRNA	581	643	0	0	1	2	0	87
NS_vRNA	612	647	1	1	1	1	0	127
NS_vRNA	654	679	0	0	1	2	0	25
NS_vRNA	680	709	0	0	1	1	0	41
NS_vRNA	700	730	0	0	1	8	0	76
NS_vRNA	703	733	0	0	1	2	0	120
NS_vRNA	706	729	0	0	1	1	0	21
NS_vRNA	761	803	0	0	1	1	0	56
PA_vRNA	54	145	0	0	1	1	1	8
PA_vRNA	54	1926	0	0	1	1	0	36
PA_vRNA	57	328	0	0	1	2	0	6
PA_vRNA	61	883	0	0	1	1	0	33
PA_vRNA	61	2000	0	0	1	3	0	43
PA_vRNA	62	1006	0	0	1	0	2	3
PA_vRNA	66	1965	0	0	1	3	0	53
PA_vRNA	67	888	0	0	1	1	0	25
PA_vRNA	69	142	0	0	1	2	0	27
PA_vRNA	73	602	2	6	1	20	1	4
PA_vRNA	76	1958	0	0	1	1	0	44
PA_vRNA	78	252	0	0	1	1	1	8
PA_vRNA	78	1782	0	0	1	1	0	46
PA_vRNA	84	237	0	0	1	0	1	3
PA_vRNA	93	207	0	0	1	1	0	45
PA_vRNA	95	176	0	0	1	2	4	6
PA_vRNA	98	164	0	0	1	11	7	61
PA_vRNA	102	216	0	0	1	1	0	18
PA_vRNA	106	126	0	0	1	7	1	83
PA_vRNA	107	2066	0	0	1	15	0	61
PA_vRNA	109	176	0	0	1	3	0	72
PA_vRNA	111	169	0	0	1	4	0	7
PA_vRNA	113	2057	0	0	1	5	0	50
PA_vRNA	114	175	0	0	1	0	4	4
PA_vRNA	115	175	0	0	1	17	1	99
PA_vRNA	115	181	0	0	1	2	0	3
PA_vRNA	117	1920	0	0	1	0	2	5
PA_vRNA	118	2021	0	0	1	5	0	84
PA_vRNA	120	340	0	0	1	1	0	12
PA_vRNA	140	1656	0	0	1	2	0	79
PA_vRNA	143	1336	0	0	1	2	0	23
PA_vRNA	144	1014	0	0	1	2	0	30
PA_vRNA	146	464	0	0	1	2	0	73
PA_vRNA	147	646	0	0	1	1	0	119
PA_vRNA	150	1041	0	0	1	1	0	37
PA_vRNA	150	1995	0	0	1	2	0	117
PA_vRNA	151	1023	0	0	1	1	0	90
PA_vRNA	157	1664	0	0	1	1	0	90
PA_vRNA	161	192	0	0	1	2	0	110
PA_vRNA	162	176	0	0	1	1	1	28
PA_vRNA	162	2040	0	0	1	0	1	8
PA_vRNA	163	1856	0	0	1	2	0	86
PA_vRNA	165	525	0	0	1	1	0	145
PA_vRNA	167	192	0	0	1	2	0	106
PA_vRNA	167	205	0	0	1	0	1	7
PA_vRNA	172	2128	0	0	1	2	0	106
PA_vRNA	173	2073	0	0	1	1	0	114
PA_vRNA	175	2113	0	0	1	55	0	121
PA_vRNA	178	2120	0	0	1	2	0	67
PA_vRNA	180	2024	0	0	1	1	0	117
PA_vRNA	181	2006	0	0	1	8	0	129
PA_vRNA	186	1950	0	0	1	1	2	29
PA_vRNA	192	513	0	0	1	2	0	58
PA_vRNA	194	1999	0	0	1	2	0	122
PA_vRNA	195	1953	0	0	1	5	0	61
PA_vRNA	195	2138	0	0	1	9	0	91
PA_vRNA	195	2145	0	0	1	1	0	52
PA_vRNA	196	1936	0	0	1	14	0	147
PA_vRNA	197	1984	0	0	1	278	0	146
PA_vRNA	207	2103	0	0	1	11	0	117
PA_vRNA	208	520	0	0	1	1	0	8
PA_vRNA	209	257	0	0	1	1	0	5
PA_vRNA	209	2055	0	0	1	1	0	5
PA_vRNA	210	2001	0	0	1	15	0	131
PA_vRNA	210	2053	0	0	1	3	0	108
PA_vRNA	213	256	0	0	1	1	0	85
PA_vRNA	213	2023	0	0	1	17	0	150
PA_vRNA	214	2105	0	0	1	0	1	3
PA_vRNA	215	1207	0	0	1	1	0	68
PA_vRNA	222	692	0	0	1	1	0	45
PA_vRNA	222	2110	0	0	1	1	0	6
PA_vRNA	222	2111	0	0	1	2	0	112
PA_vRNA	223	2089	0	0	1	3	0	53
PA_vRNA	224	1985	0	0	1	1	0	48
PA_vRNA	224	2139	0	0	1	3	0	95
PA_vRNA	225	695	0	0	1	617	3	77
PA_vRNA	225	1986	0	0	1	7	0	131
PA_vRNA	225	2054	0	0	1	1	0	4
PA_vRNA	225	2096	0	0	1	1	0	5
PA_vRNA	225	2113	0	0	1	236	1	121
PA_vRNA	225	2117	0	0	1	1	0	108
PA_vRNA	225	2133	0	0	1	9	0	94
PA_vRNA	226	1999	0	0	1	1	0	5
PA_vRNA	229	2020	0	0	1	2	0	95
PA_vRNA	230	2062	0	0	1	54	0	137
PA_vRNA	230	2082	0	0	1	2	0	94
PA_vRNA	233	2105	0	0	1	2	0	6
PA_vRNA	234	2034	0	0	1	242	0	149
PA_vRNA	234	2082	0	0	1	59	0	147
PA_vRNA	235	1914	0	0	1	3	0	96
PA_vRNA	235	2087	0	0	1	1	11	95
PA_vRNA	236	2032	0	0	1	6	0	92
PA_vRNA	236	2050	0	0	1	1	0	72
PA_vRNA	236	2079	0	0	1	4	0	1
PA_vRNA	236	2088	0	0	1	3	0	61
PA_vRNA	236	2090	0	0	1	6	0	127
PA_vRNA	237	1992	0	0	1	1	0	1
PA_vRNA	237	2068	0	0	1	2	0	111
PA_vRNA	237	2090	0	0	1	12	0	63
PA_vRNA	237	2107	0	0	1	1	0	1
PA_vRNA	238	1998	0	0	1	2	42	9
PA_vRNA	238	2016	0	0	1	51	0	127
PA_vRNA	238	2050	0	0	1	2	0	39
PA_vRNA	238	2060	0	0	1	7	0	81
PA_vRNA	238	2090	0	0	1	12710	62	145
PA_vRNA	239	1969	0	0	1	1	0	3
PA_vRNA	239	1972	0	0	1	18	0	128
PA_vRNA	239	1996	0	0	1	1	0	1
PA_vRNA	240	2092	0	0	1	4	0	57
PA_vRNA	241	2065	0	0	1	2	0	29
PA_vRNA	241	2101	2	4	1	4	0	3
PA_vRNA	242	779	0	0	1	1	0	81
PA_vRNA	242	1987	0	0	1	10	0	141
PA_vRNA	242	2094	0	0	1	0	2	79
PA_vRNA	243	324	0	0	1	2	0	89
PA_vRNA	243	1789	0	0	1	2	1	149
PA_vRNA	243	1998	0	0	1	5593	5	149
PA_vRNA	243	2000	0	0	1	4	0	83
PA_vRNA	243	2067	0	0	1	611	0	147
PA_vRNA	244	1999	0	0	1	8	0	89
PA_vRNA	244	2000	0	0	1	4	0	88
PA_vRNA	245	1788	0	0	1	1	0	67
PA_vRNA	245	2069	0	0	1	1	0	97
PA_vRNA	245	2096	0	0	1	85	0	133
PA_vRNA	246	2063	0	0	1	130	0	139
PA_vRNA	247	1983	0	0	1	1	0	54
PA_vRNA	248	1791	0	0	1	809	0	149
PA_vRNA	248	2036	0	0	1	1	0	80
PA_vRNA	250	1793	2	6	1	2	0	130
PA_vRNA	250	2062	0	0	1	2	0	1
PA_vRNA	252	1995	0	0	1	2	0	1
PA_vRNA	252	2005	0	0	1	2	0	2
PA_vRNA	252	2025	0	0	1	0	1	2
PA_vRNA	252	2091	0	0	1	6	1	1
PA_vRNA	252	2143	0	0	1	14	0	90
PA_vRNA	253	1988	0	0	1	6	0	5
PA_vRNA	253	1999	0	0	1	5	0	5
PA_vRNA	253	2034	0	0	1	9	0	2
PA_vRNA	253	2060	0	0	1	5	0	127
PA_vRNA	253	2061	0	0	1	14	5	134
PA_vRNA	253	2073	0	0	1	2	0	3
PA_vRNA	254	1989	0	0	1	6	0	88
PA_vRNA	254	2061	0	0	1	4564	5	150
PA_vRNA	255	2062	0	0	1	6	0	102
PA_vRNA	256	2061	0	0	1	4	0	3
PA_vRNA	257	2015	0	0	1	188	0	146
PA_vRNA	257	2032	0	0	1	2	0	1
PA_vRNA	257	2068	0	0	1	2	0	5
PA_vRNA	258	1940	0	0	1	510	0	149
PA_vRNA	258	1942	0	0	1	1	0	69
PA_vRNA	258	2050	0	0	1	29	0	137
PA_vRNA	259	2053	0	0	1	1	0	52
PA_vRNA	259	2087	0	0	1	1	0	3
PA_vRNA	261	301	0	0	1	2	0	7
PA_vRNA	262	2001	0	0	1	1	0	1
PA_vRNA	262	2030	0	0	1	12	0	120
PA_vRNA	262	2063	0	0	1	2	0	2
PA_vRNA	263	2038	0	0	1	3	0	1
PA_vRNA	263	2097	0	0	1	1	0	9
PA_vRNA	264	2023	0	0	1	677	0	149
PA_vRNA	264	2026	0	0	1	2	0	2
PA_vRNA	264	2033	0	0	1	1	0	1
PA_vRNA	265	2034	0	0	1	12	1	110
PA_vRNA	266	291	0	0	1	2	1	5
PA_vRNA	266	1996	0	0	1	1	0	1
PA_vRNA	266	2029	0	0	1	2	0	3
PA_vRNA	266	2049	0	0	1	1	0	3
PA_vRNA	266	2052	0	0	1	1	0	76
PA_vRNA	267	314	0	0	1	2	0	105
PA_vRNA	267	1879	0	0	1	1	0	2
PA_vRNA	267	2051	0	0	1	45	0	144
PA_vRNA	268	1976	0	0	1	0	16	7
PA_vRNA	268	2037	0	0	1	5	0	102
PA_vRNA	268	2052	0	0	1	544	17	37
PA_vRNA	269	2002	0	0	1	2	0	1
PA_vRNA	269	2026	0	0	1	1	0	7
PA_vRNA	269	2052	0	0	1	2	0	1
PA_vRNA	270	2064	0	0	1	1	0	5
PA_vRNA	271	2037	0	0	1	1	0	3
PA_vRNA	271	2088	0	0	1	1	0	6
PA_vRNA	273	2041	0	0	1	234	2	6
PA_vRNA	274	1423	0	0	1	1	0	130
PA_vRNA	274	2045	0	0	1	53	0	6
PA_vRNA	277	1930	0	0	1	5	0	85
PA_vRNA	277	1996	0	0	1	1	0	2
PA_vRNA	277	2021	0	0	1	46	0	138
PA_vRNA	277	2048	0	0	1	2	0	99
PA_vRNA	277	2089	0	0	1	6	0	145
PA_vRNA	279	310	0	0	1	1	0	4
PA_vRNA	279	1995	0	0	1	2	0	1
PA_vRNA	279	2089	0	0	1	1	0	7
PA_vRNA	280	2019	0	0	1	1	0	41
PA_vRNA	281	2045	0	0	1	1	0	1
PA_vRNA	282	1987	0	0	1	3	0	56
PA_vRNA	282	2099	0	0	1	11	0	127
PA_vRNA	283	1980	0	0	1	2	0	9
PA_vRNA	283	2050	0	0	1	83	0	134
PA_vRNA	283	2088	0	0	1	10	0	137
PA_vRNA	284	2024	0	0	1	22	0	145
PA_vRNA	284	2027	0	0	1	2	0	79
PA_vRNA	285	1976	0	0	1	16	0	143
PA_vRNA	285	2027	0	0	1	1953	3	149
PA_vRNA	285	2028	0	0	1	1	1	61
PA_vRNA	286	386	0	0	1	3	0	120
PA_vRNA	286	1952	0	0	1	245	0	149
PA_vRNA	286	1961	0	0	1	2	0	128
PA_vRNA	286	2031	0	0	1	1	0	14
PA_vRNA	286	2051	0	0	1	11	0	141
PA_vRNA	287	1953	0	0	1	3	0	43
PA_vRNA	287	2021	0	0	1	1	0	78
PA_vRNA	288	1963	0	0	1	325	0	148
PA_vRNA	289	355	0	0	1	4	6	7
PA_vRNA	289	1089	0	0	1	0	1	3
PA_vRNA	289	2028	0	0	1	26	7	9
PA_vRNA	289	2049	0	0	1	2	3	93
PA_vRNA	290	353	0	0	1	1	0	90
PA_vRNA	290	2047	0	0	1	2	0	54
PA_vRNA	290	2048	0	0	1	8	0	94
PA_vRNA	291	355	0	0	1	1	4	114
PA_vRNA	291	2050	0	0	1	2	0	61
PA_vRNA	292	355	0	0	1	985	6	126
PA_vRNA	292	2025	0	0	1	1	0	100
PA_vRNA	292	2026	0	0	1	1	0	2
PA_vRNA	292	2049	0	0	1	2643	3	150
PA_vRNA	292	2063	0	0	1	7	0	108
PA_vRNA	293	356	0	0	1	3	0	54
PA_vRNA	293	1998	0	0	1	2	0	105
PA_vRNA	293	2050	0	0	1	1	0	90
PA_vRNA	293	2053	0	0	1	2	0	4
PA_vRNA	294	357	0	0	1	2	1	94
PA_vRNA	294	1929	0	0	1	1	0	102
PA_vRNA	294	1982	0	0	1	25	1	139
PA_vRNA	294	1997	0	0	1	1275	0	149
PA_vRNA	294	2048	0	0	1	46	0	121
PA_vRNA	294	2073	0	0	1	11	1	135
PA_vRNA	295	2051	0	0	1	4	0	115
PA_vRNA	296	2055	0	0	1	0	3	7
PA_vRNA	296	2063	0	0	1	1	0	4
PA_vRNA	297	333	0	0	1	5	2	83
PA_vRNA	297	1983	0	0	1	2	0	3
PA_vRNA	297	2031	0	0	1	2	0	1
PA_vRNA	297	2051	0	0	1	6	0	2
PA_vRNA	298	1946	0	0	1	0	2	3
PA_vRNA	298	2037	0	0	1	792	1	149
PA_vRNA	298	2104	0	0	1	29	0	123
PA_vRNA	299	1963	0	0	1	1	2	40
PA_vRNA	299	1985	0	0	1	629	0	149
PA_vRNA	299	2038	0	0	1	1	0	122
PA_vRNA	302	426	0	0	1	1	0	17
PA_vRNA	302	2003	0	0	1	2	0	6
PA_vRNA	303	2043	0	0	1	330	0	145
PA_vRNA	304	1986	0	0	1	5	0	1
PA_vRNA	304	2016	0	0	1	2	0	62
PA_vRNA	304	2064	0	0	1	1	0	3
PA_vRNA	305	429	2	2	1	24	12	47
PA_vRNA	305	1973	0	0	1	0	1	3
PA_vRNA	305	1976	0	0	1	0	1	3
PA_vRNA	305	2033	2	2	1	0	1	3
PA_vRNA	305	2115	0	0	1	2	0	1
PA_vRNA	305	2119	0	0	1	895	1	119
PA_vRNA	307	1993	0	0	1	10	2	40
PA_vRNA	307	1996	0	0	1	5	0	119
PA_vRNA	307	2063	0	0	1	29	0	148
PA_vRNA	308	1993	0	0	1	6341	20	150
PA_vRNA	309	433	0	0	1	1958	8	45
PA_vRNA	309	1995	0	0	1	5	3	68
PA_vRNA	309	1996	0	0	1	14	0	145
PA_vRNA	309	2011	0	0	1	1	0	58
PA_vRNA	309	2026	0	0	1	1	0	6
PA_vRNA	310	323	0	0	1	5	0	41
PA_vRNA	310	505	0	0	1	1	0	6
PA_vRNA	310	1995	0	0	1	3	0	38
PA_vRNA	312	1394	0	0	1	1	0	116
PA_vRNA	312	2028	0	0	1	2	7	8
PA_vRNA	313	1962	0	0	1	7	0	121
PA_vRNA	313	1998	0	0	1	0	1	46
PA_vRNA	313	2127	0	0	1	44	0	107
PA_vRNA	314	1947	0	0	1	1	0	4
PA_vRNA	315	2129	0	0	1	1	0	39
PA_vRNA	316	328	0	0	1	5	0	77
PA_vRNA	316	2081	0	0	1	1	0	99
PA_vRNA	318	1991	0	0	1	7	0	1
PA_vRNA	319	1996	0	0	1	2	0	2
PA_vRNA	319	2026	2	2	1	1	0	2
PA_vRNA	319	2027	0	0	1	2	0	129
PA_vRNA	319	2033	2	2	1	1	0	78
PA_vRNA	319	2123	0	0	1	67	0	106
PA_vRNA	321	329	0	0	1	3	0	20
PA_vRNA	321	1996	0	0	1	1	0	142
PA_vRNA	321	1998	0	0	1	0	1	3
PA_vRNA	321	2027	0	0	1	119	0	145
PA_vRNA	322	396	0	0	1	2	0	66
PA_vRNA	322	2030	0	0	1	32	0	144
PA_vRNA	325	332	0	0	1	104	0	85
PA_vRNA	326	515	0	0	1	1	1	8
PA_vRNA	328	2008	0	0	1	1	0	26
PA_vRNA	329	648	0	0	1	8	0	129
PA_vRNA	329	2010	0	0	1	2	1	77
PA_vRNA	329	2011	0	0	1	1	0	24
PA_vRNA	329	2096	0	0	1	2	0	113
PA_vRNA	330	2018	0	0	1	0	1	75
PA_vRNA	330	2021	0	0	1	2	1	121
PA_vRNA	331	373	0	0	1	1	0	4
PA_vRNA	331	2011	0	0	1	1190	2	147
PA_vRNA	332	2012	0	0	1	1	0	57
PA_vRNA	332	2084	0	0	1	19	0	143
PA_vRNA	334	1893	0	0	1	1	0	30
PA_vRNA	334	1906	0	0	1	1	0	127
PA_vRNA	335	1784	0	0	1	0	3	5
PA_vRNA	335	1840	0	0	1	176	1	147
PA_vRNA	335	1904	0	0	1	90	3	145
PA_vRNA	335	1960	0	0	1	3	0	111
PA_vRNA	335	2021	0	0	1	1	0	10
PA_vRNA	336	1766	0	0	1	5	1	110
PA_vRNA	336	1891	0	0	1	1	1	3
PA_vRNA	336	1894	0	0	1	134	1	142
PA_vRNA	336	1920	0	0	1	0	1	3
PA_vRNA	336	2056	0	0	1	0	1	3
PA_vRNA	340	1923	0	0	1	1	0	4
PA_vRNA	347	1964	0	0	1	11	0	141
PA_vRNA	347	1965	0	0	1	5	0	143
PA_vRNA	349	1934	0	0	1	6	0	107
PA_vRNA	350	1823	0	0	1	0	1	3
PA_vRNA	351	1986	0	0	1	33	0	140
PA_vRNA	352	377	1	3	1	0	1	3
PA_vRNA	353	2027	0	0	1	1	0	1
PA_vRNA	354	2027	0	0	1	4	1	2
PA_vRNA	355	1948	0	0	1	7	0	146
PA_vRNA	355	2026	1	5	1	1	0	1
PA_vRNA	356	1860	0	0	1	4	1	60
PA_vRNA	356	2015	0	0	1	1	0	4
PA_vRNA	357	2018	0	0	1	2	0	3
PA_vRNA	358	2011	0	0	1	1	0	1
PA_vRNA	360	1093	0	0	1	4	0	49
PA_vRNA	360	1989	0	0	1	4	0	83
PA_vRNA	360	2023	0	0	1	1	0	68
PA_vRNA	361	1916	0	0	1	1	0	5
PA_vRNA	361	1926	2	4	1	7	0	140
PA_vRNA	361	2024	0	0	1	2622	3	149
PA_vRNA	362	1927	0	0	1	1	0	5
PA_vRNA	363	1963	0	0	1	83	2	148
PA_vRNA	363	1969	0	0	1	18	0	125
PA_vRNA	364	1826	0	0	1	1	0	5
PA_vRNA	367	1901	0	0	1	3	0	123
PA_vRNA	368	1978	2	6	1	1	0	7
PA_vRNA	370	1937	0	0	1	1	0	3
PA_vRNA	370	2074	0	0	1	1	0	15
PA_vRNA	371	1879	0	0	1	8	0	129
PA_vRNA	371	1980	0	0	1	1	0	6
PA_vRNA	371	2073	0	0	1	1	0	149
PA_vRNA	373	1979	0	0	1	3	0	104
PA_vRNA	376	1984	0	0	1	1	0	9
PA_vRNA	376	2032	0	0	1	1	0	43
PA_vRNA	377	1863	0	0	1	3	0	119
PA_vRNA	377	1879	0	0	1	0	1	3
PA_vRNA	377	1881	0	0	1	0	1	3
PA_vRNA	377	2010	0	0	1	1	0	136
PA_vRNA	378	414	0	0	1	1	0	3
PA_vRNA	378	2011	0	0	1	1	0	82
PA_vRNA	380	1942	2	2	1	8	0	140
PA_vRNA	380	1953	0	0	1	1	0	64
PA_vRNA	387	1818	2	6	1	2	0	60
PA_vRNA	387	1958	0	0	1	190	0	150
PA_vRNA	387	2027	0	0	1	16	0	139
PA_vRNA	388	1147	0	0	1	1	0	98
PA_vRNA	389	1904	0	0	1	1	0	71
PA_vRNA	390	719	0	0	1	2	1	12
PA_vRNA	390	1330	0	0	1	1	0	131
PA_vRNA	390	1841	0	0	1	2	0	101
PA_vRNA	390	1938	0	0	1	0	1	4
PA_vRNA	391	1941	0	0	1	11	0	126
PA_vRNA	391	1955	0	0	1	6	0	132
PA_vRNA	392	1952	0	0	1	5	0	123
PA_vRNA	392	1965	0	0	1	13	0	124
PA_vRNA	394	1149	0	0	1	1	0	7
PA_vRNA	394	1827	0	0	1	1	8	12
PA_vRNA	395	1946	0	0	1	9	0	111
PA_vRNA	396	1833	0	0	1	1	0	5
PA_vRNA	398	1894	0	0	1	1	0	22
PA_vRNA	399	1713	0	0	1	2	0	6
PA_vRNA	399	2044	0	0	1	1	0	45
PA_vRNA	401	1789	0	0	1	1	0	69
PA_vRNA	402	477	0	0	1	0	1	6
PA_vRNA	402	2137	0	0	1	2	0	72
PA_vRNA	403	2139	0	0	1	2	0	75
PA_vRNA	404	1844	0	0	1	1	0	27
PA_vRNA	405	1842	0	0	1	1	0	25
PA_vRNA	408	1857	0	0	1	3	0	77
PA_vRNA	408	1869	0	0	1	2	0	56
PA_vRNA	408	1929	0	0	1	1	0	3
PA_vRNA	409	1902	0	0	1	1	0	40
PA_vRNA	409	1956	0	0	1	2	0	80
PA_vRNA	410	1776	0	0	1	3	0	95
PA_vRNA	411	1651	0	0	1	8	0	105
PA_vRNA	411	1840	0	0	1	0	2	4
PA_vRNA	411	1954	0	0	1	15	1	81
PA_vRNA	415	1979	0	0	1	72	0	144
PA_vRNA	416	1888	0	0	1	6	0	137
PA_vRNA	417	460	0	0	1	2	0	5
PA_vRNA	417	1840	0	0	1	0	1	19
PA_vRNA	420	923	0	0	1	2	0	9
PA_vRNA	420	1769	0	0	1	1	0	77
PA_vRNA	423	1824	0	0	1	10	8	131
PA_vRNA	424	1806	0	0	1	1	0	6
PA_vRNA	424	1885	0	0	1	1	0	85
PA_vRNA	425	1609	0	0	1	1	0	71
PA_vRNA	425	1822	0	0	1	10	0	132
PA_vRNA	425	1825	0	0	1	13	2	44
PA_vRNA	425	1861	0	0	1	1	0	30
PA_vRNA	425	1879	0	0	1	0	2	9
PA_vRNA	426	479	0	0	1	0	1	4
PA_vRNA	426	1824	0	0	1	13	0	128
PA_vRNA	426	1862	0	0	1	0	1	21
PA_vRNA	427	1825	0	0	1	8	0	29
PA_vRNA	427	1845	0	0	1	2	1	1
PA_vRNA	427	1864	0	0	1	1	0	5
PA_vRNA	427	2046	0	0	1	1	0	4
PA_vRNA	428	1161	0	0	1	1	0	41
PA_vRNA	428	1825	0	0	1	22313	46	150
PA_vRNA	428	1826	0	0	1	23	8	2
PA_vRNA	428	1827	0	0	1	9	0	115
PA_vRNA	428	1921	0	0	1	3	1	5
PA_vRNA	428	1953	0	0	1	3	2	7
PA_vRNA	428	1962	0	0	1	1	0	3
PA_vRNA	429	1826	0	0	1	15	0	130
PA_vRNA	431	1991	2	4	1	8	0	1
PA_vRNA	432	1848	0	0	1	1	0	5
PA_vRNA	433	1839	0	0	1	1	0	136
PA_vRNA	433	1869	0	0	1	69	1	145
PA_vRNA	434	504	0	0	1	1	0	120
PA_vRNA	434	1838	0	0	1	8	3	7
PA_vRNA	434	1840	0	0	1	23	0	125
PA_vRNA	434	1914	0	0	1	13	0	94
PA_vRNA	435	1903	0	0	1	172	1	134
PA_vRNA	435	1962	0	0	1	70	0	143
PA_vRNA	437	1789	0	0	1	27	0	131
PA_vRNA	438	511	0	0	1	0	1	4
PA_vRNA	438	1976	0	0	1	1	0	68
PA_vRNA	439	1978	2	6	1	4	0	111
PA_vRNA	441	1819	0	0	1	0	1	4
PA_vRNA	442	1940	0	0	1	1	0	6
PA_vRNA	443	1941	0	0	1	69	1	148
PA_vRNA	446	1894	0	0	1	1	0	27
PA_vRNA	446	1927	0	0	1	7	0	122
PA_vRNA	447	484	0	0	1	1	0	106
PA_vRNA	447	1840	0	0	1	2	1	75
PA_vRNA	447	1883	0	0	1	0	1	5
PA_vRNA	447	1932	0	0	1	0	1	4
PA_vRNA	449	1876	0	0	1	1	0	82
PA_vRNA	451	1823	0	0	1	2	0	97
PA_vRNA	451	1875	0	0	1	1	1	111
PA_vRNA	451	1876	0	0	1	4	0	1
PA_vRNA	451	1878	0	0	1	3	0	119
PA_vRNA	451	1884	0	0	1	4	1	98
PA_vRNA	453	1877	0	0	1	1900	1	149
PA_vRNA	453	1906	0	0	1	1	0	1
PA_vRNA	453	2055	0	0	1	80	0	144
PA_vRNA	454	1872	0	0	1	0	1	4
PA_vRNA	454	1899	0	0	1	128	0	137
PA_vRNA	454	1915	0	0	1	0	1	4
PA_vRNA	454	2105	0	0	1	0	1	3
PA_vRNA	455	1999	0	0	1	4	0	103
PA_vRNA	456	1328	0	0	1	9	0	95
PA_vRNA	460	1391	0	0	1	1	0	117
PA_vRNA	461	1932	0	0	1	107	0	145
PA_vRNA	463	1946	0	0	1	23	0	141
PA_vRNA	468	1656	0	0	1	1	0	113
PA_vRNA	470	1503	0	0	1	1	0	53
PA_vRNA	471	1775	0	0	1	16	0	134
PA_vRNA	471	1883	0	0	1	7	0	103
PA_vRNA	472	1781	0	0	1	2	0	57
PA_vRNA	472	1868	0	0	1	1	0	1
PA_vRNA	473	1884	0	0	1	6	0	39
PA_vRNA	474	1871	0	0	1	5	0	55
PA_vRNA	474	1925	0	0	1	0	1	1
PA_vRNA	475	1830	0	0	1	1	0	4
PA_vRNA	476	1856	0	0	1	1	0	71
PA_vRNA	477	1868	0	0	1	1	0	8
PA_vRNA	477	1888	0	0	1	1838	4	55
PA_vRNA	478	1397	0	0	1	1	0	45
PA_vRNA	478	1889	0	0	1	1	0	44
PA_vRNA	479	1917	0	0	1	1	0	81
PA_vRNA	480	1310	0	0	1	1	0	73
PA_vRNA	480	1918	0	0	1	877	4	127
PA_vRNA	480	1928	0	0	1	1	0	2
PA_vRNA	481	1873	0	0	1	1	0	69
PA_vRNA	481	1963	0	0	1	2	0	64
PA_vRNA	482	1108	0	0	1	1	0	65
PA_vRNA	482	1941	0	0	1	1	0	2
PA_vRNA	485	1851	0	0	1	1	0	3
PA_vRNA	486	1669	0	0	1	6	0	106
PA_vRNA	490	1749	0	0	1	1	0	53
PA_vRNA	491	2016	0	0	1	1	3	67
PA_vRNA	492	1865	0	0	1	1	0	95
PA_vRNA	492	1938	0	0	1	4	0	9
PA_vRNA	492	2028	0	0	1	1	0	3
PA_vRNA	494	1827	0	0	1	7	0	96
PA_vRNA	494	1940	0	0	1	5	0	127
PA_vRNA	495	511	0	0	1	0	1	4
PA_vRNA	495	1548	0	0	1	1	0	72
PA_vRNA	495	1825	0	0	1	1	0	8
PA_vRNA	495	2016	0	0	1	1	0	64
PA_vRNA	496	1812	0	0	1	4	0	130
PA_vRNA	496	1875	0	0	1	2	0	111
PA_vRNA	496	1918	0	0	1	2	0	61
PA_vRNA	496	2016	0	0	1	0	1	3
PA_vRNA	497	2016	0	0	1	459	4	149
PA_vRNA	498	1881	0	0	1	5	0	118
PA_vRNA	499	2017	0	0	1	0	1	4
PA_vRNA	500	1860	0	0	1	1	0	74
PA_vRNA	500	2032	0	0	1	6	0	94
PA_vRNA	503	1682	0	0	1	22	0	146
PA_vRNA	507	526	0	0	1	12	0	139
PA_vRNA	509	1819	0	0	1	0	1	4
PA_vRNA	509	1825	0	0	1	0	1	4
PA_vRNA	512	1844	0	0	1	53	1	145
PA_vRNA	512	1868	0	0	1	1	0	6
PA_vRNA	513	1959	2	4	1	1	0	130
PA_vRNA	519	589	0	0	1	1	0	5
PA_vRNA	521	1516	0	0	1	1	0	148
PA_vRNA	524	616	0	0	1	6	0	49
PA_vRNA	524	1725	0	0	1	7	0	105
PA_vRNA	524	1863	0	0	1	1	0	5
PA_vRNA	525	1806	0	0	1	1	0	21
PA_vRNA	526	1758	0	0	1	1	0	81
PA_vRNA	527	1639	0	0	1	5	0	80
PA_vRNA	527	1810	0	0	1	4	0	110
PA_vRNA	528	1771	0	0	1	2	0	75
PA_vRNA	528	1827	0	0	1	18	1	148
PA_vRNA	528	1840	0	0	1	11	0	131
PA_vRNA	530	1771	0	0	1	1	0	4
PA_vRNA	534	1519	2	4	1	1	0	70
PA_vRNA	537	1820	0	0	1	1	0	125
PA_vRNA	537	1940	0	0	1	65	0	149
PA_vRNA	538	1950	0	0	1	4	0	99
PA_vRNA	539	642	0	0	1	1	0	59
PA_vRNA	539	1718	0	0	1	4	0	68
PA_vRNA	539	1822	0	0	1	260	0	145
PA_vRNA	539	1859	0	0	1	1	0	82
PA_vRNA	540	1848	0	0	1	7	0	109
PA_vRNA	544	1822	0	0	1	1	0	120
PA_vRNA	544	1879	0	0	1	1	0	63
PA_vRNA	545	1350	0	0	1	1	0	147
PA_vRNA	545	1760	0	0	1	30	0	147
PA_vRNA	545	1770	0	0	1	8	0	118
PA_vRNA	559	2136	0	0	1	33	0	98
PA_vRNA	562	1952	0	0	1	6	0	126
PA_vRNA	563	1783	0	0	1	2	0	116
PA_vRNA	566	1544	0	0	1	1	0	40
PA_vRNA	567	1663	0	0	1	18	0	145
PA_vRNA	567	1725	0	0	1	1	0	103
PA_vRNA	567	1777	0	0	1	4	0	103
PA_vRNA	569	1151	0	0	1	2	0	129
PA_vRNA	569	1711	0	0	1	1	0	108
PA_vRNA	569	1771	0	0	1	4	0	129
PA_vRNA	575	641	0	0	1	1	0	6
PA_vRNA	576	972	0	0	1	1	0	104
PA_vRNA	576	1158	0	0	1	2	0	23
PA_vRNA	576	1840	0	0	1	1	0	93
PA_vRNA	576	1925	0	0	1	1	0	17
PA_vRNA	581	597	0	0	1	1	0	27
PA_vRNA	582	1160	0	0	1	2	0	32
PA_vRNA	582	1677	0	0	1	1	0	17
PA_vRNA	583	1012	0	0	1	0	2	9
PA_vRNA	588	1384	0	0	1	1	0	4
PA_vRNA	589	1759	0	0	1	1	0	1
PA_vRNA	590	1787	0	0	1	2	0	50
PA_vRNA	591	1755	0	0	1	1	0	29
PA_vRNA	591	1756	0	0	1	3	0	34
PA_vRNA	591	1788	0	0	1	593	1	54
PA_vRNA	592	1757	0	0	1	3	0	21
PA_vRNA	592	1921	0	0	1	1	0	5
PA_vRNA	593	1757	0	0	1	1538	8	147
PA_vRNA	594	1883	0	0	1	1	0	29
PA_vRNA	596	1191	0	0	1	1	0	68
PA_vRNA	600	1157	0	0	1	1	0	6
PA_vRNA	601	1762	0	0	1	3	0	78
PA_vRNA	603	1813	0	0	1	16	0	129
PA_vRNA	605	1668	0	0	1	2	0	121
PA_vRNA	608	1742	0	0	1	1	0	23
PA_vRNA	612	1097	0	0	1	2	0	99
PA_vRNA	613	1667	0	0	1	1	0	13
PA_vRNA	613	1823	0	0	1	1	0	26
PA_vRNA	619	1717	0	0	1	1	0	62
PA_vRNA	621	1822	0	0	1	2	0	69
PA_vRNA	625	1741	0	0	1	5	0	104
PA_vRNA	629	1594	0	0	1	5	0	118
PA_vRNA	631	1642	0	0	1	2	0	74
PA_vRNA	635	1701	0	0	1	2	0	99
PA_vRNA	635	1722	0	0	1	2	0	96
PA_vRNA	635	1817	0	0	1	1	0	38
PA_vRNA	637	2182	0	0	1	2	0	42
PA_vRNA	643	1948	0	0	1	1	0	124
PA_vRNA	644	1092	0	0	1	0	1	3
PA_vRNA	644	1869	0	0	1	0	1	3
PA_vRNA	647	680	0	0	1	1	0	28
PA_vRNA	648	2143	0	0	1	1	0	80
PA_vRNA	649	1686	0	0	1	1	0	80
PA_vRNA	651	1704	0	0	1	6	0	124
PA_vRNA	652	1790	0	0	1	137	0	148
PA_vRNA	656	1702	0	0	1	3	0	78
PA_vRNA	657	1125	0	0	1	1	0	86
PA_vRNA	657	1679	0	0	1	2	0	108
PA_vRNA	658	1703	0	0	1	3	0	143
PA_vRNA	661	702	0	0	1	1	0	67
PA_vRNA	664	1721	0	0	1	3	0	129
PA_vRNA	665	1706	0	0	1	1	0	5
PA_vRNA	666	1723	1	1	1	2647	8	150
PA_vRNA	666	1725	1	1	1	2	0	93
PA_vRNA	667	1724	0	0	1	2	0	52
PA_vRNA	691	1717	0	0	1	1	0	111
PA_vRNA	693	1649	0	0	1	1	0	10
PA_vRNA	695	1713	0	0	1	1	0	88
PA_vRNA	696	1668	0	0	1	1	0	39
PA_vRNA	697	1882	0	0	1	2	0	128
PA_vRNA	698	754	0	0	1	1	0	32
PA_vRNA	702	1655	0	0	1	2	0	40
PA_vRNA	703	1703	0	0	1	1	0	50
PA_vRNA	712	1214	0	0	1	1	0	81
PA_vRNA	714	1543	0	0	1	3	0	138
PA_vRNA	720	1741	0	0	1	10	0	107
PA_vRNA	723	1681	0	0	1	1	0	78
PA_vRNA	735	925	0	0	1	1	0	88
PA_vRNA	738	1677	0	0	1	0	1	3
PA_vRNA	744	753	0	0	1	467	2	51
PA_vRNA	747	862	0	0	1	1	0	50
PA_vRNA	753	1195	0	0	1	2	0	117
PA_vRNA	758	1632	0	0	1	17	0	134
PA_vRNA	759	1695	0	0	1	8	0	128
PA_vRNA	761	1497	0	0	1	2	0	64
PA_vRNA	784	1541	0	0	1	9	0	133
PA_vRNA	788	862	0	0	1	1	0	3
PA_vRNA	792	1399	0	0	1	1	0	3
PA_vRNA	792	1599	0	0	1	0	1	3
PA_vRNA	800	903	0	0	1	0	1	4
PA_vRNA	813	857	0	0	1	1	0	107
PA_vRNA	856	1616	0	0	1	3	0	84
PA_vRNA	870	1660	0	0	1	24	0	132
PA_vRNA	888	924	0	0	1	2	0	132
PA_vRNA	890	984	0	0	1	1	0	39
PA_vRNA	904	1541	0	0	1	5	0	86
PA_vRNA	909	1444	0	0	1	1	0	86
PA_vRNA	966	1439	0	0	1	1	0	52
PA_vRNA	1020	1085	0	0	1	1	0	59
PA_vRNA	1046	1599	0	0	1	2	0	37
PA_vRNA	1049	1106	0	0	1	4	0	137
PA_vRNA	1050	1622	0	0	1	1	0	52
PA_vRNA	1064	2174	0	0	1	1	0	53
PA_vRNA	1074	1785	0	0	1	1	0	10
PA_vRNA	1075	1406	0	0	1	1	0	13
PA_vRNA	1091	1747	2	6	1	1	0	7
PA_vRNA	1103	1231	0	0	1	1	0	3
PA_vRNA	1120	1635	0	0	1	1	0	82
PA_vRNA	1123	1973	0	0	1	1	0	7
PA_vRNA	1143	1456	0	0	1	1	0	4
PA_vRNA	1145	1586	0	0	1	1	0	9
PA_vRNA	1160	1656	0	0	1	1	0	116
PA_vRNA	1161	1334	0	0	1	1	0	16
PA_vRNA	1176	1710	0	0	1	22	0	7
PA_vRNA	1186	1746	0	0	1	1	0	85
PA_vRNA	1218	1462	0	0	1	1	0	58
PA_vRNA	1224	2145	0	0	1	4	0	89
PA_vRNA	1232	1584	0	0	1	1	0	5
PA_vRNA	1234	1346	0	0	1	2	0	52
PA_vRNA	1260	1834	0	0	1	1	0	137
PA_vRNA	1265	1397	0	0	1	4	0	94
PA_vRNA	1274	1783	0	0	1	1	0	89
PA_vRNA	1279	1790	0	0	1	1	0	43
PA_vRNA	1316	2137	0	0	1	1	0	51
PA_vRNA	1338	1487	0	0	1	1	0	34
PA_vRNA	1338	1792	0	0	1	1	0	50
PA_vRNA	1362	1912	0	0	1	2	0	77
PA_vRNA	1419	1693	0	0	1	1	0	57
PA_vRNA	1468	1500	0	0	1	2	0	88
PA_vRNA	1481	1621	0	0	1	1	0	88
PA_vRNA	1486	1523	0	0	1	1	0	109
PA_vRNA	1625	1657	0	0	1	5	0	127
PA_vRNA	1806	1956	0	0	1	1	0	65
PA_vRNA	1819	2071	0	0	1	3	0	40
PA_vRNA	1882	1921	0	0	1	1	0	2
PA_vRNA	1891	1988	0	0	1	1	7	3
PA_vRNA	1917	2039	0	0	1	2	1	50
PA_vRNA	1920	2097	0	0	1	6	0	111
PA_vRNA	1937	1946	0	0	1	1	0	26
PA_vRNA	1970	2044	0	0	1	2	0	54
PA_vRNA	1975	2025	0	0	1	1	0	6
PA_vRNA	1976	2050	0	0	1	1	0	130
PA_vRNA	2009	2034	0	0	1	70	1	18
PA_vRNA	2020	2067	0	0	1	1	2	6
PA_vRNA	2085	2111	0	0	1	2	1	4
PA_vRNA	2189	2196	0	0	1	143	8	38
PB1_vRNA	76	1587	0	0	1	13	0	63
PB1_vRNA	98	113	0	0	1	10	0	64
PB1_vRNA	101	2026	0	0	1	1	0	37
PB1_vRNA	105	173	0	0	1	1	0	34
PB1_vRNA	105	797	0	0	1	1	0	70
PB1_vRNA	116	592	0	0	1	1	0	82
PB1_vRNA	123	2052	0	0	1	1	0	78
PB1_vRNA	128	1843	0	0	1	2	0	64
PB1_vRNA	135	2180	0	0	1	2	0	41
PB1_vRNA	137	1112	0	0	1	2	0	103
PB1_vRNA	140	151	0	0	1	3	0	88
PB1_vRNA	145	963	0	0	1	1	0	65
PB1_vRNA	147	177	0	0	1	4	1	83
PB1_vRNA	147	347	0	0	1	3	0	39
PB1_vRNA	149	1112	0	0	1	1	0	105
PB1_vRNA	150	2003	0	0	1	5	0	112
PB1_vRNA	152	177	0	0	1	1	1	44
PB1_vRNA	155	2071	0	0	1	1	0	103
PB1_vRNA	156	1332	0	0	1	1	0	53
PB1_vRNA	174	238	0	0	1	1	0	77
PB1_vRNA	175	1782	0	0	1	1	0	49
PB1_vRNA	175	2243	0	0	1	1	0	28
PB1_vRNA	179	1957	0	0	1	2	0	37
PB1_vRNA	187	234	0	0	1	29	1	65
PB1_vRNA	188	206	0	0	1	4	1	89
PB1_vRNA	190	2209	0	0	1	5	0	65
PB1_vRNA	191	2098	0	0	1	864	0	149
PB1_vRNA	191	2099	0	0	1	4	0	65
PB1_vRNA	195	2244	0	0	1	7	0	93
PB1_vRNA	198	2205	0	0	1	4	1	87
PB1_vRNA	198	2235	0	0	1	3	0	78
PB1_vRNA	199	2229	0	0	1	4	0	96
PB1_vRNA	203	1162	0	0	1	1	0	41
PB1_vRNA	203	2179	0	0	1	8	0	125
PB1_vRNA	205	864	0	0	1	1	0	28
PB1_vRNA	205	1867	0	0	1	2	0	5
PB1_vRNA	207	2196	0	0	1	3	0	104
PB1_vRNA	213	1503	0	0	1	1	0	36
PB1_vRNA	215	1940	0	0	1	40	0	53
PB1_vRNA	215	2194	0	0	1	131	3	80
PB1_vRNA	215	2205	0	0	1	11	3	114
PB1_vRNA	216	2033	0	0	1	1	0	117
PB1_vRNA	217	1017	0	0	1	1	0	4
PB1_vRNA	218	790	0	0	1	1	0	6
PB1_vRNA	218	2218	0	0	1	6	0	124
PB1_vRNA	219	2236	0	0	1	3	0	101
PB1_vRNA	220	2177	0	0	1	16	1	148
PB1_vRNA	220	2184	0	0	1	2	0	49
PB1_vRNA	220	2206	0	0	1	1	0	100
PB1_vRNA	220	2244	0	0	1	1	0	81
PB1_vRNA	222	793	0	0	1	1	0	54
PB1_vRNA	223	2153	0	0	1	1	0	1
PB1_vRNA	227	1469	0	0	1	1	0	75
PB1_vRNA	227	2152	0	0	1	1	6	57
PB1_vRNA	228	2216	0	0	1	1	0	120
PB1_vRNA	229	2136	0	0	1	10	1	121
PB1_vRNA	229	2137	0	0	1	4	0	96
PB1_vRNA	229	2138	0	0	1	1	0	88
PB1_vRNA	230	1484	0	0	1	1	0	84
PB1_vRNA	230	2136	0	0	1	3	1	43
PB1_vRNA	230	2142	0	0	1	1	0	1
PB1_vRNA	230	2143	0	0	1	4	0	3
PB1_vRNA	230	2153	0	0	1	143	0	149
PB1_vRNA	230	2163	0	0	1	0	1	3
PB1_vRNA	231	2137	0	0	1	9866	7	149
PB1_vRNA	231	2138	0	0	1	10	0	69
PB1_vRNA	231	2142	0	0	1	5	0	65
PB1_vRNA	231	2155	0	0	1	1	0	50
PB1_vRNA	233	2173	0	0	1	2	0	53
PB1_vRNA	234	306	0	0	1	19	0	120
PB1_vRNA	234	851	0	0	1	3	0	103
PB1_vRNA	234	2129	0	0	1	12	0	128
PB1_vRNA	234	2143	0	0	1	624	0	149
PB1_vRNA	234	2145	0	0	1	1	0	2
PB1_vRNA	234	2192	0	0	1	1	0	129
PB1_vRNA	235	2173	0	0	1	2	0	119
PB1_vRNA	236	2194	0	0	1	26	0	85
PB1_vRNA	239	2182	0	0	1	1	0	33
PB1_vRNA	240	2073	0	0	1	1	0	110
PB1_vRNA	240	2150	0	0	1	8	0	107
PB1_vRNA	241	2126	0	0	1	1	0	83
PB1_vRNA	241	2167	0	0	1	1	0	4
PB1_vRNA	241	2183	0	0	1	85	0	147
PB1_vRNA	242	338	0	0	1	2	1	39
PB1_vRNA	242	445	0	0	1	2	0	30
PB1_vRNA	242	854	0	0	1	1	0	47
PB1_vRNA	242	1595	0	0	1	2	0	87
PB1_vRNA	242	2156	0	0	1	4	0	113
PB1_vRNA	243	2149	0	0	1	51	0	25
PB1_vRNA	245	344	0	0	1	2	1	21
PB1_vRNA	245	1904	0	0	1	3	0	136
PB1_vRNA	246	855	0	0	1	1	0	126
PB1_vRNA	246	2003	0	0	1	2	0	103
PB1_vRNA	249	272	0	0	1	1	0	81
PB1_vRNA	249	2147	0	0	1	51	0	130
PB1_vRNA	250	288	0	0	1	0	1	14
PB1_vRNA	250	2148	0	0	1	1	0	24
PB1_vRNA	251	2012	1	1	1	1	0	65
PB1_vRNA	251	2139	0	0	1	9	0	95
PB1_vRNA	251	2144	0	0	1	1	0	5
PB1_vRNA	252	2156	0	0	1	28	0	132
PB1_vRNA	253	477	0	0	1	1	0	99
PB1_vRNA	253	2147	0	0	1	1	0	62
PB1_vRNA	254	2206	0	0	1	0	1	8
PB1_vRNA	257	2229	0	0	1	16	0	96
PB1_vRNA	259	2152	0	0	1	0	6	4
PB1_vRNA	259	2194	0	0	1	3	0	70
PB1_vRNA	260	1470	0	0	1	2	0	13
PB1_vRNA	262	2205	0	0	1	2	0	60
PB1_vRNA	263	2138	0	0	1	0	1	114
PB1_vRNA	263	2140	0	0	1	1	0	9
PB1_vRNA	264	2154	0	0	1	187	1	140
PB1_vRNA	270	2135	0	0	1	0	1	4
PB1_vRNA	272	1996	0	0	1	1	0	27
PB1_vRNA	272	2012	0	0	1	1	0	84
PB1_vRNA	273	2150	0	0	1	1	0	35
PB1_vRNA	273	2159	0	0	1	9	0	96
PB1_vRNA	276	329	0	0	1	2	0	86
PB1_vRNA	276	2150	0	0	1	6	0	117
PB1_vRNA	278	2234	0	0	1	1	0	30
PB1_vRNA	280	2156	0	0	1	1	0	98
PB1_vRNA	281	2166	0	0	1	1	0	59
PB1_vRNA	282	2154	0	0	1	781	2	148
PB1_vRNA	283	2158	0	0	1	1	0	19
PB1_vRNA	284	2144	0	0	1	34	0	120
PB1_vRNA	285	2202	0	0	1	13	0	140
PB1_vRNA	286	2032	0	0	1	3	1	96
PB1_vRNA	287	2139	0	0	1	3	0	75
PB1_vRNA	287	2141	0	0	1	1	0	5
PB1_vRNA	288	2130	0	0	1	1	0	103
PB1_vRNA	289	2130	0	0	1	491	0	122
PB1_vRNA	290	2130	0	0	1	1	0	1
PB1_vRNA	290	2145	0	0	1	1	0	1
PB1_vRNA	290	2150	0	0	1	1	0	2
PB1_vRNA	290	2152	0	0	1	4	0	8
PB1_vRNA	290	2175	0	0	1	1	0	34
PB1_vRNA	291	2230	0	0	1	0	1	5
PB1_vRNA	292	2162	0	0	1	1	0	87
PB1_vRNA	292	2172	0	0	1	2	0	61
PB1_vRNA	294	2149	0	0	1	3	0	1
PB1_vRNA	295	2148	0	0	1	2	1	54
PB1_vRNA	296	408	0	0	1	1	0	8
PB1_vRNA	296	2161	0	0	1	4	0	91
PB1_vRNA	296	2171	0	0	1	1	0	2
PB1_vRNA	297	2147	0	0	1	2	0	28
PB1_vRNA	299	2149	0	0	1	8041	4	150
PB1_vRNA	299	2151	0	0	1	3	0	82
PB1_vRNA	299	2152	0	0	1	4	0	2
PB1_vRNA	300	2128	0	0	1	1	0	72
PB1_vRNA	300	2151	0	0	1	16	0	72
PB1_vRNA	300	2171	0	0	1	35	0	143
PB1_vRNA	300	2228	0	0	1	26	0	65
PB1_vRNA	301	2135	0	0	1	7	0	112
PB1_vRNA	301	2151	0	0	1	1	0	97
PB1_vRNA	303	2138	0	0	1	2	0	49
PB1_vRNA	303	2146	0	0	1	2	0	63
PB1_vRNA	303	2148	0	0	1	4	0	131
PB1_vRNA	304	2151	0	0	1	3	0	101
PB1_vRNA	305	2148	0	0	1	1	15	81
PB1_vRNA	307	2150	0	0	1	11	0	107
PB1_vRNA	307	2153	0	0	1	10	0	1
PB1_vRNA	308	2150	0	0	1	17	0	127
PB1_vRNA	308	2152	0	0	1	20	0	126
PB1_vRNA	309	2129	0	0	1	1	0	5
PB1_vRNA	309	2151	0	0	1	20	1	3
PB1_vRNA	309	2154	0	0	1	8	0	38
PB1_vRNA	309	2189	0	0	1	4	1	39
PB1_vRNA	310	2152	0	0	1	19	0	55
PB1_vRNA	310	2153	0	0	1	27636	41	150
PB1_vRNA	310	2154	0	0	1	72	1	112
PB1_vRNA	310	2156	0	0	1	8	7	113
PB1_vRNA	310	2159	0	0	1	1	0	75
PB1_vRNA	310	2242	0	0	1	3	1	50
PB1_vRNA	311	2109	0	0	1	1	0	58
PB1_vRNA	311	2154	0	0	1	62	0	122
PB1_vRNA	311	2161	0	0	1	38	0	107
PB1_vRNA	313	2109	0	0	1	8	0	138
PB1_vRNA	314	2040	0	0	1	14	0	137
PB1_vRNA	314	2159	0	0	1	29	8	111
PB1_vRNA	314	2172	0	0	1	1	1	4
PB1_vRNA	315	2148	0	0	1	1	0	3
PB1_vRNA	316	2142	0	0	1	1	0	22
PB1_vRNA	317	2179	0	0	1	2	1	78
PB1_vRNA	318	2132	0	0	1	3	0	47
PB1_vRNA	319	2037	0	0	1	0	1	6
PB1_vRNA	322	2184	0	0	1	0	1	30
PB1_vRNA	323	2055	0	0	1	2	0	136
PB1_vRNA	325	2152	0	0	1	2	0	57
PB1_vRNA	328	2048	0	0	1	1	0	41
PB1_vRNA	328	2149	0	0	1	11	0	117
PB1_vRNA	334	2183	0	0	1	5	0	4
PB1_vRNA	335	2089	0	0	1	199	2	144
PB1_vRNA	336	2183	0	0	1	2	0	34
PB1_vRNA	337	2101	0	0	1	0	1	3
PB1_vRNA	337	2144	0	0	1	6	0	107
PB1_vRNA	338	2040	0	0	1	4	0	135
PB1_vRNA	338	2114	0	0	1	2	0	70
PB1_vRNA	338	2184	0	0	1	1847	1	149
PB1_vRNA	338	2186	0	0	1	5	0	76
PB1_vRNA	342	2060	0	0	1	99	0	139
PB1_vRNA	343	2118	0	0	1	132	0	140
PB1_vRNA	349	2129	0	0	1	1	0	57
PB1_vRNA	349	2151	0	0	1	9	0	125
PB1_vRNA	350	2026	0	0	1	1	0	102
PB1_vRNA	351	2056	0	0	1	1	0	83
PB1_vRNA	352	1884	0	0	1	1	0	4
PB1_vRNA	354	2030	0	0	1	209	0	149
PB1_vRNA	354	2133	0	0	1	1	0	93
PB1_vRNA	356	2088	2	6	1	3	0	73
PB1_vRNA	356	2156	2	6	1	2	0	108
PB1_vRNA	356	2194	0	0	1	1	0	43
PB1_vRNA	358	498	0	0	1	1	0	68
PB1_vRNA	358	2143	0	0	1	1	0	139
PB1_vRNA	361	1940	0	0	1	1	0	95
PB1_vRNA	362	2113	0	0	1	13	0	148
PB1_vRNA	363	2004	0	0	1	1	0	3
PB1_vRNA	363	2020	0	0	1	125	1	147
PB1_vRNA	363	2120	0	0	1	8	0	106
PB1_vRNA	363	2144	0	0	1	22	0	119
PB1_vRNA	364	2020	0	0	1	2	0	6
PB1_vRNA	367	382	0	0	1	7	0	61
PB1_vRNA	368	2007	0	0	1	1	0	1
PB1_vRNA	368	2013	0	0	1	2	0	105
PB1_vRNA	369	384	0	0	1	2592	7	60
PB1_vRNA	369	2037	0	0	1	1	0	7
PB1_vRNA	369	2084	0	0	1	2	0	10
PB1_vRNA	371	2013	0	0	1	3	0	76
PB1_vRNA	372	2015	0	0	1	42	0	140
PB1_vRNA	373	388	0	0	1	1	1	23
PB1_vRNA	373	2014	2	6	1	5134	57	140
PB1_vRNA	373	2015	0	0	1	2	0	21
PB1_vRNA	373	2016	0	0	1	2	0	65
PB1_vRNA	373	2071	0	0	1	37	0	131
PB1_vRNA	373	2074	0	0	1	780	54	149
PB1_vRNA	374	1656	0	0	1	3	0	98
PB1_vRNA	374	2015	0	0	1	1	0	72
PB1_vRNA	374	2075	0	0	1	3	0	114
PB1_vRNA	375	1919	0	0	1	1	0	2
PB1_vRNA	375	2065	0	0	1	1	0	121
PB1_vRNA	376	1910	0	0	1	8	0	104
PB1_vRNA	376	2025	0	0	1	7	1	121
PB1_vRNA	377	1912	0	0	1	9	0	49
PB1_vRNA	377	2038	0	0	1	55	0	147
PB1_vRNA	378	1912	0	0	1	5733	6	150
PB1_vRNA	378	1913	0	0	1	7	0	109
PB1_vRNA	378	1915	0	0	1	13	0	1
PB1_vRNA	378	2132	0	0	1	1	1	9
PB1_vRNA	379	1913	0	0	1	6	0	136
PB1_vRNA	380	697	0	0	1	1	0	23
PB1_vRNA	381	2119	0	0	1	3	0	101
PB1_vRNA	384	1922	0	0	1	4	0	88
PB1_vRNA	384	1937	0	0	1	3	0	126
PB1_vRNA	385	1962	0	0	1	22	0	107
PB1_vRNA	385	2055	0	0	1	29	0	134
PB1_vRNA	386	2022	0	0	1	1	0	6
PB1_vRNA	386	2058	0	0	1	1	0	90
PB1_vRNA	387	2006	0	0	1	11	0	148
PB1_vRNA	388	2148	0	0	1	1	0	8
PB1_vRNA	390	2027	0	0	1	2	0	72
PB1_vRNA	391	2004	0	0	1	4	0	109
PB1_vRNA	391	2019	0	0	1	1	0	73
PB1_vRNA	391	2066	0	0	1	5	0	103
PB1_vRNA	391	2102	0	0	1	12	0	143
PB1_vRNA	393	2033	0	0	1	0	1	4
PB1_vRNA	395	2052	0	0	1	1	0	86
PB1_vRNA	396	1175	0	0	1	1	0	26
PB1_vRNA	399	2050	0	0	1	3	0	140
PB1_vRNA	400	1683	0	0	1	1	0	58
PB1_vRNA	403	1969	0	0	1	1	2	9
PB1_vRNA	404	2037	0	0	1	9	0	127
PB1_vRNA	406	1946	0	0	1	2	0	35
PB1_vRNA	408	2026	0	0	1	2	0	2
PB1_vRNA	408	2100	0	0	1	1	0	6
PB1_vRNA	409	849	0	0	1	1	0	110
PB1_vRNA	410	1685	2	6	1	1	0	50
PB1_vRNA	410	2027	2	6	1	1088	1	147
PB1_vRNA	410	2028	0	0	1	1	0	142
PB1_vRNA	410	2113	2	6	1	58	5	134
PB1_vRNA	411	2028	0	0	1	1	0	33
PB1_vRNA	413	1718	0	0	1	1	0	61
PB1_vRNA	415	2035	0	0	1	115	0	148
PB1_vRNA	416	1951	0	0	1	1	0	13
PB1_vRNA	416	2006	0	0	1	5	0	100
PB1_vRNA	416	2081	0	0	1	1	0	63
PB1_vRNA	416	2089	0	0	1	2	0	95
PB1_vRNA	417	2037	0	0	1	1	0	92
PB1_vRNA	417	2055	0	0	1	41	0	134
PB1_vRNA	419	1991	0	0	1	107	0	139
PB1_vRNA	422	2073	0	0	1	10	1	131
PB1_vRNA	423	1951	0	0	1	2	0	48
PB1_vRNA	425	2064	0	0	1	1	0	4
PB1_vRNA	427	2075	0	0	1	3	0	138
PB1_vRNA	428	2018	0	0	1	1	1	4
PB1_vRNA	431	1869	0	0	1	28	0	141
PB1_vRNA	433	459	0	0	1	1	0	67
PB1_vRNA	433	2086	0	0	1	18	0	138
PB1_vRNA	434	1971	0	0	1	14	10	92
PB1_vRNA	435	2041	0	0	1	65	0	142
PB1_vRNA	436	481	0	0	1	22	0	95
PB1_vRNA	436	1931	0	0	1	1	0	33
PB1_vRNA	437	2003	0	0	1	3	0	58
PB1_vRNA	437	2039	0	0	1	4	0	121
PB1_vRNA	438	1871	0	0	1	5	0	120
PB1_vRNA	438	1994	0	0	1	10	0	148
PB1_vRNA	438	2036	0	0	1	155	1	139
PB1_vRNA	439	1966	0	0	1	5	1	2
PB1_vRNA	439	1968	0	0	1	1	0	44
PB1_vRNA	439	2037	0	0	1	1	0	59
PB1_vRNA	440	1968	0	0	1	3	0	38
PB1_vRNA	440	1969	0	0	1	29	0	43
PB1_vRNA	442	1971	0	0	1	2	0	57
PB1_vRNA	443	1972	0	0	1	5	0	58
PB1_vRNA	443	1989	0	0	1	1	0	1
PB1_vRNA	443	2072	0	0	1	10	0	125
PB1_vRNA	444	1972	0	0	1	2754	13	62
PB1_vRNA	445	1974	0	0	1	3	0	35
PB1_vRNA	446	1882	0	0	1	1	0	98
PB1_vRNA	446	1994	0	0	1	1	0	3
PB1_vRNA	447	1992	0	0	1	5	0	94
PB1_vRNA	448	1997	0	0	1	1	0	3
PB1_vRNA	449	1977	0	0	1	0	1	19
PB1_vRNA	449	2022	0	0	1	2	0	143
PB1_vRNA	451	1923	1	3	1	8	0	114
PB1_vRNA	451	2031	0	0	1	10	0	119
PB1_vRNA	459	2032	0	0	1	15	0	141
PB1_vRNA	460	2034	0	0	1	19	0	145
PB1_vRNA	461	1951	0	0	1	17	0	141
PB1_vRNA	461	1968	0	0	1	9	0	133
PB1_vRNA	463	1938	0	0	1	85	0	140
PB1_vRNA	467	2103	0	0	1	82	0	149
PB1_vRNA	472	1967	0	0	1	44	0	146
PB1_vRNA	474	1865	0	0	1	1	0	127
PB1_vRNA	474	1972	0	0	1	2	0	43
PB1_vRNA	478	514	0	0	1	0	1	6
PB1_vRNA	483	1125	0	0	1	2	0	124
PB1_vRNA	483	2019	0	0	1	4	0	141
PB1_vRNA	486	1786	0	0	1	1	0	95
PB1_vRNA	491	1901	0	0	1	343	0	148
PB1_vRNA	491	2053	0	0	1	4	0	126
PB1_vRNA	494	1978	0	0	1	1	0	84
PB1_vRNA	495	762	0	0	1	1	0	14
PB1_vRNA	495	1779	0	0	1	1	0	55
PB1_vRNA	497	1913	0	0	1	55	0	145
PB1_vRNA	498	2278	0	0	1	42	1	64
PB1_vRNA	499	2136	0	0	1	0	1	5
PB1_vRNA	500	1991	0	0	1	6	0	85
PB1_vRNA	503	1786	0	0	1	16	0	91
PB1_vRNA	505	1969	0	0	1	1	0	58
PB1_vRNA	505	1986	0	0	1	51	0	138
PB1_vRNA	505	2004	0	0	1	3	0	34
PB1_vRNA	515	1158	0	0	1	1	0	41
PB1_vRNA	515	1949	0	0	1	1	0	22
PB1_vRNA	516	1878	0	0	1	1	0	70
PB1_vRNA	516	2053	0	0	1	1	0	139
PB1_vRNA	518	1228	2	6	1	1	0	108
PB1_vRNA	518	1663	2	6	1	1	0	114
PB1_vRNA	518	2027	2	6	1	5	0	95
PB1_vRNA	519	800	0	0	1	1	0	11
PB1_vRNA	521	2169	0	0	1	4	0	65
PB1_vRNA	523	1730	0	0	1	47	0	149
PB1_vRNA	525	1714	0	0	1	21	0	113
PB1_vRNA	528	1980	0	0	1	1	0	57
PB1_vRNA	529	1957	0	0	1	7	0	118
PB1_vRNA	530	1900	0	0	1	2	0	93
PB1_vRNA	534	2036	0	0	1	0	1	5
PB1_vRNA	535	2071	2	4	1	0	29	7
PB1_vRNA	549	1885	0	0	1	1	0	50
PB1_vRNA	552	1888	0	0	1	975	1	150
PB1_vRNA	553	1889	0	0	1	2	0	37
PB1_vRNA	555	1897	0	0	1	1	1	130
PB1_vRNA	568	1956	0	0	1	4	0	143
PB1_vRNA	569	1724	0	0	1	2	0	125
PB1_vRNA	569	1932	0	0	1	51	0	140
PB1_vRNA	572	2011	0	0	1	1	0	79
PB1_vRNA	577	1808	0	0	1	23	0	95
PB1_vRNA	579	797	0	0	1	1	0	4
PB1_vRNA	585	1947	0	0	1	2	0	35
PB1_vRNA	585	2218	0	0	1	2	0	19
PB1_vRNA	591	2027	0	0	1	40	0	146
PB1_vRNA	593	633	0	0	1	27	0	80
PB1_vRNA	593	1903	0	0	1	46	0	136
PB1_vRNA	593	2003	0	0	1	5	0	112
PB1_vRNA	596	1778	0	0	1	4	0	86
PB1_vRNA	596	1892	0	0	1	2	0	88
PB1_vRNA	607	1760	0	0	1	5	0	121
PB1_vRNA	611	1765	0	0	1	2	0	70
PB1_vRNA	616	1830	0	0	1	1	0	51
PB1_vRNA	619	1829	0	0	1	35	0	130
PB1_vRNA	621	662	0	0	1	5	0	66
PB1_vRNA	621	2062	0	0	1	2	0	20
PB1_vRNA	622	2063	0	0	1	577	1	149
PB1_vRNA	623	2064	0	0	1	1	0	41
PB1_vRNA	624	1893	0	0	1	4	0	108
PB1_vRNA	626	1785	0	0	1	1	0	83
PB1_vRNA	629	1721	0	0	1	2	0	118
PB1_vRNA	630	655	0	0	1	1	0	109
PB1_vRNA	634	1816	0	0	1	43	0	141
PB1_vRNA	637	1832	0	0	1	10	0	103
PB1_vRNA	637	1878	0	0	1	15	0	98
PB1_vRNA	650	2206	0	0	1	1	0	107
PB1_vRNA	655	859	0	0	1	1	0	25
PB1_vRNA	660	1761	0	0	1	292	0	150
PB1_vRNA	661	1762	0	0	1	2	0	31
PB1_vRNA	662	1810	0	0	1	1	0	92
PB1_vRNA	676	1902	0	0	1	1	0	71
PB1_vRNA	677	1903	0	0	1	103	0	144
PB1_vRNA	680	1789	0	0	1	5	0	110
PB1_vRNA	688	1221	0	0	1	1	0	80
PB1_vRNA	694	1820	0	0	1	10	0	129
PB1_vRNA	704	1954	0	0	1	1	0	7
PB1_vRNA	713	1447	0	0	1	1	0	72
PB1_vRNA	713	1717	0	0	1	2	0	57
PB1_vRNA	714	1730	0	0	1	1	0	101
PB1_vRNA	714	1957	0	0	1	25	0	80
PB1_vRNA	715	1801	0	0	1	1	0	4
PB1_vRNA	719	1453	0	0	1	4	0	115
PB1_vRNA	724	1214	0	0	1	0	1	19
PB1_vRNA	729	1720	1	5	1	3	0	66
PB1_vRNA	730	1767	0	0	1	2	0	82
PB1_vRNA	731	1762	0	0	1	1	0	26
PB1_vRNA	732	1770	0	0	1	1	0	28
PB1_vRNA	737	1732	0	0	1	14	0	149
PB1_vRNA	744	798	0	0	1	1	0	114
PB1_vRNA	767	1740	0	0	1	31	0	140
PB1_vRNA	778	1724	0	0	1	41	0	141
PB1_vRNA	782	1659	0	0	1	1	0	42
PB1_vRNA	786	1728	0	0	1	1	0	83
PB1_vRNA	803	1195	0	0	1	1	0	46
PB1_vRNA	821	1570	0	0	1	1	0	27
PB1_vRNA	824	890	0	0	1	1	0	123
PB1_vRNA	845	872	0	0	1	1	0	25
PB1_vRNA	854	2212	0	0	1	1	0	7
PB1_vRNA	855	2206	0	0	1	1	0	87
PB1_vRNA	859	1593	0	0	1	1	0	9
PB1_vRNA	864	1381	0	0	1	1	0	67
PB1_vRNA	867	1612	0	0	1	3	0	44
PB1_vRNA	900	1393	0	0	1	1	0	101
PB1_vRNA	939	2169	0	0	1	8	0	90
PB1_vRNA	949	1261	0	0	1	11	0	147
PB1_vRNA	950	1262	0	0	1	1	0	88
PB1_vRNA	951	1694	0	0	1	5	0	134
PB1_vRNA	972	1154	0	0	1	1	0	118
PB1_vRNA	983	1154	0	0	1	6	0	128
PB1_vRNA	987	1452	0	0	1	1	0	42
PB1_vRNA	988	1024	0	0	1	2	0	42
PB1_vRNA	1066	1421	0	0	1	1	0	5
PB1_vRNA	1083	1212	0	0	1	1	0	120
PB1_vRNA	1095	1126	0	0	1	1	0	124
PB1_vRNA	1146	1355	0	0	1	1	0	3
PB1_vRNA	1247	1271	0	0	1	1	0	81
PB1_vRNA	1253	1291	2	6	1	1	0	4
PB1_vRNA	1262	1574	0	0	1	2	0	31
PB1_vRNA	1283	1681	0	0	1	1	0	80
PB1_vRNA	1321	1382	0	0	1	3	0	113
PB1_vRNA	1451	1639	0	0	1	3	0	93
PB1_vRNA	1457	1632	0	0	1	1	0	24
PB1_vRNA	1483	1508	0	0	1	1	0	76
PB1_vRNA	1537	1560	0	0	1	1	0	109
PB1_vRNA	1544	2126	0	0	1	1	0	42
PB1_vRNA	1785	1808	0	0	1	1	0	71
PB1_vRNA	1796	2150	0	0	1	1	0	18
PB1_vRNA	1807	2135	0	0	1	1	0	69
PB1_vRNA	1812	2057	0	0	1	1	0	8
PB1_vRNA	1848	1881	0	0	1	1	0	45
PB1_vRNA	1916	1964	0	0	1	27	0	90
PB1_vRNA	1939	2007	0	0	1	2	0	50
PB1_vRNA	1989	2110	0	0	1	1	0	41
PB1_vRNA	1994	2086	0	0	1	41	1	53
PB1_vRNA	2054	2075	0	0	1	25	0	89
PB1_vRNA	2061	2075	0	0	1	1	0	88
PB1_vRNA	2147	2192	0	0	1	27	12	5
PB1_vRNA	2150	2194	0	0	1	32	2	15
PB1_vRNA	2151	2194	0	0	1	6	0	75
PB1_vRNA	2153	2194	0	0	1	2697	47	83
PB1_vRNA	2174	2246	0	0	1	0	1	3
PB1_vRNA	2175	2191	0	0	1	43	0	25
PB1_vRNA	2188	2218	0	0	1	2	0	51
PB1_vRNA	2207	2267	0	0	1	1	1	5
PB1_vRNA	2251	2291	0	0	1	78	0	51
PB1_vRNA	2275	2285	0	0	1	48	6	57
PB1_vRNA	2275	2286	0	0	1	431	18	58
PB1_vRNA	2275	2288	0	0	1	34	1	54
PB1_vRNA	2277	2288	0	0	1	1	0	26
PB2_vRNA	63	1141	0	0	1	1	0	4
PB2_vRNA	86	1598	0	0	1	1	0	49
PB2_vRNA	101	311	0	0	1	1	0	85
PB2_vRNA	109	2126	0	0	1	1	0	100
PB2_vRNA	114	184	0	0	1	5	1	62
PB2_vRNA	118	2046	0	0	1	1	0	41
PB2_vRNA	122	682	0	0	1	5	0	73
PB2_vRNA	125	499	0	0	1	2	0	37
PB2_vRNA	125	626	0	0	1	2	0	119
PB2_vRNA	130	217	0	0	1	1	0	6
PB2_vRNA	135	174	0	0	1	0	2	29
PB2_vRNA	135	1831	0	0	1	21	0	98
PB2_vRNA	141	1986	0	0	1	27	0	130
PB2_vRNA	148	1468	0	0	1	1	0	91
PB2_vRNA	149	179	0	0	1	3	2	9
PB2_vRNA	154	220	0	0	1	12	0	135
PB2_vRNA	156	222	0	0	1	1	0	3
PB2_vRNA	158	2197	0	0	1	1	0	131
PB2_vRNA	160	2101	0	0	1	1	0	103
PB2_vRNA	161	2062	0	0	1	1	0	93
PB2_vRNA	163	2134	0	0	1	1	0	111
PB2_vRNA	164	380	0	0	1	2	0	79
PB2_vRNA	165	193	0	0	1	1	0	3
PB2_vRNA	165	309	0	0	1	4	0	111
PB2_vRNA	165	2068	0	0	1	0	29	7
PB2_vRNA	166	210	0	0	1	1	0	111
PB2_vRNA	166	1949	0	0	1	1	0	38
PB2_vRNA	167	211	0	0	1	127	1	119
PB2_vRNA	176	2181	0	0	1	5	0	99
PB2_vRNA	178	2233	2	6	1	18	0	109
PB2_vRNA	179	300	0	0	1	2	0	87
PB2_vRNA	180	2167	0	0	1	1	0	70
PB2_vRNA	182	2185	0	0	1	0	1	9
PB2_vRNA	186	2154	0	0	1	1	0	1
PB2_vRNA	186	2173	0	0	1	1	0	38
PB2_vRNA	187	2047	0	0	1	1	0	40
PB2_vRNA	188	403	0	0	1	0	1	10
PB2_vRNA	192	2196	0	0	1	1	0	6
PB2_vRNA	192	2220	0	0	1	1	0	61
PB2_vRNA	193	2069	0	0	1	1	0	3
PB2_vRNA	193	2163	0	0	1	1	0	2
PB2_vRNA	193	2203	0	0	1	1	0	73
PB2_vRNA	194	2181	0	0	1	1	0	73
PB2_vRNA	199	2058	0	0	1	2	0	30
PB2_vRNA	199	2187	0	0	1	6	0	116
PB2_vRNA	201	2190	0	0	1	1	0	51
PB2_vRNA	202	2149	0	0	1	18	2	62
PB2_vRNA	203	284	0	0	1	1	0	134
PB2_vRNA	203	2169	0	0	1	44	0	137
PB2_vRNA	205	2152	0	0	1	4	4	43
PB2_vRNA	205	2153	0	0	1	13	0	58
PB2_vRNA	205	2154	0	0	1	3	0	27
PB2_vRNA	206	2152	0	0	1	8934	4	142
PB2_vRNA	207	2149	0	0	1	53	25	149
PB2_vRNA	207	2151	0	0	1	17	1	60
PB2_vRNA	207	2209	0	0	1	2	0	89
PB2_vRNA	208	2129	0	0	1	22	0	126
PB2_vRNA	208	2148	0	0	1	3	0	89
PB2_vRNA	208	2149	0	0	1	5	1	5
PB2_vRNA	208	2156	0	0	1	1	3	55
PB2_vRNA	208	2181	0	0	1	9	0	126
PB2_vRNA	208	2230	0	0	1	1	0	8
PB2_vRNA	209	2149	0	0	1	36061	6	150
PB2_vRNA	209	2150	0	0	1	6	1	62
PB2_vRNA	209	2151	0	0	1	58	0	129
PB2_vRNA	209	2152	0	0	1	11	0	57
PB2_vRNA	209	2153	0	0	1	13	1	5
PB2_vRNA	210	2150	0	0	1	22	0	137
PB2_vRNA	210	2156	0	0	1	3	0	55
PB2_vRNA	211	262	0	0	1	1	0	7
PB2_vRNA	211	279	0	0	1	11	0	130
PB2_vRNA	211	286	0	0	1	1	0	62
PB2_vRNA	212	306	0	0	1	1	0	111
PB2_vRNA	213	2117	0	0	1	28	0	147
PB2_vRNA	213	2222	0	0	1	11	0	85
PB2_vRNA	215	283	0	0	1	36	0	146
PB2_vRNA	216	1997	0	0	1	1	0	123
PB2_vRNA	217	2151	0	0	1	0	1	3
PB2_vRNA	217	2165	0	0	1	78	0	139
PB2_vRNA	217	2171	0	0	1	1	0	7
PB2_vRNA	217	2179	0	0	1	2	0	58
PB2_vRNA	217	2181	0	0	1	6	0	130
PB2_vRNA	217	2186	0	0	1	1	0	5
PB2_vRNA	218	2205	0	0	1	2	0	40
PB2_vRNA	220	285	0	0	1	1	0	80
PB2_vRNA	220	290	0	0	1	1	0	34
PB2_vRNA	227	264	0	0	1	2	0	133
PB2_vRNA	228	2178	0	0	1	2	0	46
PB2_vRNA	229	2134	0	0	1	1	0	46
PB2_vRNA	230	2165	0	0	1	5	0	103
PB2_vRNA	230	2201	0	0	1	3	0	85
PB2_vRNA	232	2117	0	0	1	1	0	69
PB2_vRNA	232	2175	0	0	1	91	0	147
PB2_vRNA	235	415	0	0	1	1	0	9
PB2_vRNA	235	2194	0	0	1	1	0	118
PB2_vRNA	235	2197	0	0	1	3	0	134
PB2_vRNA	236	2134	0	0	1	8	0	97
PB2_vRNA	238	1668	0	0	1	1	0	87
PB2_vRNA	240	2207	0	0	1	1	0	83
PB2_vRNA	242	2165	0	0	1	13	0	118
PB2_vRNA	242	2179	0	0	1	1	0	3
PB2_vRNA	243	265	0	0	1	3	2	4
PB2_vRNA	243	1991	0	0	1	1	0	30
PB2_vRNA	244	423	0	0	1	1	0	45
PB2_vRNA	246	326	0	0	1	1	0	40
PB2_vRNA	246	2187	0	0	1	13	0	145
PB2_vRNA	247	2152	0	0	1	68	1	140
PB2_vRNA	249	2105	0	0	1	2	0	90
PB2_vRNA	249	2203	0	0	1	212	0	139
PB2_vRNA	249	2225	0	0	1	1	0	65
PB2_vRNA	251	2093	0	0	1	44	0	137
PB2_vRNA	251	2100	0	0	1	5	0	113
PB2_vRNA	251	2205	0	0	1	1	0	43
PB2_vRNA	252	423	0	0	1	1	0	20
PB2_vRNA	254	2227	0	0	1	6	0	88
PB2_vRNA	258	2133	0	0	1	1	0	97
PB2_vRNA	259	585	0	0	1	1	0	37
PB2_vRNA	263	2195	0	0	1	7	0	112
PB2_vRNA	264	2180	0	0	1	32	0	149
PB2_vRNA	264	2182	1	3	1	1	0	99
PB2_vRNA	266	301	0	0	1	6	0	128
PB2_vRNA	266	2065	0	0	1	1	0	64
PB2_vRNA	267	2169	0	0	1	1	2	7
PB2_vRNA	267	2240	0	0	1	1	0	76
PB2_vRNA	268	2097	0	0	1	99	0	140
PB2_vRNA	268	2180	0	0	1	40	0	123
PB2_vRNA	269	2240	0	0	1	286	0	102
PB2_vRNA	271	2185	2	4	1	3	8	49
PB2_vRNA	271	2216	2	2	1	2	2	91
PB2_vRNA	273	2218	0	0	1	2	0	108
PB2_vRNA	273	2238	0	0	1	1	0	3
PB2_vRNA	274	2219	0	0	1	1139	1	124
PB2_vRNA	274	2220	0	0	1	6	1	75
PB2_vRNA	274	2221	0	0	1	1	0	97
PB2_vRNA	278	2014	0	0	1	1473	0	150
PB2_vRNA	280	2099	0	0	1	2	0	41
PB2_vRNA	280	2151	0	0	1	41	1	142
PB2_vRNA	281	2099	0	0	1	5	0	79
PB2_vRNA	284	2101	0	0	1	456	0	148
PB2_vRNA	290	2101	0	0	1	6	0	136
PB2_vRNA	291	2024	0	0	1	3	0	90
PB2_vRNA	291	2183	0	0	1	5	0	103
PB2_vRNA	292	2127	0	0	1	12	0	143
PB2_vRNA	292	2152	0	0	1	5	1	79
PB2_vRNA	293	2023	0	0	1	1233	1	150
PB2_vRNA	296	2022	0	0	1	1	0	142
PB2_vRNA	298	2035	0	0	1	12	0	118
PB2_vRNA	300	2066	0	0	1	1	0	2
PB2_vRNA	306	2061	0	0	1	1	0	68
PB2_vRNA	306	2072	0	0	1	11	0	149
PB2_vRNA	307	2065	0	0	1	4	0	74
PB2_vRNA	307	2067	0	0	1	2	0	143
PB2_vRNA	307	2162	0	0	1	46	0	145
PB2_vRNA	308	2067	0	0	1	2	0	76
PB2_vRNA	309	2014	0	0	1	121	7	150
PB2_vRNA	309	2068	0	0	1	4	7	122
PB2_vRNA	309	2084	0	0	1	2	0	3
PB2_vRNA	310	2068	0	0	1	3801	38	149
PB2_vRNA	310	2070	0	0	1	4	0	44
PB2_vRNA	310	2072	0	0	1	3	8	112
PB2_vRNA	311	2069	0	0	1	6	0	42
PB2_vRNA	313	1974	0	0	1	16	0	114
PB2_vRNA	314	2037	0	0	1	1	0	52
PB2_vRNA	314	2063	0	0	1	135	0	148
PB2_vRNA	318	2068	0	0	1	1	0	1
PB2_vRNA	318	2071	0	0	1	1	0	3
PB2_vRNA	318	2155	0	0	1	3	0	112
PB2_vRNA	321	1968	0	0	1	15	0	114
PB2_vRNA	322	2082	0	0	1	4	0	143
PB2_vRNA	324	1981	0	0	1	160	0	136
PB2_vRNA	327	403	0	0	1	1	0	2
PB2_vRNA	329	339	0	0	1	3	0	26
PB2_vRNA	330	1971	0	0	1	6	0	115
PB2_vRNA	330	2180	0	0	1	1	0	93
PB2_vRNA	331	405	0	0	1	177	1	119
PB2_vRNA	331	2035	0	0	1	10	0	124
PB2_vRNA	334	1931	0	0	1	1	0	64
PB2_vRNA	335	2250	0	0	1	5	0	92
PB2_vRNA	339	2141	0	0	1	1	0	96
PB2_vRNA	341	2140	0	0	1	2	0	24
PB2_vRNA	342	2141	0	0	1	504	1	149
PB2_vRNA	347	2082	0	0	1	8	0	140
PB2_vRNA	348	2128	0	0	1	1	0	5
PB2_vRNA	349	2069	0	0	1	1	0	109
PB2_vRNA	349	2090	0	0	1	10	0	139
PB2_vRNA	355	2085	0	0	1	5	0	118
PB2_vRNA	355	2106	0	0	1	1	0	3
PB2_vRNA	360	1721	0	0	1	1	0	104
PB2_vRNA	366	1277	0	0	1	1	0	136
PB2_vRNA	368	394	0	0	1	1	0	50
PB2_vRNA	369	2076	0	0	1	4	0	130
PB2_vRNA	370	2077	0	0	1	20	0	143
PB2_vRNA	373	2009	0	0	1	3	0	138
PB2_vRNA	376	2043	0	0	1	1	0	34
PB2_vRNA	378	2005	0	0	1	1	0	79
PB2_vRNA	382	882	0	0	1	1	0	134
PB2_vRNA	382	2065	0	0	1	2	0	94
PB2_vRNA	384	2054	0	0	1	4	0	137
PB2_vRNA	387	1952	0	0	1	0	2	104
PB2_vRNA	388	744	0	0	1	1	0	5
PB2_vRNA	388	1953	0	0	1	2	0	91
PB2_vRNA	388	2168	0	0	1	14	0	9
PB2_vRNA	390	1041	0	0	1	1	0	54
PB2_vRNA	390	1955	0	0	1	424	2	149
PB2_vRNA	390	2010	0	0	1	1	1	7
PB2_vRNA	390	2019	0	0	1	5	0	87
PB2_vRNA	390	2042	0	0	1	5	0	97
PB2_vRNA	390	2059	0	0	1	0	1	3
PB2_vRNA	390	2063	0	0	1	4	0	121
PB2_vRNA	391	1066	0	0	1	1	0	42
PB2_vRNA	391	2022	0	0	1	1	0	59
PB2_vRNA	392	2062	0	0	1	9	0	133
PB2_vRNA	393	2084	0	0	1	1	0	5
PB2_vRNA	394	2204	0	0	1	12	0	122
PB2_vRNA	395	893	0	0	1	0	1	3
PB2_vRNA	398	1708	1	5	1	1	0	30
PB2_vRNA	399	530	0	0	1	4	0	109
PB2_vRNA	400	898	0	0	1	1	0	72
PB2_vRNA	400	2034	0	0	1	5	0	129
PB2_vRNA	409	2009	0	0	1	40	0	133
PB2_vRNA	409	2102	0	0	1	8	0	122
PB2_vRNA	412	1987	0	0	1	4	0	143
PB2_vRNA	417	2049	0	0	1	128	0	148
PB2_vRNA	419	1721	0	0	1	1	0	114
PB2_vRNA	421	2084	0	0	1	1	0	9
PB2_vRNA	424	1941	0	0	1	3	0	87
PB2_vRNA	425	1941	0	0	1	1	0	2
PB2_vRNA	426	2076	0	0	1	1	0	5
PB2_vRNA	438	1835	0	0	1	8	0	75
PB2_vRNA	439	490	0	0	1	1	0	49
PB2_vRNA	439	1967	0	0	1	1	0	3
PB2_vRNA	439	1981	0	0	1	1	0	4
PB2_vRNA	439	1982	0	0	1	24	0	143
PB2_vRNA	441	1940	0	0	1	5	0	104
PB2_vRNA	442	1939	0	0	1	8	0	145
PB2_vRNA	442	1940	0	0	1	14	5	90
PB2_vRNA	444	1941	0	0	1	2819	5	149
PB2_vRNA	449	510	0	0	1	0	1	3
PB2_vRNA	453	1953	0	0	1	18	0	128
PB2_vRNA	454	1808	0	0	1	1	0	46
PB2_vRNA	454	1833	0	0	1	3	0	102
PB2_vRNA	454	2015	0	0	1	1	0	3
PB2_vRNA	456	1963	0	0	1	5	0	133
PB2_vRNA	456	2088	0	0	1	2	0	128
PB2_vRNA	458	2006	0	0	1	32	0	101
PB2_vRNA	469	1325	0	0	1	7	0	130
PB2_vRNA	469	1876	0	0	1	58	0	143
PB2_vRNA	472	1865	0	0	1	3	0	144
PB2_vRNA	477	2059	0	0	1	3	0	89
PB2_vRNA	480	1924	0	0	1	3	0	115
PB2_vRNA	492	1908	0	0	1	63	0	140
PB2_vRNA	492	1976	0	0	1	52	0	129
PB2_vRNA	494	1932	0	0	1	18	0	125
PB2_vRNA	500	626	1	5	1	2	1	46
PB2_vRNA	500	1285	1	5	1	2	3	6
PB2_vRNA	500	2017	0	0	1	1	0	123
PB2_vRNA	501	2018	0	0	1	362	1	149
PB2_vRNA	503	1469	0	0	1	2	0	138
PB2_vRNA	505	2022	0	0	1	0	1	46
PB2_vRNA	505	2097	0	0	1	1	0	72
PB2_vRNA	505	2109	0	0	1	2	0	77
PB2_vRNA	506	2045	0	0	1	1	0	109
PB2_vRNA	507	1921	0	0	1	2	0	83
PB2_vRNA	507	1923	0	0	1	8	0	138
PB2_vRNA	508	1865	0	0	1	29	0	141
PB2_vRNA	511	1828	2	6	1	1	0	27
PB2_vRNA	511	1937	0	0	1	1	0	4
PB2_vRNA	511	2105	0	0	1	1	0	141
PB2_vRNA	512	1829	0	0	1	494	0	147
PB2_vRNA	512	2000	0	0	1	2	0	38
PB2_vRNA	513	1620	0	0	1	2	0	63
PB2_vRNA	513	1752	0	0	1	37	0	148
PB2_vRNA	513	1830	0	0	1	1	0	67
PB2_vRNA	513	2024	0	0	1	1	0	116
PB2_vRNA	516	599	0	0	1	1	0	4
PB2_vRNA	516	1938	0	0	1	3	0	88
PB2_vRNA	517	1865	0	0	1	133	0	140
PB2_vRNA	517	1889	0	0	1	1	0	40
PB2_vRNA	517	1982	0	0	1	2	1	147
PB2_vRNA	517	2150	0	0	1	0	1	3
PB2_vRNA	519	1821	0	0	1	66	0	142
PB2_vRNA	521	1869	0	0	1	1	0	5
PB2_vRNA	523	1909	0	0	1	1	0	4
PB2_vRNA	523	1922	0	0	1	1	0	46
PB2_vRNA	527	1829	0	0	1	1	0	4
PB2_vRNA	528	1689	0	0	1	1	0	49
PB2_vRNA	530	883	0	0	1	1	0	39
PB2_vRNA	538	1781	0	0	1	284	0	148
PB2_vRNA	539	1782	0	0	1	1	0	10
PB2_vRNA	540	664	0	0	1	1	0	60
PB2_vRNA	540	1922	0	0	1	1	0	90
PB2_vRNA	542	1925	0	0	1	1	0	11
PB2_vRNA	542	1980	0	0	1	2	0	90
PB2_vRNA	543	1925	0	0	1	1	0	96
PB2_vRNA	544	1746	0	0	1	2	0	36
PB2_vRNA	546	1981	0	0	1	5	0	91
PB2_vRNA	549	1941	0	0	1	51	0	148
PB2_vRNA	551	1857	0	0	1	2	0	40
PB2_vRNA	551	1886	0	0	1	1	0	4
PB2_vRNA	552	1788	0	0	1	178	0	146
PB2_vRNA	553	1919	0	0	1	2	0	73
PB2_vRNA	559	1836	0	0	1	38	0	146
PB2_vRNA	560	1432	0	0	1	2	0	139
PB2_vRNA	560	1850	0	0	1	1	0	127
PB2_vRNA	562	2017	0	0	1	4	0	137
PB2_vRNA	564	1876	0	0	1	13	0	129
PB2_vRNA	566	1943	0	0	1	30	0	143
PB2_vRNA	569	1863	0	0	1	24	2	137
PB2_vRNA	574	1885	0	0	1	2	0	148
PB2_vRNA	576	2059	0	0	1	1	0	96
PB2_vRNA	577	630	0	0	1	1	0	11
PB2_vRNA	580	1795	0	0	1	9	0	132
PB2_vRNA	580	1870	0	0	1	1	0	125
PB2_vRNA	580	1872	0	0	1	31	0	116
PB2_vRNA	581	600	0	0	1	7	0	101
PB2_vRNA	581	1916	0	0	1	1	0	44
PB2_vRNA	583	608	0	0	1	6	1	106
PB2_vRNA	584	1777	0	0	1	4	0	86
PB2_vRNA	584	1846	0	0	1	2	0	57
PB2_vRNA	585	1847	0	0	1	152	1	149
PB2_vRNA	589	1888	0	0	1	15	0	118
PB2_vRNA	595	2105	0	0	1	1	0	56
PB2_vRNA	596	1977	0	0	1	1	0	6
PB2_vRNA	601	1905	0	0	1	0	1	5
PB2_vRNA	602	1827	0	0	1	11	0	113
PB2_vRNA	604	1587	0	0	1	1	0	47
PB2_vRNA	608	1601	0	0	1	1	0	5
PB2_vRNA	609	1742	0	0	1	1	0	76
PB2_vRNA	610	894	0	0	1	1	0	25
PB2_vRNA	614	1711	0	0	1	2	0	81
PB2_vRNA	617	1807	0	0	1	27	0	122
PB2_vRNA	622	1843	0	0	1	36	0	146
PB2_vRNA	636	650	0	0	1	2	0	32
PB2_vRNA	639	1978	0	0	1	15	0	116
PB2_vRNA	641	1920	0	0	1	40	0	128
PB2_vRNA	649	926	0	0	1	1	0	79
PB2_vRNA	651	1870	0	0	1	34	0	124
PB2_vRNA	661	805	0	0	1	1	0	54
PB2_vRNA	667	1743	0	0	1	3	0	128
PB2_vRNA	682	1823	0	0	1	1	0	60
PB2_vRNA	684	1625	0	0	1	1	0	98
PB2_vRNA	686	1827	0	0	1	263	0	149
PB2_vRNA	686	1854	0	0	1	2	0	87
PB2_vRNA	690	1820	0	0	1	12	0	125
PB2_vRNA	691	1908	0	0	1	0	1	3
PB2_vRNA	694	1973	0	0	1	8	0	134
PB2_vRNA	699	775	0	0	1	3	0	116
PB2_vRNA	705	1787	0	0	1	1	0	25
PB2_vRNA	706	854	0	0	1	1	0	77
PB2_vRNA	706	2096	0	0	1	1	0	41
PB2_vRNA	707	897	0	0	1	1	0	3
PB2_vRNA	708	792	1	5	1	1	0	3
PB2_vRNA	708	2050	1	5	1	1	0	144
PB2_vRNA	709	1720	0	0	1	3	0	129
PB2_vRNA	710	1703	0	0	1	3	0	36
PB2_vRNA	711	899	0	0	1	1	0	130
PB2_vRNA	713	1656	0	0	1	2	0	100
PB2_vRNA	716	1720	0	0	1	2	0	83
PB2_vRNA	717	2197	0	0	1	1	0	17
PB2_vRNA	719	1056	0	0	1	1	0	45
PB2_vRNA	729	758	0	0	1	3	0	53
PB2_vRNA	730	1675	0	0	1	4	0	108
PB2_vRNA	742	1782	0	0	1	74	1	147
PB2_vRNA	748	1144	0	0	1	1	0	128
PB2_vRNA	749	1933	0	0	1	0	1	8
PB2_vRNA	750	1596	0	0	1	1	0	86
PB2_vRNA	752	2098	0	0	1	2	0	3
PB2_vRNA	763	1721	0	0	1	1	0	4
PB2_vRNA	776	1600	0	0	1	1	0	27
PB2_vRNA	790	2186	0	0	1	1104	4	145
PB2_vRNA	791	801	0	0	1	1	0	23
PB2_vRNA	798	1660	0	0	1	1	0	106
PB2_vRNA	810	1567	0	0	1	10	0	143
PB2_vRNA	823	1615	0	0	1	1	0	74
PB2_vRNA	829	2102	0	0	1	1	0	95
PB2_vRNA	842	2108	0	0	1	1	0	3
PB2_vRNA	848	1691	0	0	1	2	0	113
PB2_vRNA	853	1111	0	0	1	1	0	80
PB2_vRNA	853	1505	0	0	1	2	0	69
PB2_vRNA	861	1590	0	0	1	1	0	76
PB2_vRNA	878	1499	0	0	1	1	0	104
PB2_vRNA	878	2042	0	0	1	2	0	70
PB2_vRNA	880	1586	0	0	1	3	0	111
PB2_vRNA	885	1160	0	0	1	1	0	7
PB2_vRNA	886	1251	0	0	1	0	1	8
PB2_vRNA	902	1475	0	0	1	1	0	58
PB2_vRNA	912	1386	0	0	1	2	0	61
PB2_vRNA	928	1633	0	0	1	2	0	70
PB2_vRNA	942	1618	0	0	1	9	0	98
PB2_vRNA	946	1164	0	0	1	1	0	6
PB2_vRNA	947	2050	1	5	1	2	0	37
PB2_vRNA	969	1461	0	0	1	1	0	120
PB2_vRNA	1005	1062	0	0	1	1	0	34
PB2_vRNA	1084	2114	0	0	1	1	0	97
PB2_vRNA	1099	1511	0	0	1	3	0	145
PB2_vRNA	1155	1217	0	0	1	2	0	80
PB2_vRNA	1158	1251	0	0	1	1	0	14
PB2_vRNA	1158	2052	0	0	1	1	0	10
PB2_vRNA	1166	1366	0	0	1	1	0	80
PB2_vRNA	1171	1269	0	0	1	1	0	144
PB2_vRNA	1236	1260	0	0	1	1	0	43
PB2_vRNA	1293	1369	0	0	1	1	0	22
PB2_vRNA	1293	1472	0	0	1	1	0	117
PB2_vRNA	1299	1364	0	0	1	1	0	41
PB2_vRNA	1299	1368	0	0	1	1	0	8
PB2_vRNA	1300	1487	0	0	1	1	0	118
PB2_vRNA	1307	1854	0	0	1	1	0	57
PB2_vRNA	1314	2063	0	0	1	2	0	91
PB2_vRNA	1341	1652	0	0	1	1	0	22
PB2_vRNA	1404	1452	0	0	1	1	0	100
PB2_vRNA	1418	1455	0	0	1	2	0	98
PB2_vRNA	1419	1495	2	4	1	3	0	93
PB2_vRNA	1431	2248	0	0	1	140	3	96
PB2_vRNA	1455	1495	0	0	1	3	0	21
PB2_vRNA	1477	1561	0	0	1	2	0	86
PB2_vRNA	1490	2211	0	0	1	1	0	97
PB2_vRNA	1502	2044	0	0	1	1	0	62
PB2_vRNA	1556	1589	0	0	1	3	0	110
PB2_vRNA	1602	1632	0	0	1	4	0	64
PB2_vRNA	1643	2100	0	0	1	1	0	69
PB2_vRNA	1646	2093	0	0	1	2	0	11
PB2_vRNA	1681	1774	0	0	1	1	0	53
PB2_vRNA	1751	1787	0	0	1	3	0	125
PB2_vRNA	1763	1905	0	0	1	0	1	5
PB2_vRNA	1770	2269	0	0	1	1	0	7
PB2_vRNA	1827	1936	0	0	1	6	0	64
PB2_vRNA	1853	1867	0	0	1	4	0	114
PB2_vRNA	1881	1922	0	0	1	2	0	49
PB2_vRNA	1888	2205	0	0	1	0	1	3
PB2_vRNA	1964	2059	0	0	1	1	0	117
PB2_vRNA	1965	2088	1	1	1	1	0	3
PB2_vRNA	1982	2012	0	0	1	1	0	52
PB2_vRNA	1985	2015	0	0	1	177	4	147
PB2_vRNA	2078	2093	0	0	1	4	0	86
PB2_vRNA	2107	2122	0	0	1	1	0	28
PB2_vRNA	2201	2231	0	0	1	1	0	3
PB2_vRNA	2209	2243	0	0	1	3	0	56
PB2_vRNA	2212	2246	0	0	1	7440	23	65
PB2_vRNA	2213	2247	0	0	1	16	5	60
PB2_vRNA	2303	2310	0	0	1	2	0	1
