HA_vRNA	94	158	0	0	1	5	0	43
HA_vRNA	96	454	0	0	1	1	0	57
HA_vRNA	103	833	0	0	1	1	0	32
HA_vRNA	107	682	0	0	1	1	0	30
HA_vRNA	108	173	0	0	1	1	0	42
HA_vRNA	130	1634	0	0	1	3	0	102
HA_vRNA	131	1068	0	0	1	1	0	75
HA_vRNA	165	1157	0	0	1	1	0	27
HA_vRNA	168	675	0	0	1	1	0	107
HA_vRNA	172	1166	0	0	1	2	0	77
HA_vRNA	177	1550	0	0	1	1	0	54
HA_vRNA	179	644	0	0	1	1	0	20
HA_vRNA	183	670	0	0	1	1	0	77
HA_vRNA	187	650	0	0	1	2	0	69
HA_vRNA	188	1576	0	0	1	2	0	114
HA_vRNA	189	653	0	0	1	1	0	63
HA_vRNA	190	561	0	0	1	2	0	57
HA_vRNA	190	1200	0	0	1	1	0	104
HA_vRNA	192	792	0	0	1	1	0	98
HA_vRNA	193	1073	0	0	1	1	0	77
HA_vRNA	194	706	0	0	1	2	0	92
HA_vRNA	200	664	0	0	1	4	0	125
HA_vRNA	208	1189	0	0	1	1	0	20
HA_vRNA	213	560	0	0	1	1	0	111
HA_vRNA	213	631	0	0	1	4	0	107
HA_vRNA	213	1618	0	0	1	9	0	97
HA_vRNA	230	1636	0	0	1	1	0	89
HA_vRNA	238	786	0	0	1	1	0	11
HA_vRNA	247	1620	0	0	1	5	0	64
HA_vRNA	255	1025	0	0	1	1	0	147
HA_vRNA	258	314	0	0	1	1	0	89
HA_vRNA	267	513	0	0	1	1	0	76
HA_vRNA	269	315	0	0	1	1	0	61
HA_vRNA	269	516	0	0	1	1	0	4
HA_vRNA	270	518	0	0	1	1	0	102
HA_vRNA	270	520	0	0	1	5	0	98
HA_vRNA	271	1115	0	0	1	2	0	35
HA_vRNA	278	1598	0	0	1	1	0	122
HA_vRNA	282	503	0	0	1	1	0	80
HA_vRNA	286	520	0	0	1	3	0	102
HA_vRNA	286	587	0	0	1	1	0	43
HA_vRNA	301	1612	0	0	1	5	0	100
HA_vRNA	303	1509	0	0	1	2	0	72
HA_vRNA	304	915	0	0	1	1	0	28
HA_vRNA	332	1659	0	0	1	13	0	61
HA_vRNA	333	1524	0	0	1	0	1	4
HA_vRNA	339	1192	0	0	1	1	0	32
HA_vRNA	343	531	0	0	1	2	0	9
HA_vRNA	351	1508	0	0	1	4	0	104
HA_vRNA	351	1523	0	0	1	0	1	3
HA_vRNA	356	1505	0	0	1	1	0	50
HA_vRNA	356	1509	0	0	1	4	0	101
HA_vRNA	359	1594	0	0	1	1	0	94
HA_vRNA	370	1460	0	0	1	1	0	118
HA_vRNA	371	1505	0	0	1	1	0	6
HA_vRNA	375	1509	0	0	1	0	1	3
HA_vRNA	380	1466	0	0	1	1	0	109
HA_vRNA	389	453	0	0	1	1	0	36
HA_vRNA	390	1345	0	0	1	1	0	120
HA_vRNA	396	1469	0	0	1	1	0	124
HA_vRNA	398	1424	2	2	1	1	0	7
HA_vRNA	403	1452	0	0	1	1	0	76
HA_vRNA	409	544	0	0	1	1	0	21
HA_vRNA	411	1559	0	0	1	1	0	3
HA_vRNA	436	1544	0	0	1	1	0	81
HA_vRNA	445	709	2	6	1	4	0	92
HA_vRNA	447	1420	0	0	1	3	0	120
HA_vRNA	448	1487	0	0	1	1	0	129
HA_vRNA	451	1489	0	0	1	29	0	119
HA_vRNA	459	1509	0	0	1	0	1	3
HA_vRNA	485	1231	0	0	1	1	0	45
HA_vRNA	489	678	0	0	1	1	0	88
HA_vRNA	500	1405	0	0	1	1	0	82
HA_vRNA	514	1185	0	0	1	1	0	108
HA_vRNA	540	1422	0	0	1	1	0	60
HA_vRNA	606	1664	0	0	1	1	0	3
HA_vRNA	613	740	0	0	1	1	0	3
HA_vRNA	641	1159	0	0	1	1	0	127
HA_vRNA	645	1521	0	0	1	1	0	77
HA_vRNA	648	1424	0	0	1	1	0	50
HA_vRNA	658	758	0	0	1	1	0	14
HA_vRNA	678	1161	0	0	1	1	0	47
HA_vRNA	679	1518	0	0	1	1	0	26
HA_vRNA	682	1240	0	0	1	2	0	79
HA_vRNA	687	971	0	0	1	1	0	75
HA_vRNA	688	1381	0	0	1	1	0	72
HA_vRNA	690	1244	0	0	1	1	0	3
HA_vRNA	695	1515	0	0	1	1	0	31
HA_vRNA	717	969	0	0	1	1	0	5
HA_vRNA	745	954	0	0	1	2	0	71
HA_vRNA	751	1076	0	0	1	7	0	90
HA_vRNA	759	1518	0	0	1	1	0	69
HA_vRNA	762	1399	0	0	1	2	0	93
HA_vRNA	763	971	0	0	1	3	0	77
HA_vRNA	777	829	0	0	1	3	0	30
HA_vRNA	793	876	0	0	1	1	0	37
HA_vRNA	796	931	0	0	1	2	0	83
HA_vRNA	809	851	0	0	1	13	0	121
HA_vRNA	812	855	0	0	1	3	0	11
HA_vRNA	821	852	0	0	1	11	0	113
HA_vRNA	822	1420	0	0	1	1	0	86
HA_vRNA	835	949	0	0	1	1	0	70
HA_vRNA	868	927	1	1	1	1	0	61
HA_vRNA	877	920	0	0	1	1	0	85
HA_vRNA	882	1622	0	0	1	1	0	7
HA_vRNA	907	916	0	0	1	1	0	27
HA_vRNA	909	1062	0	0	1	1	0	6
HA_vRNA	941	1441	0	0	1	1	0	94
HA_vRNA	945	1469	0	0	1	1	0	35
HA_vRNA	980	1009	0	0	1	1	0	86
HA_vRNA	1008	1033	0	0	1	1	0	21
HA_vRNA	1009	1037	0	0	1	1	0	3
HA_vRNA	1062	1125	0	0	1	1	0	36
HA_vRNA	1073	1474	0	0	1	1	0	92
HA_vRNA	1077	1589	0	0	1	1	0	47
HA_vRNA	1095	1553	0	0	1	1	0	8
HA_vRNA	1097	1530	0	0	1	1	0	67
HA_vRNA	1104	1115	0	0	1	1	0	29
HA_vRNA	1105	1203	0	0	1	1	0	83
HA_vRNA	1119	1529	0	0	1	1	0	5
HA_vRNA	1188	1336	0	0	1	1	0	23
HA_vRNA	1217	1246	0	0	1	1	0	125
HA_vRNA	1250	1327	0	0	1	1	0	9
HA_vRNA	1339	1559	0	0	1	2	0	99
HA_vRNA	1393	1581	0	0	1	1	0	83
HA_vRNA	1421	1453	0	0	1	1	0	4
HA_vRNA	1435	1479	0	0	1	1	0	91
HA_vRNA	1537	1578	0	0	1	1	0	141
HA_vRNA	1538	1677	0	0	1	1	0	3
HA_vRNA	1572	1685	0	0	1	2	0	40
HA_vRNA	1579	1677	0	0	1	1	0	11
HA_vRNA	1617	1645	0	0	1	1	0	35
M_vRNA	92	224	0	0	1	1	0	40
M_vRNA	98	129	0	0	1	1	0	69
M_vRNA	100	133	0	0	1	2	0	41
M_vRNA	110	264	0	0	1	2	0	13
M_vRNA	110	404	0	0	1	1	0	14
M_vRNA	157	304	0	0	1	1	0	15
M_vRNA	161	206	0	0	1	0	1	3
M_vRNA	168	246	0	0	1	1	0	8
M_vRNA	187	246	0	0	1	1	0	52
M_vRNA	189	389	0	0	1	1	1	68
M_vRNA	190	211	0	0	1	0	1	8
M_vRNA	190	307	0	0	1	1	0	32
M_vRNA	193	393	0	0	1	43	0	129
M_vRNA	199	390	0	0	1	15	0	124
M_vRNA	206	390	0	0	1	0	1	7
M_vRNA	217	395	0	0	1	2	0	104
M_vRNA	232	266	0	0	1	1	0	84
M_vRNA	251	746	0	0	1	1	0	97
M_vRNA	264	536	0	0	1	1	0	45
M_vRNA	269	367	0	0	1	10	0	84
M_vRNA	269	463	0	0	1	1	0	22
M_vRNA	269	508	0	0	1	0	1	6
M_vRNA	270	509	0	0	1	1	0	59
M_vRNA	274	600	0	0	1	1	0	116
M_vRNA	274	674	0	0	1	1	0	4
M_vRNA	278	686	0	0	1	2	0	65
M_vRNA	281	635	0	0	1	3	0	86
M_vRNA	282	354	0	0	1	1	0	7
M_vRNA	288	753	0	0	1	1	0	34
M_vRNA	292	363	0	0	1	10	0	4
M_vRNA	292	381	0	0	1	1	0	16
M_vRNA	306	702	0	0	1	2	0	72
M_vRNA	316	706	0	0	1	2	0	22
M_vRNA	326	643	0	0	1	2	0	54
M_vRNA	334	362	0	0	1	1	0	38
M_vRNA	334	479	0	0	1	1	0	32
M_vRNA	342	521	0	0	1	1	0	12
M_vRNA	369	636	0	0	1	1	0	26
M_vRNA	369	640	0	0	1	1	0	24
M_vRNA	374	433	2	4	1	1	0	7
M_vRNA	376	516	0	0	1	9	1	101
M_vRNA	390	572	0	0	1	1	0	50
M_vRNA	390	625	0	0	1	1	0	50
M_vRNA	391	647	0	0	1	8	0	124
M_vRNA	392	669	0	0	1	1	0	64
M_vRNA	397	438	0	0	1	4	0	88
M_vRNA	399	676	0	0	1	1	0	8
M_vRNA	407	428	0	0	1	15	0	78
M_vRNA	407	658	0	0	1	8	0	84
M_vRNA	410	655	0	0	1	1	0	25
M_vRNA	410	658	0	0	1	4	0	78
M_vRNA	413	582	0	0	1	2	0	3
M_vRNA	414	658	0	0	1	1	0	71
M_vRNA	426	521	0	0	1	1	0	5
M_vRNA	427	642	0	0	1	5	0	119
M_vRNA	427	657	0	0	1	2	0	89
M_vRNA	432	662	0	0	1	1	0	109
M_vRNA	434	636	0	0	1	1	0	48
M_vRNA	435	658	0	0	1	13	0	112
M_vRNA	448	537	0	0	1	1	0	98
M_vRNA	467	883	0	0	1	1	0	27
M_vRNA	473	532	0	0	1	1	0	100
M_vRNA	473	586	0	0	1	1	0	71
M_vRNA	477	899	0	0	1	1	0	70
M_vRNA	479	583	0	0	1	1	0	59
M_vRNA	489	526	0	0	1	1	0	100
M_vRNA	499	856	0	0	1	2	0	114
M_vRNA	513	662	0	0	1	1	0	44
M_vRNA	515	646	0	0	1	1	0	6
M_vRNA	534	586	0	0	1	1	0	4
M_vRNA	552	638	0	0	1	1	0	66
M_vRNA	557	710	0	0	1	1	0	5
M_vRNA	568	641	1	3	1	1	0	3
M_vRNA	570	630	0	0	1	1	0	13
M_vRNA	593	624	0	0	1	7	0	121
M_vRNA	594	628	0	0	1	9	0	127
M_vRNA	600	624	0	0	1	2	0	113
M_vRNA	601	619	0	0	1	4	0	8
M_vRNA	601	621	0	0	1	6	0	70
M_vRNA	604	718	0	0	1	1	0	5
M_vRNA	689	912	2	2	1	1	0	86
M_vRNA	698	770	0	0	1	1	0	8
M_vRNA	714	752	0	0	1	1	0	42
M_vRNA	743	789	0	0	1	1	0	70
M_vRNA	749	802	0	0	1	8	0	104
M_vRNA	751	759	0	0	1	4	0	53
NA_vRNA	73	691	0	0	1	1	0	21
NA_vRNA	82	1223	0	0	1	1	0	30
NA_vRNA	102	374	0	0	1	1	0	80
NA_vRNA	113	856	0	0	1	1	0	65
NA_vRNA	115	1092	0	0	1	3	0	63
NA_vRNA	118	477	0	0	1	3	0	13
NA_vRNA	122	859	0	0	1	1	0	41
NA_vRNA	135	1370	0	0	1	1	0	26
NA_vRNA	142	1051	0	0	1	1	0	39
NA_vRNA	143	185	0	0	1	1	0	6
NA_vRNA	145	1234	0	0	1	1	0	61
NA_vRNA	151	595	0	0	1	1	0	9
NA_vRNA	152	624	0	0	1	12	0	91
NA_vRNA	157	320	0	0	1	1	0	7
NA_vRNA	159	201	0	0	1	1	0	72
NA_vRNA	164	651	0	0	1	1	0	65
NA_vRNA	172	1230	0	0	1	11	0	128
NA_vRNA	173	1308	0	0	1	387	0	102
NA_vRNA	174	691	0	0	1	5	0	135
NA_vRNA	176	1041	0	0	1	1	0	45
NA_vRNA	181	1039	1	3	1	2	0	3
NA_vRNA	185	1273	0	0	1	24	0	108
NA_vRNA	187	1210	0	0	1	7	0	131
NA_vRNA	190	1225	0	0	1	5	0	116
NA_vRNA	196	1323	0	0	1	37	0	87
NA_vRNA	203	269	0	0	1	1	0	116
NA_vRNA	203	1121	0	0	1	1	0	4
NA_vRNA	204	955	0	0	1	1	0	98
NA_vRNA	230	608	0	0	1	3	0	5
NA_vRNA	234	1258	0	0	1	14	0	138
NA_vRNA	236	276	0	0	1	1	0	3
NA_vRNA	244	903	0	0	1	1	0	38
NA_vRNA	259	380	0	0	1	3	0	78
NA_vRNA	261	436	0	0	1	1	0	56
NA_vRNA	261	1242	0	0	1	2	0	59
NA_vRNA	263	786	1	5	1	1	0	4
NA_vRNA	263	1219	1	5	1	1	0	82
NA_vRNA	270	763	0	0	1	2	0	6
NA_vRNA	271	1015	0	0	1	1	0	127
NA_vRNA	273	561	0	0	1	1	0	43
NA_vRNA	275	1098	0	0	1	1	0	3
NA_vRNA	276	1059	0	0	1	3	0	89
NA_vRNA	282	1068	2	2	1	2	0	76
NA_vRNA	284	1031	0	0	1	1	0	51
NA_vRNA	291	1143	0	0	1	1	0	3
NA_vRNA	291	1195	0	0	1	85	0	134
NA_vRNA	294	902	0	0	1	1	0	35
NA_vRNA	298	563	0	0	1	1	0	79
NA_vRNA	300	1181	0	0	1	1	0	88
NA_vRNA	304	697	0	0	1	1	0	123
NA_vRNA	304	883	0	0	1	1	0	67
NA_vRNA	308	1129	0	0	1	1	0	39
NA_vRNA	319	1066	0	0	1	1	0	28
NA_vRNA	326	637	0	0	1	1	0	5
NA_vRNA	326	757	0	0	1	1	0	88
NA_vRNA	328	634	0	0	1	1	0	65
NA_vRNA	328	769	0	0	1	1	0	66
NA_vRNA	330	370	0	0	1	1	0	42
NA_vRNA	334	1157	0	0	1	3	0	80
NA_vRNA	335	534	0	0	1	2	0	65
NA_vRNA	335	697	0	0	1	2	0	132
NA_vRNA	337	1204	0	0	1	33	0	135
NA_vRNA	341	1163	0	0	1	1	0	8
NA_vRNA	341	1197	0	0	1	8	0	150
NA_vRNA	344	362	0	0	1	6	0	122
NA_vRNA	347	559	0	0	1	1	0	117
NA_vRNA	347	988	0	0	1	1	0	82
NA_vRNA	349	471	0	0	1	1	0	79
NA_vRNA	354	950	0	0	1	2	0	98
NA_vRNA	359	1289	0	0	1	2	0	7
NA_vRNA	364	1111	0	0	1	1	0	90
NA_vRNA	365	499	0	0	1	1	0	53
NA_vRNA	367	496	0	0	1	1	0	10
NA_vRNA	368	977	0	0	1	1	0	19
NA_vRNA	369	1060	0	0	1	1	0	56
NA_vRNA	370	476	0	0	1	1	0	28
NA_vRNA	376	1282	0	0	1	71	0	114
NA_vRNA	382	983	0	0	1	2	0	44
NA_vRNA	382	1206	0	0	1	1	0	4
NA_vRNA	388	1055	0	0	1	24	0	127
NA_vRNA	395	477	0	0	1	3	0	54
NA_vRNA	414	774	0	0	1	1	0	5
NA_vRNA	414	1138	0	0	1	2	0	38
NA_vRNA	416	984	0	0	1	1	0	30
NA_vRNA	416	1036	0	0	1	1	0	7
NA_vRNA	421	1130	0	0	1	6	0	127
NA_vRNA	433	957	0	0	1	1	0	70
NA_vRNA	435	707	0	0	1	1	0	11
NA_vRNA	442	486	2	4	1	2	0	4
NA_vRNA	447	511	0	0	1	1	0	81
NA_vRNA	450	544	0	0	1	1	0	4
NA_vRNA	450	553	0	0	1	1	0	5
NA_vRNA	451	533	0	0	1	1	0	115
NA_vRNA	452	1257	0	0	1	1	0	23
NA_vRNA	453	476	0	0	1	1	0	66
NA_vRNA	457	931	0	0	1	1	0	20
NA_vRNA	459	1041	0	0	1	1	0	5
NA_vRNA	469	1090	0	0	1	1	0	3
NA_vRNA	469	1102	0	0	1	4	0	78
NA_vRNA	469	1123	0	0	1	1	0	22
NA_vRNA	485	997	0	0	1	1	0	88
NA_vRNA	492	524	0	0	1	1	0	115
NA_vRNA	514	1076	0	0	1	1	0	72
NA_vRNA	516	1063	0	0	1	3	0	91
NA_vRNA	519	1063	0	0	1	1	0	3
NA_vRNA	524	884	0	0	1	1	0	3
NA_vRNA	526	1109	0	0	1	11	0	118
NA_vRNA	527	1064	0	0	1	1	0	5
NA_vRNA	561	1133	0	0	1	1	0	100
NA_vRNA	565	835	0	0	1	1	0	60
NA_vRNA	570	695	0	0	1	1	1	9
NA_vRNA	580	701	0	0	1	0	1	10
NA_vRNA	582	929	0	0	1	1	0	21
NA_vRNA	584	1209	0	0	1	1	0	33
NA_vRNA	606	1189	0	0	1	67	0	123
NA_vRNA	609	1058	0	0	1	1	0	59
NA_vRNA	610	1140	0	0	1	1	0	40
NA_vRNA	616	849	0	0	1	2	0	65
NA_vRNA	627	656	0	0	1	1	0	95
NA_vRNA	631	875	0	0	1	1	0	58
NA_vRNA	631	1004	0	0	1	0	1	4
NA_vRNA	633	1020	0	0	1	1	0	5
NA_vRNA	644	893	0	0	1	2	0	126
NA_vRNA	660	1001	0	0	1	1	0	17
NA_vRNA	673	1034	0	0	1	1	0	98
NA_vRNA	702	857	0	0	1	1	0	39
NA_vRNA	702	927	0	0	1	1	0	69
NA_vRNA	725	1335	0	0	1	1	0	37
NA_vRNA	731	1089	0	0	1	1	0	63
NA_vRNA	732	1073	0	0	1	2	0	74
NA_vRNA	732	1175	0	0	1	2	0	84
NA_vRNA	807	1324	0	0	1	4	0	41
NA_vRNA	864	915	0	0	1	1	0	22
NA_vRNA	877	1150	0	0	1	1	0	77
NA_vRNA	880	1019	0	0	1	2	0	62
NA_vRNA	883	1087	0	0	1	1	0	3
NA_vRNA	888	1006	0	0	1	0	1	6
NA_vRNA	925	1240	0	0	1	1	0	44
NA_vRNA	926	1007	0	0	1	1	0	4
NA_vRNA	926	1034	0	0	1	1	0	110
NA_vRNA	928	1008	0	0	1	6	0	131
NA_vRNA	932	992	0	0	1	1	0	3
NA_vRNA	932	1023	0	0	1	3	0	121
NA_vRNA	936	1026	0	0	1	1	0	74
NA_vRNA	940	965	0	0	1	1	0	3
NA_vRNA	940	1047	0	0	1	2	0	3
NA_vRNA	958	981	0	0	1	1	0	57
NA_vRNA	958	1004	0	0	1	1	0	123
NA_vRNA	965	991	0	0	1	2	0	147
NA_vRNA	993	1223	0	0	1	1	0	4
NA_vRNA	1008	1042	0	0	1	7	0	122
NA_vRNA	1018	1066	0	0	1	1	0	59
NA_vRNA	1037	1062	0	0	1	5	0	78
NA_vRNA	1039	1077	0	0	1	1	0	32
NA_vRNA	1071	1095	0	0	1	1	0	62
NA_vRNA	1074	1092	0	0	1	1	0	3
NA_vRNA	1186	1223	0	0	1	3	0	85
NA_vRNA	1247	1326	0	0	1	1	0	29
NA_vRNA	1266	1277	0	0	1	1	0	25
NP_vRNA	54	408	0	0	1	2	0	24
NP_vRNA	69	677	0	0	1	5	0	38
NP_vRNA	72	161	0	0	1	1	0	34
NP_vRNA	72	986	0	0	1	1	0	34
NP_vRNA	79	136	0	0	1	1	0	41
NP_vRNA	84	324	0	0	1	8	0	46
NP_vRNA	92	151	1	3	1	1	0	62
NP_vRNA	139	1127	0	0	1	0	1	3
NP_vRNA	140	639	0	0	1	1	0	66
NP_vRNA	140	893	0	0	1	1	0	60
NP_vRNA	141	740	0	0	1	1	0	4
NP_vRNA	143	322	0	0	1	2	0	73
NP_vRNA	145	992	0	0	1	1	0	131
NP_vRNA	146	899	0	0	1	1	0	108
NP_vRNA	149	780	0	0	1	1	0	46
NP_vRNA	152	449	0	0	1	1	0	51
NP_vRNA	154	738	0	0	1	3	0	84
NP_vRNA	155	1106	0	0	1	1	0	108
NP_vRNA	159	1113	0	0	1	1	0	63
NP_vRNA	164	326	0	0	1	6	0	23
NP_vRNA	165	786	0	0	1	1	0	78
NP_vRNA	165	1103	0	0	1	1	0	85
NP_vRNA	167	354	0	0	1	3	0	116
NP_vRNA	168	257	0	0	1	4	0	83
NP_vRNA	172	1086	0	0	1	1	0	61
NP_vRNA	180	1147	0	0	1	1	0	76
NP_vRNA	181	1220	0	0	1	3	0	105
NP_vRNA	183	1025	0	0	1	1	0	26
NP_vRNA	189	1427	0	0	1	1	0	25
NP_vRNA	200	1412	0	0	1	1	0	28
NP_vRNA	201	1402	0	0	1	1	0	121
NP_vRNA	202	276	0	0	1	2	0	129
NP_vRNA	203	1413	0	0	1	222	0	135
NP_vRNA	206	1395	0	0	1	1	0	3
NP_vRNA	206	1402	0	0	1	1	0	37
NP_vRNA	211	271	2	6	1	4	0	114
NP_vRNA	218	1393	0	0	1	5	0	94
NP_vRNA	228	1151	0	0	1	4	0	127
NP_vRNA	233	994	0	0	1	1	0	99
NP_vRNA	233	1129	0	0	1	1	1	42
NP_vRNA	234	255	0	0	1	1	0	33
NP_vRNA	234	367	0	0	1	1	0	13
NP_vRNA	247	1394	0	0	1	1	0	3
NP_vRNA	248	867	0	0	1	1	0	96
NP_vRNA	252	420	0	0	1	2	0	111
NP_vRNA	258	1185	0	0	1	2	0	95
NP_vRNA	259	1425	0	0	1	46	0	127
NP_vRNA	262	1430	0	0	1	1	0	3
NP_vRNA	263	1352	0	0	1	3	0	84
NP_vRNA	263	1368	0	0	1	0	1	3
NP_vRNA	263	1419	0	0	1	0	1	3
NP_vRNA	265	1313	0	0	1	1	0	70
NP_vRNA	266	750	0	0	1	2	0	71
NP_vRNA	272	1390	0	0	1	4	0	104
NP_vRNA	276	1383	0	0	1	14	0	107
NP_vRNA	278	1366	2	6	1	1	0	33
NP_vRNA	281	1285	0	0	1	1	0	40
NP_vRNA	281	1401	0	0	1	1	0	5
NP_vRNA	281	1403	0	0	1	6	0	123
NP_vRNA	292	1079	0	0	1	1	0	110
NP_vRNA	296	1279	0	0	1	1	0	5
NP_vRNA	301	360	0	0	1	2	0	81
NP_vRNA	312	1366	0	0	1	1	0	39
NP_vRNA	329	1078	0	0	1	2	0	36
NP_vRNA	330	814	0	0	1	3	0	5
NP_vRNA	331	1367	0	0	1	5	0	130
NP_vRNA	339	1011	0	0	1	2	0	51
NP_vRNA	341	910	0	0	1	7	0	111
NP_vRNA	342	638	0	0	1	1	0	45
NP_vRNA	344	641	0	0	1	1	0	98
NP_vRNA	345	874	0	0	1	1	0	63
NP_vRNA	346	409	0	0	1	1	0	1
NP_vRNA	346	902	0	0	1	7	0	122
NP_vRNA	346	1309	0	0	1	1	0	4
NP_vRNA	352	918	0	0	1	1	0	74
NP_vRNA	352	1040	0	0	1	1	0	14
NP_vRNA	360	397	0	0	1	2	0	24
NP_vRNA	360	1235	0	0	1	1	0	61
NP_vRNA	363	1120	0	0	1	9	0	138
NP_vRNA	374	977	0	0	1	1	0	48
NP_vRNA	379	719	0	0	1	1	0	8
NP_vRNA	379	721	0	0	1	3	0	101
NP_vRNA	379	882	0	0	1	3	0	32
NP_vRNA	379	1204	0	0	1	1	0	39
NP_vRNA	380	724	0	0	1	5	0	79
NP_vRNA	381	1063	0	0	1	1	0	92
NP_vRNA	381	1129	0	0	1	1	0	81
NP_vRNA	385	1225	0	0	1	3	0	72
NP_vRNA	388	1256	0	0	1	3	0	86
NP_vRNA	395	705	0	0	1	2	0	106
NP_vRNA	397	802	0	0	1	1	0	63
NP_vRNA	397	1233	0	0	1	1	0	4
NP_vRNA	400	424	0	0	1	8	0	81
NP_vRNA	400	838	0	0	1	1	0	27
NP_vRNA	406	474	0	0	1	3	0	128
NP_vRNA	406	1122	0	0	1	1	0	5
NP_vRNA	406	1142	0	0	1	1	0	60
NP_vRNA	406	1216	0	0	1	5	0	75
NP_vRNA	408	643	0	0	1	1	0	62
NP_vRNA	408	1204	0	0	1	1	0	31
NP_vRNA	411	679	2	6	1	5	0	31
NP_vRNA	411	889	2	6	1	1	0	1
NP_vRNA	411	1484	2	6	1	1	0	52
NP_vRNA	414	1192	0	0	1	9	0	112
NP_vRNA	415	1196	0	0	1	1	0	93
NP_vRNA	424	1089	0	0	1	1	0	14
NP_vRNA	427	604	0	0	1	2	0	77
NP_vRNA	431	836	0	0	1	1	0	29
NP_vRNA	437	767	0	0	1	2	0	11
NP_vRNA	439	467	2	2	1	1	0	36
NP_vRNA	443	514	0	0	1	1	0	87
NP_vRNA	444	1189	0	0	1	1	0	4
NP_vRNA	452	1083	0	0	1	1	0	4
NP_vRNA	459	1145	0	0	1	2	0	107
NP_vRNA	485	501	0	0	1	3	0	117
NP_vRNA	488	603	0	0	1	3	0	113
NP_vRNA	499	1068	0	0	1	1	0	99
NP_vRNA	504	676	0	0	1	2	0	88
NP_vRNA	504	1023	0	0	1	1	0	46
NP_vRNA	504	1088	0	0	1	1	0	70
NP_vRNA	504	1139	0	0	1	2	0	99
NP_vRNA	511	1096	0	0	1	1	0	72
NP_vRNA	515	653	0	0	1	1	0	4
NP_vRNA	515	736	0	0	1	2	0	73
NP_vRNA	516	824	0	0	1	1	0	93
NP_vRNA	517	1043	0	0	1	1	0	71
NP_vRNA	517	1142	0	0	1	2	0	93
NP_vRNA	526	1459	0	0	1	1	0	65
NP_vRNA	528	633	0	0	1	2	0	98
NP_vRNA	532	832	0	0	1	2	0	4
NP_vRNA	533	1036	0	0	1	1	0	84
NP_vRNA	534	1119	0	0	1	1	0	5
NP_vRNA	535	661	0	0	1	1	0	114
NP_vRNA	536	1033	0	0	1	2	0	131
NP_vRNA	538	568	0	0	1	1	0	35
NP_vRNA	540	695	0	0	1	1	0	46
NP_vRNA	546	975	0	0	1	1	0	71
NP_vRNA	550	1039	0	0	1	2	0	87
NP_vRNA	552	707	0	0	1	1	0	89
NP_vRNA	556	1136	0	0	1	1	0	95
NP_vRNA	560	1042	0	0	1	1	0	50
NP_vRNA	566	1097	0	0	1	2	0	7
NP_vRNA	569	1137	0	0	1	1	0	4
NP_vRNA	584	595	0	0	1	3	0	88
NP_vRNA	598	829	0	0	1	1	0	3
NP_vRNA	606	699	0	0	1	2	0	9
NP_vRNA	609	722	0	0	1	1	0	43
NP_vRNA	610	985	0	0	1	1	0	88
NP_vRNA	622	938	0	0	1	1	0	111
NP_vRNA	636	866	0	0	1	3	0	101
NP_vRNA	637	1150	0	0	1	1	0	5
NP_vRNA	645	794	0	0	1	1	0	101
NP_vRNA	654	1074	0	0	1	1	0	114
NP_vRNA	661	1045	0	0	1	4	0	18
NP_vRNA	662	806	0	0	1	1	0	7
NP_vRNA	680	809	0	0	1	1	0	9
NP_vRNA	712	1031	0	0	1	1	0	49
NP_vRNA	718	1223	0	0	1	1	0	29
NP_vRNA	724	789	0	0	1	2	0	46
NP_vRNA	724	791	0	0	1	3	0	96
NP_vRNA	729	1369	0	0	1	1	0	38
NP_vRNA	736	871	0	0	1	0	1	4
NP_vRNA	740	997	0	0	1	1	0	64
NP_vRNA	759	783	0	0	1	1	0	1
NP_vRNA	759	803	0	0	1	1	0	28
NP_vRNA	764	847	0	0	1	3	0	43
NP_vRNA	770	1124	0	0	1	3	0	57
NP_vRNA	771	1130	0	0	1	1	0	30
NP_vRNA	777	883	0	0	1	1	0	83
NP_vRNA	780	1039	0	0	1	2	0	116
NP_vRNA	786	911	0	0	1	2	0	57
NP_vRNA	797	846	0	0	1	1	0	4
NP_vRNA	805	922	0	0	1	3	0	99
NP_vRNA	805	1036	0	0	1	2	0	111
NP_vRNA	815	961	0	0	1	1	0	20
NP_vRNA	816	1226	0	0	1	1	0	93
NP_vRNA	829	1346	0	0	1	2	0	82
NP_vRNA	839	1418	0	0	1	1	0	58
NP_vRNA	841	899	0	0	1	1	0	52
NP_vRNA	851	1117	0	0	1	3	0	90
NP_vRNA	855	1086	0	0	1	1	0	6
NP_vRNA	858	890	0	0	1	1	0	3
NP_vRNA	881	961	0	0	1	1	0	8
NP_vRNA	883	1204	0	0	1	1	0	147
NP_vRNA	889	1413	0	0	1	1	0	80
NP_vRNA	893	938	0	0	1	2	0	18
NP_vRNA	894	1202	0	0	1	1	0	36
NP_vRNA	894	1204	0	0	1	4	0	137
NP_vRNA	899	989	0	0	1	2	0	62
NP_vRNA	901	1364	0	0	1	1	0	126
NP_vRNA	902	1038	0	0	1	1	0	77
NP_vRNA	903	1211	0	0	1	1	0	110
NP_vRNA	905	1108	0	0	1	1	0	128
NP_vRNA	911	1044	0	0	1	3	0	64
NP_vRNA	915	1043	0	0	1	2	0	64
NP_vRNA	916	943	0	0	1	1	0	125
NP_vRNA	918	936	0	0	1	1	0	39
NP_vRNA	922	942	0	0	1	1	0	73
NP_vRNA	937	948	0	0	1	1	0	5
NP_vRNA	939	967	0	0	1	1	0	13
NP_vRNA	939	983	0	0	1	2	0	71
NP_vRNA	939	990	0	0	1	5	0	105
NP_vRNA	939	1036	0	0	1	11	1	113
NP_vRNA	947	1083	0	0	1	1	0	47
NP_vRNA	949	1139	0	0	1	1	0	3
NP_vRNA	958	1148	0	0	1	1	0	90
NP_vRNA	963	974	0	0	1	1	0	24
NP_vRNA	979	1086	0	0	1	1	0	11
NP_vRNA	982	1037	0	0	1	9	0	118
NP_vRNA	984	1030	0	0	1	1	0	7
NP_vRNA	988	1155	0	0	1	2	0	98
NP_vRNA	1026	1053	0	0	1	1	0	3
NP_vRNA	1030	1120	0	0	1	1	0	87
NP_vRNA	1043	1276	0	0	1	1	0	73
NP_vRNA	1060	1195	0	0	1	1	0	4
NP_vRNA	1102	1158	0	0	1	1	0	80
NP_vRNA	1138	1391	0	0	1	1	0	26
NP_vRNA	1146	1179	0	0	1	1	0	80
NP_vRNA	1149	1326	0	0	1	1	0	57
NP_vRNA	1161	1466	0	0	1	1	0	24
NP_vRNA	1177	1295	0	0	1	1	0	59
NP_vRNA	1182	1299	0	0	1	1	0	10
NP_vRNA	1186	1229	0	0	1	2	0	71
NP_vRNA	1198	1277	0	0	1	1	0	123
NP_vRNA	1245	1300	0	0	1	1	0	107
NP_vRNA	1287	1297	0	0	1	7	0	87
NP_vRNA	1299	1325	0	0	1	1	0	101
NP_vRNA	1329	1462	0	0	1	2	0	33
NP_vRNA	1334	1403	0	0	1	2	0	104
NS_vRNA	70	673	0	0	1	2	0	64
NS_vRNA	145	235	0	0	1	1	0	6
NS_vRNA	155	175	0	0	1	2	0	87
NS_vRNA	166	772	0	0	1	2	0	118
NS_vRNA	184	748	0	0	1	1	0	97
NS_vRNA	189	616	0	0	1	9	0	109
NS_vRNA	207	437	1	1	1	1	0	30
NS_vRNA	213	595	0	0	1	1	0	5
NS_vRNA	223	688	0	0	1	1	0	52
NS_vRNA	227	537	0	0	1	4	0	126
NS_vRNA	237	318	0	0	1	1	0	97
NS_vRNA	241	338	0	0	1	2	0	100
NS_vRNA	244	705	0	0	1	1	0	60
NS_vRNA	247	495	0	0	1	2	0	89
NS_vRNA	254	338	0	0	1	2	0	51
NS_vRNA	254	543	0	0	1	2	0	27
NS_vRNA	259	443	0	0	1	4	0	70
NS_vRNA	259	671	0	0	1	1	0	22
NS_vRNA	269	300	0	0	1	3	0	56
NS_vRNA	271	837	0	0	1	1	0	39
NS_vRNA	294	319	0	0	1	1	0	8
NS_vRNA	301	535	0	0	1	1	0	3
NS_vRNA	308	549	0	0	1	1	0	62
NS_vRNA	310	512	0	0	1	6	0	70
NS_vRNA	310	719	0	0	1	6	0	114
NS_vRNA	338	799	0	0	1	1	0	70
NS_vRNA	347	403	0	0	1	1	0	20
NS_vRNA	348	815	0	0	1	1	0	20
NS_vRNA	350	751	0	0	1	1	0	87
NS_vRNA	352	408	0	0	1	2	0	87
NS_vRNA	352	768	0	0	1	3	0	81
NS_vRNA	357	647	0	0	1	1	0	45
NS_vRNA	358	382	0	0	1	1	0	65
NS_vRNA	366	530	0	0	1	2	0	65
NS_vRNA	367	531	0	0	1	1	0	43
NS_vRNA	373	444	0	0	1	1	0	3
NS_vRNA	389	425	0	0	1	1	0	83
NS_vRNA	393	471	0	0	1	2	0	37
NS_vRNA	425	444	0	0	1	2	0	65
NS_vRNA	463	535	0	0	1	1	0	10
NS_vRNA	489	513	0	0	1	4	0	83
NS_vRNA	557	625	0	0	1	1	0	103
NS_vRNA	558	630	0	0	1	1	0	110
NS_vRNA	573	848	0	0	1	1	0	38
NS_vRNA	581	643	0	0	1	1	0	7
NS_vRNA	612	647	1	1	1	1	0	4
NS_vRNA	665	831	0	0	1	1	0	13
NS_vRNA	674	701	0	0	1	1	0	62
NS_vRNA	700	730	0	0	1	4	0	119
NS_vRNA	735	760	0	0	1	4	0	67
NS_vRNA	738	770	0	0	1	4	0	114
NS_vRNA	806	825	0	0	1	5	0	54
NS_vRNA	828	842	0	0	1	1	0	17
PA_vRNA	51	918	0	0	1	1	0	23
PA_vRNA	54	145	0	0	1	1	1	8
PA_vRNA	55	1106	0	0	1	1	0	6
PA_vRNA	57	328	0	0	1	1	0	29
PA_vRNA	66	1965	0	0	1	3	0	48
PA_vRNA	69	142	0	0	1	4	0	24
PA_vRNA	69	424	0	0	1	1	0	39
PA_vRNA	73	602	2	6	1	19	1	5
PA_vRNA	73	1161	2	6	1	2	0	62
PA_vRNA	73	1823	2	6	1	1	0	23
PA_vRNA	84	237	0	0	1	3	0	52
PA_vRNA	95	122	0	0	1	1	0	30
PA_vRNA	98	164	0	0	1	3	0	8
PA_vRNA	103	290	0	0	1	0	1	5
PA_vRNA	107	2066	0	0	1	2	0	79
PA_vRNA	110	615	0	0	1	2	0	30
PA_vRNA	111	169	0	0	1	3	0	7
PA_vRNA	111	1865	0	0	1	1	0	58
PA_vRNA	115	175	0	0	1	17	0	99
PA_vRNA	115	181	0	0	1	0	1	4
PA_vRNA	117	1920	0	0	1	1	3	99
PA_vRNA	120	340	0	0	1	1	0	58
PA_vRNA	137	2011	0	0	1	0	2	5
PA_vRNA	143	1336	0	0	1	6	0	120
PA_vRNA	144	1014	0	0	1	1	0	45
PA_vRNA	146	1291	0	0	1	2	0	62
PA_vRNA	150	1041	0	0	1	1	0	98
PA_vRNA	151	1023	0	0	1	1	0	6
PA_vRNA	153	570	0	0	1	1	0	70
PA_vRNA	153	1102	0	0	1	1	0	106
PA_vRNA	156	323	0	0	1	2	0	90
PA_vRNA	161	192	0	0	1	0	2	22
PA_vRNA	161	2086	0	0	1	0	1	3
PA_vRNA	165	525	0	0	1	1	0	7
PA_vRNA	167	205	0	0	1	1	0	98
PA_vRNA	167	1700	0	0	1	1	0	92
PA_vRNA	172	1652	0	0	1	1	0	61
PA_vRNA	183	2134	0	0	1	2	0	93
PA_vRNA	186	1950	0	0	1	1	0	139
PA_vRNA	194	2132	0	0	1	0	1	3
PA_vRNA	195	1953	0	0	1	2	0	136
PA_vRNA	197	2103	0	0	1	1	0	3
PA_vRNA	198	378	0	0	1	2	0	30
PA_vRNA	208	520	0	0	1	1	0	135
PA_vRNA	209	257	0	0	1	1	0	5
PA_vRNA	210	2053	0	0	1	1	0	5
PA_vRNA	213	256	0	0	1	2	1	28
PA_vRNA	213	2023	0	0	1	110	0	130
PA_vRNA	214	1768	0	0	1	1	0	63
PA_vRNA	214	2032	0	0	1	5	0	110
PA_vRNA	219	1864	0	0	1	1	0	7
PA_vRNA	222	692	0	0	1	1	1	51
PA_vRNA	222	2035	0	0	1	241	1	138
PA_vRNA	222	2055	0	0	1	1	0	2
PA_vRNA	222	2090	0	0	1	1	0	1
PA_vRNA	222	2107	0	0	1	0	1	3
PA_vRNA	222	2111	0	0	1	0	1	3
PA_vRNA	223	2089	0	0	1	1	0	1
PA_vRNA	225	695	0	0	1	96	0	50
PA_vRNA	225	1976	0	0	1	52	0	126
PA_vRNA	225	2113	0	0	1	85	0	120
PA_vRNA	226	1999	0	0	1	1	0	6
PA_vRNA	231	1984	0	0	1	1	0	5
PA_vRNA	235	2087	0	0	1	0	3	25
PA_vRNA	236	2079	0	0	1	3	0	1
PA_vRNA	236	2088	0	0	1	3	0	104
PA_vRNA	237	1931	0	0	1	1	0	68
PA_vRNA	237	1992	0	0	1	1	0	1
PA_vRNA	237	2032	0	0	1	0	1	7
PA_vRNA	237	2068	0	0	1	0	1	7
PA_vRNA	237	2090	0	0	1	2	0	46
PA_vRNA	237	2107	0	0	1	1	0	2
PA_vRNA	238	1998	0	0	1	0	20	6
PA_vRNA	238	2006	0	0	1	1	0	3
PA_vRNA	238	2016	0	0	1	3	0	118
PA_vRNA	238	2090	0	0	1	3546	25	144
PA_vRNA	239	1969	0	0	1	6	0	121
PA_vRNA	239	1971	0	0	1	1	0	3
PA_vRNA	239	1996	0	0	1	1	0	34
PA_vRNA	240	2092	0	0	1	1	1	141
PA_vRNA	242	477	0	0	1	1	0	3
PA_vRNA	242	2037	0	0	1	1	0	4
PA_vRNA	242	2094	0	0	1	0	2	37
PA_vRNA	243	1998	0	0	1	1567	9	149
PA_vRNA	243	2000	0	0	1	2	0	2
PA_vRNA	243	2067	0	0	1	193	0	131
PA_vRNA	244	1999	0	0	1	2	0	22
PA_vRNA	245	2069	0	0	1	1	0	44
PA_vRNA	245	2096	0	0	1	4	0	69
PA_vRNA	246	2040	0	0	1	1	0	97
PA_vRNA	246	2122	0	0	1	1	0	75
PA_vRNA	248	1791	0	0	1	75	0	132
PA_vRNA	248	2036	0	0	1	1	0	3
PA_vRNA	249	2090	0	0	1	1	0	3
PA_vRNA	250	2046	2	6	1	0	1	3
PA_vRNA	252	2143	0	0	1	3	0	62
PA_vRNA	253	1988	0	0	1	2	0	64
PA_vRNA	253	1999	0	0	1	1	0	3
PA_vRNA	253	2034	0	0	1	1	0	1
PA_vRNA	253	2060	0	0	1	2	0	70
PA_vRNA	253	2061	0	0	1	1	1	2
PA_vRNA	253	2073	0	0	1	1	0	5
PA_vRNA	254	1989	0	0	1	3	0	100
PA_vRNA	254	2061	0	0	1	848	1	144
PA_vRNA	255	1934	0	0	1	1	0	3
PA_vRNA	255	2062	0	0	1	2	0	39
PA_vRNA	256	2061	0	0	1	2	0	39
PA_vRNA	258	1940	0	0	1	105	0	128
PA_vRNA	258	2050	0	0	1	62	0	126
PA_vRNA	260	2013	0	0	1	3	0	93
PA_vRNA	262	2001	0	0	1	1	0	1
PA_vRNA	262	2030	0	0	1	593	1	143
PA_vRNA	262	2042	0	0	1	1	0	1
PA_vRNA	263	2038	0	0	1	1	0	1
PA_vRNA	263	2052	0	0	1	1	0	2
PA_vRNA	263	2057	0	0	1	3	0	3
PA_vRNA	264	2023	0	0	1	105	0	130
PA_vRNA	265	1932	0	0	1	1	0	3
PA_vRNA	265	2034	0	0	1	2	0	3
PA_vRNA	266	1996	0	0	1	2	0	5
PA_vRNA	266	2052	0	0	1	1	0	43
PA_vRNA	268	1976	0	0	1	0	9	7
PA_vRNA	268	2037	0	0	1	0	1	3
PA_vRNA	268	2052	0	0	1	53	9	7
PA_vRNA	270	2064	0	0	1	1	0	5
PA_vRNA	270	2072	0	0	1	5	0	114
PA_vRNA	271	2037	0	0	1	1	0	3
PA_vRNA	272	1587	0	0	1	8	1	94
PA_vRNA	273	2041	0	0	1	107	1	5
PA_vRNA	274	2045	0	0	1	45	0	6
PA_vRNA	277	1686	0	0	1	1	0	19
PA_vRNA	277	2021	0	0	1	1	0	4
PA_vRNA	279	2089	0	0	1	3	0	105
PA_vRNA	281	2045	0	0	1	3	0	124
PA_vRNA	282	2099	0	0	1	21	0	123
PA_vRNA	283	2025	0	0	1	2	0	52
PA_vRNA	283	2088	0	0	1	3	0	116
PA_vRNA	284	2024	0	0	1	1	0	38
PA_vRNA	285	1937	0	0	1	1	1	5
PA_vRNA	285	1954	0	0	1	1	0	115
PA_vRNA	285	1976	0	0	1	0	1	3
PA_vRNA	285	2027	0	0	1	590	1	138
PA_vRNA	285	2029	0	0	1	1	0	35
PA_vRNA	286	1952	0	0	1	212	0	148
PA_vRNA	286	2051	0	0	1	1	0	74
PA_vRNA	287	1953	0	0	1	1	0	39
PA_vRNA	287	2021	0	0	1	3	0	81
PA_vRNA	287	2047	0	0	1	1	0	85
PA_vRNA	289	355	0	0	1	10	5	82
PA_vRNA	289	2028	0	0	1	15	3	9
PA_vRNA	290	2048	0	0	1	109	0	144
PA_vRNA	291	355	0	0	1	1	1	3
PA_vRNA	291	2030	0	0	1	1	0	3
PA_vRNA	292	355	0	0	1	467	8	126
PA_vRNA	292	2026	0	0	1	1	0	2
PA_vRNA	292	2049	0	0	1	266	0	138
PA_vRNA	292	2116	0	0	1	1	0	3
PA_vRNA	293	2003	0	0	1	1	1	6
PA_vRNA	293	2040	0	0	1	1	0	1
PA_vRNA	293	2053	0	0	1	1	0	3
PA_vRNA	293	2061	0	0	1	1	0	6
PA_vRNA	294	357	0	0	1	4	1	86
PA_vRNA	294	1997	0	0	1	133	0	141
PA_vRNA	294	2070	0	0	1	2	0	3
PA_vRNA	294	2073	0	0	1	1	0	5
PA_vRNA	295	2051	0	0	1	5	0	86
PA_vRNA	296	2035	0	0	1	1	0	12
PA_vRNA	297	333	0	0	1	2	0	83
PA_vRNA	297	2031	0	0	1	1	0	1
PA_vRNA	297	2039	0	0	1	4	0	1
PA_vRNA	297	2051	0	0	1	1	0	2
PA_vRNA	298	2037	0	0	1	1265	1	147
PA_vRNA	298	2044	0	0	1	2	0	2
PA_vRNA	298	2104	0	0	1	5	0	74
PA_vRNA	299	1963	0	0	1	6	0	135
PA_vRNA	299	1985	0	0	1	68	0	127
PA_vRNA	299	2021	0	0	1	1	0	68
PA_vRNA	302	426	0	0	1	1	0	10
PA_vRNA	302	2003	0	0	1	1	1	7
PA_vRNA	303	372	0	0	1	2	1	75
PA_vRNA	303	2043	0	0	1	31	0	124
PA_vRNA	304	1986	0	0	1	1	0	1
PA_vRNA	305	429	2	2	1	9	8	47
PA_vRNA	305	1973	0	0	1	170	1	139
PA_vRNA	305	1976	0	0	1	0	1	3
PA_vRNA	305	2033	2	2	1	0	1	4
PA_vRNA	305	2119	0	0	1	433	1	115
PA_vRNA	307	1993	0	0	1	1	0	3
PA_vRNA	307	1996	0	0	1	1	0	1
PA_vRNA	308	1993	0	0	1	1334	1	148
PA_vRNA	309	433	0	0	1	534	1	43
PA_vRNA	309	1995	0	0	1	1	0	85
PA_vRNA	309	1996	0	0	1	1	0	3
PA_vRNA	310	323	0	0	1	3	1	122
PA_vRNA	310	326	0	0	1	2	0	23
PA_vRNA	310	505	0	0	1	1	0	41
PA_vRNA	310	1995	0	0	1	2	0	67
PA_vRNA	312	1962	0	0	1	1	0	3
PA_vRNA	312	2028	0	0	1	0	3	6
PA_vRNA	314	2027	0	0	1	1	0	67
PA_vRNA	315	851	0	0	1	4	0	116
PA_vRNA	316	328	0	0	1	17	0	105
PA_vRNA	317	1953	0	0	1	8	0	90
PA_vRNA	317	2010	0	0	1	1	0	3
PA_vRNA	319	1996	0	0	1	1	0	2
PA_vRNA	319	2123	0	0	1	7	0	94
PA_vRNA	321	329	0	0	1	7	1	5
PA_vRNA	321	1933	0	0	1	5	0	97
PA_vRNA	321	1998	0	0	1	0	6	3
PA_vRNA	321	2120	0	0	1	14	0	100
PA_vRNA	322	396	0	0	1	1	0	3
PA_vRNA	322	2030	0	0	1	24	0	112
PA_vRNA	325	332	0	0	1	6	0	31
PA_vRNA	326	515	0	0	1	1	0	3
PA_vRNA	329	2010	0	0	1	2	3	1
PA_vRNA	329	2011	0	0	1	1	0	3
PA_vRNA	329	2096	0	0	1	1	0	53
PA_vRNA	330	2021	0	0	1	2	0	28
PA_vRNA	331	2011	0	0	1	919	5	147
PA_vRNA	332	2012	0	0	1	2	0	77
PA_vRNA	332	2084	0	0	1	21	0	123
PA_vRNA	333	1902	0	0	1	1	0	4
PA_vRNA	336	1766	0	0	1	4	0	125
PA_vRNA	346	1627	0	0	1	1	0	70
PA_vRNA	347	1964	0	0	1	9	0	125
PA_vRNA	350	1823	0	0	1	7	0	136
PA_vRNA	351	360	0	0	1	1	0	22
PA_vRNA	352	377	1	3	1	1	2	77
PA_vRNA	353	2027	0	0	1	2	0	1
PA_vRNA	354	2027	0	0	1	3	0	1
PA_vRNA	355	2005	0	0	1	1	0	3
PA_vRNA	355	2020	0	0	1	5	0	94
PA_vRNA	355	2026	1	5	1	1	0	1
PA_vRNA	356	1941	0	0	1	1	0	3
PA_vRNA	356	2015	0	0	1	1	0	3
PA_vRNA	359	1892	0	0	1	6	0	90
PA_vRNA	359	1967	0	0	1	1	0	4
PA_vRNA	359	2074	0	0	1	1	0	7
PA_vRNA	360	1093	0	0	1	3	0	91
PA_vRNA	360	2023	0	0	1	1	0	30
PA_vRNA	361	1916	0	0	1	1	0	4
PA_vRNA	361	2024	0	0	1	1119	2	144
PA_vRNA	363	1670	0	0	1	0	1	6
PA_vRNA	363	1888	0	0	1	7	0	94
PA_vRNA	363	1936	0	0	1	1	0	3
PA_vRNA	363	1969	0	0	1	52	0	130
PA_vRNA	364	2035	0	0	1	1	0	23
PA_vRNA	365	1998	0	0	1	1	0	24
PA_vRNA	368	1426	0	0	1	1	0	69
PA_vRNA	368	1932	0	0	1	1	0	3
PA_vRNA	369	1972	0	0	1	9	0	117
PA_vRNA	372	1833	0	0	1	1	0	3
PA_vRNA	374	1127	0	0	1	1	0	9
PA_vRNA	378	653	0	0	1	1	1	35
PA_vRNA	382	1852	0	0	1	0	1	7
PA_vRNA	383	640	0	0	1	3	0	80
PA_vRNA	385	620	0	0	1	1	0	130
PA_vRNA	386	1818	0	0	1	1	0	3
PA_vRNA	387	1958	0	0	1	21	0	97
PA_vRNA	389	1928	0	0	1	2	0	24
PA_vRNA	390	719	0	0	1	1	0	62
PA_vRNA	390	1564	0	0	1	1	0	55
PA_vRNA	392	1878	2	6	1	3	0	31
PA_vRNA	392	1965	0	0	1	5	0	124
PA_vRNA	394	1827	0	0	1	0	4	6
PA_vRNA	395	421	0	0	1	1	1	5
PA_vRNA	396	1882	0	0	1	1	0	38
PA_vRNA	398	1943	0	0	1	11	0	114
PA_vRNA	401	1789	0	0	1	1	0	39
PA_vRNA	403	1158	0	0	1	1	0	42
PA_vRNA	403	1655	0	0	1	1	0	50
PA_vRNA	404	693	0	0	1	0	1	3
PA_vRNA	405	1842	0	0	1	2	1	94
PA_vRNA	405	1874	0	0	1	0	1	3
PA_vRNA	408	540	0	0	1	3	0	69
PA_vRNA	408	1817	0	0	1	1	0	4
PA_vRNA	408	1929	0	0	1	1	0	44
PA_vRNA	409	1956	0	0	1	1	0	3
PA_vRNA	410	1872	0	0	1	18	0	117
PA_vRNA	410	1935	0	0	1	1	0	58
PA_vRNA	411	1651	0	0	1	7	0	91
PA_vRNA	411	1954	0	0	1	1	0	102
PA_vRNA	417	460	0	0	1	1	0	3
PA_vRNA	419	1912	0	0	1	1	0	30
PA_vRNA	420	923	0	0	1	1	0	6
PA_vRNA	421	1728	0	0	1	1	0	5
PA_vRNA	421	1873	0	0	1	1	0	16
PA_vRNA	421	1935	0	0	1	1	1	6
PA_vRNA	421	1983	0	0	1	1	0	135
PA_vRNA	423	486	0	0	1	1	0	2
PA_vRNA	423	1824	0	0	1	3	7	34
PA_vRNA	424	1801	0	0	1	1	0	28
PA_vRNA	425	1013	0	0	1	1	0	103
PA_vRNA	425	1609	0	0	1	1	0	85
PA_vRNA	425	1822	0	0	1	2	1	118
PA_vRNA	425	1825	0	0	1	2	0	3
PA_vRNA	426	929	0	0	1	2	0	9
PA_vRNA	426	1824	0	0	1	3	0	1
PA_vRNA	426	1842	0	0	1	2	0	2
PA_vRNA	428	1825	0	0	1	8736	27	148
PA_vRNA	428	1826	0	0	1	8	3	104
PA_vRNA	428	1827	0	0	1	3	0	7
PA_vRNA	428	1978	0	0	1	1	0	4
PA_vRNA	429	1033	0	0	1	3	0	44
PA_vRNA	429	1826	0	0	1	2	0	112
PA_vRNA	431	1991	2	4	1	2	0	1
PA_vRNA	433	1869	0	0	1	6	0	103
PA_vRNA	434	1838	0	0	1	3	0	7
PA_vRNA	435	1903	0	0	1	16	0	123
PA_vRNA	436	1928	0	0	1	1	0	3
PA_vRNA	438	1959	0	0	1	0	1	3
PA_vRNA	440	2001	0	0	1	0	1	5
PA_vRNA	445	979	0	0	1	1	0	115
PA_vRNA	446	1894	0	0	1	2	0	41
PA_vRNA	447	484	0	0	1	1	0	3
PA_vRNA	451	1876	0	0	1	2	0	1
PA_vRNA	451	1884	0	0	1	11	0	68
PA_vRNA	453	1877	0	0	1	1004	2	146
PA_vRNA	453	1929	0	0	1	1	0	3
PA_vRNA	454	1899	0	0	1	2	0	43
PA_vRNA	454	2105	0	0	1	1	0	4
PA_vRNA	455	1962	0	0	1	0	1	3
PA_vRNA	455	1971	0	0	1	0	1	3
PA_vRNA	456	1328	0	0	1	2	0	38
PA_vRNA	456	1742	0	0	1	1	0	82
PA_vRNA	461	1932	0	0	1	5	0	119
PA_vRNA	467	1997	0	0	1	8	0	115
PA_vRNA	468	1656	0	0	1	1	0	94
PA_vRNA	471	1775	0	0	1	11	0	73
PA_vRNA	471	1883	0	0	1	13	0	128
PA_vRNA	472	1844	0	0	1	0	1	3
PA_vRNA	473	1884	0	0	1	2	0	39
PA_vRNA	474	1871	0	0	1	2	0	55
PA_vRNA	474	1919	0	0	1	1	0	2
PA_vRNA	475	1830	0	0	1	1	0	10
PA_vRNA	476	1829	0	0	1	3	0	77
PA_vRNA	477	1868	0	0	1	1	0	7
PA_vRNA	477	1888	0	0	1	517	0	52
PA_vRNA	480	1310	0	0	1	1	0	78
PA_vRNA	480	1789	0	0	1	1	0	39
PA_vRNA	480	1918	0	0	1	439	3	126
PA_vRNA	480	1928	0	0	1	1	0	2
PA_vRNA	483	1395	0	0	1	2	0	147
PA_vRNA	484	1892	0	0	1	1	0	5
PA_vRNA	486	1669	0	0	1	3	0	84
PA_vRNA	486	2004	0	0	1	76	0	144
PA_vRNA	487	1595	0	0	1	1	0	102
PA_vRNA	490	1009	0	0	1	1	0	92
PA_vRNA	491	1832	0	0	1	1	0	2
PA_vRNA	492	1865	0	0	1	1	0	6
PA_vRNA	492	1938	0	0	1	5	0	139
PA_vRNA	495	511	0	0	1	0	1	5
PA_vRNA	495	1972	0	0	1	7	0	117
PA_vRNA	496	1918	0	0	1	3	0	114
PA_vRNA	497	2016	0	0	1	30	0	137
PA_vRNA	507	526	0	0	1	1	0	4
PA_vRNA	512	1728	0	0	1	3	0	120
PA_vRNA	512	1745	0	0	1	58	0	138
PA_vRNA	512	1875	0	0	1	15	0	114
PA_vRNA	517	1160	0	0	1	1	1	45
PA_vRNA	517	2095	0	0	1	0	1	3
PA_vRNA	523	1958	0	0	1	2	0	55
PA_vRNA	524	1725	0	0	1	55	0	146
PA_vRNA	524	1863	0	0	1	2	0	32
PA_vRNA	526	1865	0	0	1	189	1	134
PA_vRNA	526	1961	0	0	1	93	0	147
PA_vRNA	527	1790	0	0	1	5	0	111
PA_vRNA	528	1625	0	0	1	1	0	75
PA_vRNA	528	1751	0	0	1	43	0	130
PA_vRNA	528	1840	0	0	1	1	0	54
PA_vRNA	530	1651	0	0	1	1	0	62
PA_vRNA	534	1519	2	4	1	0	2	5
PA_vRNA	534	1986	0	0	1	0	1	5
PA_vRNA	538	1704	0	0	1	1	0	7
PA_vRNA	539	642	0	0	1	2	0	59
PA_vRNA	539	1718	0	0	1	4	1	108
PA_vRNA	539	1822	0	0	1	11	0	130
PA_vRNA	539	1916	0	0	1	1	0	86
PA_vRNA	540	1848	0	0	1	1	0	94
PA_vRNA	542	1942	1	5	1	5	0	60
PA_vRNA	544	1642	0	0	1	3	0	87
PA_vRNA	545	1350	0	0	1	1	0	4
PA_vRNA	559	2136	0	0	1	101	2	98
PA_vRNA	562	1675	0	0	1	2	1	98
PA_vRNA	562	1822	0	0	1	0	1	4
PA_vRNA	568	1768	0	0	1	27	0	115
PA_vRNA	569	1150	0	0	1	1	0	46
PA_vRNA	569	1151	0	0	1	3	0	64
PA_vRNA	569	1771	0	0	1	2	0	22
PA_vRNA	572	1307	0	0	1	1	0	3
PA_vRNA	573	1798	0	0	1	4	0	125
PA_vRNA	575	641	0	0	1	1	0	6
PA_vRNA	576	1158	0	0	1	5	0	114
PA_vRNA	578	1846	2	2	1	1	0	77
PA_vRNA	581	1825	0	0	1	0	1	5
PA_vRNA	581	2011	0	0	1	0	1	5
PA_vRNA	582	1160	0	0	1	1	0	93
PA_vRNA	583	1167	0	0	1	1	0	72
PA_vRNA	583	1485	0	0	1	1	0	12
PA_vRNA	590	1787	0	0	1	2	0	50
PA_vRNA	591	791	0	0	1	1	0	26
PA_vRNA	591	1704	0	0	1	1	0	6
PA_vRNA	591	1755	0	0	1	0	1	3
PA_vRNA	591	1756	0	0	1	3	0	3
PA_vRNA	591	1788	0	0	1	398	3	53
PA_vRNA	592	1757	0	0	1	1	0	1
PA_vRNA	592	1921	0	0	1	0	1	4
PA_vRNA	593	1159	0	0	1	1	0	4
PA_vRNA	593	1757	0	0	1	918	3	149
PA_vRNA	595	1155	0	0	1	1	0	4
PA_vRNA	595	1683	0	0	1	6	0	134
PA_vRNA	595	1759	0	0	1	1	0	62
PA_vRNA	596	1191	0	0	1	3	0	58
PA_vRNA	599	1277	0	0	1	1	0	49
PA_vRNA	600	1157	0	0	1	1	0	20
PA_vRNA	600	2137	0	0	1	1	0	74
PA_vRNA	601	1755	0	0	1	1	0	21
PA_vRNA	601	1762	0	0	1	14	0	122
PA_vRNA	604	673	0	0	1	1	0	59
PA_vRNA	605	1668	0	0	1	1	0	53
PA_vRNA	605	1749	0	0	1	2	0	74
PA_vRNA	610	1589	0	0	1	1	0	93
PA_vRNA	613	1667	0	0	1	0	1	3
PA_vRNA	616	1596	0	0	1	1	0	14
PA_vRNA	623	1801	0	0	1	1	0	76
PA_vRNA	625	1741	0	0	1	4	0	113
PA_vRNA	626	1869	0	0	1	1	0	5
PA_vRNA	627	1484	0	0	1	1	0	96
PA_vRNA	629	1594	0	0	1	1	0	51
PA_vRNA	632	1764	0	0	1	1	0	64
PA_vRNA	634	1602	0	0	1	1	0	90
PA_vRNA	635	1722	0	0	1	1	0	78
PA_vRNA	645	1091	0	0	1	3	0	53
PA_vRNA	646	1105	0	0	1	1	0	89
PA_vRNA	648	1064	0	0	1	1	0	6
PA_vRNA	652	1790	0	0	1	108	0	134
PA_vRNA	655	1071	0	0	1	1	0	110
PA_vRNA	657	1547	0	0	1	2	0	40
PA_vRNA	657	1725	0	0	1	2	0	72
PA_vRNA	659	1048	0	0	1	3	0	104
PA_vRNA	659	1775	0	0	1	1	0	71
PA_vRNA	659	1797	0	0	1	1	0	4
PA_vRNA	663	1789	0	0	1	24	1	130
PA_vRNA	664	1714	0	0	1	4	0	104
PA_vRNA	664	1721	0	0	1	3	0	40
PA_vRNA	665	1054	0	0	1	2	0	80
PA_vRNA	666	1723	1	1	1	2236	5	149
PA_vRNA	666	1725	1	1	1	1	0	4
PA_vRNA	667	1724	0	0	1	2	0	56
PA_vRNA	678	1111	0	0	1	1	0	100
PA_vRNA	678	1713	0	0	1	7	0	126
PA_vRNA	684	1411	0	0	1	1	0	67
PA_vRNA	693	1649	0	0	1	2	0	25
PA_vRNA	695	1605	0	0	1	2	0	67
PA_vRNA	696	1611	0	0	1	1	0	3
PA_vRNA	696	1777	0	0	1	1	0	3
PA_vRNA	699	1530	0	0	1	1	0	74
PA_vRNA	702	1655	0	0	1	1	0	25
PA_vRNA	712	774	0	0	1	2	0	52
PA_vRNA	713	1500	0	0	1	4	0	125
PA_vRNA	713	1639	0	0	1	1	0	3
PA_vRNA	719	1536	2	4	1	1	0	38
PA_vRNA	734	1312	0	0	1	1	0	62
PA_vRNA	737	1713	0	0	1	1	0	3
PA_vRNA	744	753	0	0	1	70	0	48
PA_vRNA	753	893	0	0	1	1	0	67
PA_vRNA	759	1425	0	0	1	1	0	40
PA_vRNA	759	1695	0	0	1	10	0	103
PA_vRNA	763	772	0	0	1	2	0	56
PA_vRNA	773	790	0	0	1	1	0	35
PA_vRNA	773	1528	0	0	1	2	0	45
PA_vRNA	786	1653	0	0	1	1	0	125
PA_vRNA	787	858	0	0	1	2	0	54
PA_vRNA	789	2105	0	0	1	1	0	87
PA_vRNA	800	903	0	0	1	2	0	113
PA_vRNA	800	1698	0	0	1	1	0	91
PA_vRNA	804	884	0	0	1	1	0	70
PA_vRNA	813	857	0	0	1	1	0	4
PA_vRNA	839	1113	0	0	1	1	0	3
PA_vRNA	839	1542	0	0	1	1	0	105
PA_vRNA	870	1660	0	0	1	6	0	96
PA_vRNA	879	979	0	0	1	1	0	3
PA_vRNA	887	1582	0	0	1	29	0	121
PA_vRNA	889	1568	0	0	1	1	0	19
PA_vRNA	899	1455	0	0	1	2	0	100
PA_vRNA	909	1345	0	0	1	1	0	114
PA_vRNA	923	1463	0	0	1	2	0	105
PA_vRNA	941	1010	0	0	1	1	0	81
PA_vRNA	959	1948	0	0	1	3	0	113
PA_vRNA	961	1356	0	0	1	1	0	5
PA_vRNA	973	1503	0	0	1	1	0	122
PA_vRNA	1003	1928	0	0	1	1	0	6
PA_vRNA	1005	2076	0	0	1	1	0	53
PA_vRNA	1017	1444	0	0	1	1	0	49
PA_vRNA	1036	1135	0	0	1	1	0	39
PA_vRNA	1044	1069	0	0	1	1	0	17
PA_vRNA	1044	1430	0	0	1	1	0	23
PA_vRNA	1046	1986	0	0	1	1	0	68
PA_vRNA	1050	1622	0	0	1	1	0	38
PA_vRNA	1067	1301	0	0	1	1	0	57
PA_vRNA	1074	1675	0	0	1	1	0	4
PA_vRNA	1075	1406	0	0	1	1	0	4
PA_vRNA	1091	1747	2	6	1	1	0	27
PA_vRNA	1093	1215	0	0	1	1	0	57
PA_vRNA	1097	1836	0	0	1	1	0	56
PA_vRNA	1123	1973	0	0	1	1	0	105
PA_vRNA	1131	1834	0	0	1	2	0	72
PA_vRNA	1132	1607	0	0	1	3	0	106
PA_vRNA	1133	1719	0	0	1	1	0	70
PA_vRNA	1138	1980	0	0	1	2	0	75
PA_vRNA	1143	1456	0	0	1	1	0	4
PA_vRNA	1144	1947	0	0	1	1	0	105
PA_vRNA	1145	1586	0	0	1	1	0	19
PA_vRNA	1149	1217	0	0	1	1	0	82
PA_vRNA	1159	1457	0	0	1	1	0	81
PA_vRNA	1173	1947	0	0	1	1	0	7
PA_vRNA	1176	1710	0	0	1	22	0	46
PA_vRNA	1196	1712	0	0	1	1	0	10
PA_vRNA	1222	1845	0	0	1	0	1	4
PA_vRNA	1224	2145	0	0	1	31	0	89
PA_vRNA	1234	1676	0	0	1	1	0	29
PA_vRNA	1237	1782	0	0	1	1	0	130
PA_vRNA	1239	1418	0	0	1	2	0	92
PA_vRNA	1241	1906	0	0	1	1	0	58
PA_vRNA	1260	1834	0	0	1	2	0	24
PA_vRNA	1265	1397	0	0	1	2	0	129
PA_vRNA	1291	1956	0	0	1	1	0	119
PA_vRNA	1311	1756	0	0	1	1	0	117
PA_vRNA	1320	1407	0	0	1	3	0	82
PA_vRNA	1338	1487	0	0	1	1	0	10
PA_vRNA	1425	1699	0	0	1	1	0	20
PA_vRNA	1448	1663	0	0	1	2	0	61
PA_vRNA	1451	1580	0	0	1	1	0	61
PA_vRNA	1462	1476	0	0	1	1	0	37
PA_vRNA	1608	1718	0	0	1	1	0	65
PA_vRNA	1618	1666	0	0	1	1	0	121
PA_vRNA	1625	1657	0	0	1	1	0	44
PA_vRNA	1682	1904	0	0	1	1	0	96
PA_vRNA	1743	1782	0	0	1	5	1	111
PA_vRNA	1891	1988	0	0	1	1	7	46
PA_vRNA	1917	2039	0	0	1	2	0	39
PA_vRNA	1920	2097	0	0	1	5	1	12
PA_vRNA	1975	2025	0	0	1	1	0	40
PA_vRNA	2009	2034	0	0	1	27	1	75
PA_vRNA	2085	2111	0	0	1	0	1	4
PA_vRNA	2189	2196	0	0	1	54	5	39
PB1_vRNA	98	113	0	0	1	1	0	3
PB1_vRNA	101	2026	0	0	1	1	0	3
PB1_vRNA	105	173	0	0	1	1	0	7
PB1_vRNA	137	1112	0	0	1	1	0	38
PB1_vRNA	140	151	0	0	1	1	0	86
PB1_vRNA	145	963	0	0	1	1	0	81
PB1_vRNA	147	177	0	0	1	1	0	4
PB1_vRNA	157	1109	0	0	1	1	0	93
PB1_vRNA	165	2220	0	0	1	1	0	114
PB1_vRNA	167	1908	0	0	1	7	0	92
PB1_vRNA	167	2101	0	0	1	16	0	125
PB1_vRNA	175	1409	0	0	1	1	0	72
PB1_vRNA	178	2140	0	0	1	1	0	93
PB1_vRNA	179	1957	0	0	1	1	0	123
PB1_vRNA	186	2131	0	0	1	39	0	121
PB1_vRNA	191	2098	0	0	1	170	0	135
PB1_vRNA	203	2179	0	0	1	1	0	85
PB1_vRNA	205	1867	0	0	1	1	0	9
PB1_vRNA	205	2200	0	0	1	4	0	113
PB1_vRNA	215	2194	0	0	1	14	0	80
PB1_vRNA	215	2205	0	0	1	4	0	125
PB1_vRNA	217	1017	0	0	1	1	0	3
PB1_vRNA	219	2236	0	0	1	4	0	106
PB1_vRNA	222	2024	0	0	1	7	0	103
PB1_vRNA	224	1177	0	0	1	1	0	112
PB1_vRNA	227	2152	0	0	1	0	1	3
PB1_vRNA	229	2136	0	0	1	3	0	1
PB1_vRNA	229	2137	0	0	1	1	0	94
PB1_vRNA	229	2138	0	0	1	1	0	2
PB1_vRNA	229	2172	0	0	1	5	0	75
PB1_vRNA	230	2136	0	0	1	1	0	78
PB1_vRNA	230	2143	0	0	1	3	0	3
PB1_vRNA	230	2153	0	0	1	90	1	122
PB1_vRNA	231	2137	0	0	1	3628	3	148
PB1_vRNA	231	2138	0	0	1	6	0	2
PB1_vRNA	231	2142	0	0	1	7	0	2
PB1_vRNA	232	1152	0	0	1	1	0	12
PB1_vRNA	232	2102	0	0	1	1	0	100
PB1_vRNA	232	2138	0	0	1	1	0	29
PB1_vRNA	232	2141	0	0	1	0	1	1
PB1_vRNA	234	851	0	0	1	8	0	88
PB1_vRNA	234	1188	0	0	1	1	0	9
PB1_vRNA	234	2139	0	0	1	2	0	3
PB1_vRNA	234	2143	0	0	1	73	1	122
PB1_vRNA	234	2145	0	0	1	1	0	58
PB1_vRNA	235	2173	0	0	1	23	0	121
PB1_vRNA	240	2150	0	0	1	3	0	89
PB1_vRNA	240	2201	0	0	1	3	0	63
PB1_vRNA	241	1480	0	0	1	2	0	59
PB1_vRNA	241	2183	0	0	1	82	0	142
PB1_vRNA	243	2149	0	0	1	7	0	25
PB1_vRNA	245	1904	0	0	1	1	0	85
PB1_vRNA	246	855	0	0	1	1	0	6
PB1_vRNA	249	272	0	0	1	2	2	4
PB1_vRNA	249	2147	0	0	1	1	0	86
PB1_vRNA	250	288	0	0	1	2	0	4
PB1_vRNA	251	2144	0	0	1	1	0	74
PB1_vRNA	256	2097	0	0	1	32	0	143
PB1_vRNA	259	2152	0	0	1	0	1	3
PB1_vRNA	260	1470	0	0	1	4	0	115
PB1_vRNA	266	2208	0	0	1	1	0	44
PB1_vRNA	267	1406	0	0	1	1	0	77
PB1_vRNA	270	2135	0	0	1	0	1	4
PB1_vRNA	271	2073	2	6	1	2	0	85
PB1_vRNA	273	2089	0	0	1	50	0	128
PB1_vRNA	274	2073	0	0	1	4	0	104
PB1_vRNA	276	329	0	0	1	2	1	86
PB1_vRNA	276	2143	0	0	1	9	0	130
PB1_vRNA	281	1915	0	0	1	1	0	107
PB1_vRNA	282	2154	0	0	1	210	0	124
PB1_vRNA	284	1448	0	0	1	1	0	97
PB1_vRNA	287	2139	0	0	1	1	0	86
PB1_vRNA	289	2130	0	0	1	6	0	122
PB1_vRNA	290	2145	0	0	1	1	0	1
PB1_vRNA	291	2230	0	0	1	1	0	45
PB1_vRNA	296	2172	0	0	1	4	0	31
PB1_vRNA	297	2079	1	5	1	1	0	5
PB1_vRNA	298	2085	0	0	1	2	0	96
PB1_vRNA	299	2149	0	0	1	1988	0	145
PB1_vRNA	299	2151	0	0	1	3	0	58
PB1_vRNA	299	2152	0	0	1	2	0	1
PB1_vRNA	300	2148	0	0	1	1	0	1
PB1_vRNA	300	2151	0	0	1	4	0	3
PB1_vRNA	300	2186	0	0	1	7	0	126
PB1_vRNA	303	2148	0	0	1	1	0	105
PB1_vRNA	305	2148	0	0	1	1	6	104
PB1_vRNA	307	2150	0	0	1	5	0	64
PB1_vRNA	307	2153	0	0	1	6	0	49
PB1_vRNA	308	2150	0	0	1	1	1	5
PB1_vRNA	308	2152	0	0	1	2	1	88
PB1_vRNA	308	2159	0	0	1	1	0	3
PB1_vRNA	309	2151	0	0	1	2	1	5
PB1_vRNA	309	2154	0	0	1	2	0	1
PB1_vRNA	309	2165	0	0	1	1	1	5
PB1_vRNA	310	2152	0	0	1	9	0	3
PB1_vRNA	310	2153	0	0	1	5843	12	148
PB1_vRNA	310	2154	0	0	1	14	0	4
PB1_vRNA	310	2156	0	0	1	1	1	3
PB1_vRNA	311	2154	0	0	1	6	0	125
PB1_vRNA	311	2161	0	0	1	20	0	118
PB1_vRNA	313	2109	0	0	1	33	0	131
PB1_vRNA	313	2143	0	0	1	1	0	3
PB1_vRNA	314	2040	0	0	1	3	0	106
PB1_vRNA	314	2159	0	0	1	0	2	4
PB1_vRNA	314	2193	0	0	1	1	0	3
PB1_vRNA	315	2148	0	0	1	2	0	3
PB1_vRNA	324	2128	0	0	1	1	0	3
PB1_vRNA	334	2104	0	0	1	1	0	4
PB1_vRNA	335	2089	0	0	1	24	0	118
PB1_vRNA	336	2183	0	0	1	0	1	2
PB1_vRNA	337	2144	0	0	1	1	0	9
PB1_vRNA	338	2184	0	0	1	877	0	149
PB1_vRNA	338	2186	0	0	1	1	0	2
PB1_vRNA	342	2060	0	0	1	1	0	36
PB1_vRNA	343	2118	0	0	1	86	0	129
PB1_vRNA	348	552	0	0	1	1	0	5
PB1_vRNA	352	446	0	0	1	1	0	28
PB1_vRNA	354	2030	0	0	1	9	1	82
PB1_vRNA	356	2088	2	6	1	2	0	79
PB1_vRNA	356	2156	2	6	1	1	0	21
PB1_vRNA	357	800	0	0	1	1	0	39
PB1_vRNA	361	2015	0	0	1	1	0	1
PB1_vRNA	362	2113	0	0	1	2	0	139
PB1_vRNA	363	2055	0	0	1	1	0	73
PB1_vRNA	363	2120	0	0	1	5	0	100
PB1_vRNA	363	2144	0	0	1	1	0	75
PB1_vRNA	367	382	0	0	1	1	0	5
PB1_vRNA	368	2013	0	0	1	1	0	1
PB1_vRNA	369	384	0	0	1	801	7	62
PB1_vRNA	370	2011	0	0	1	2	0	100
PB1_vRNA	371	1977	0	0	1	0	1	6
PB1_vRNA	371	2013	0	0	1	2	1	2
PB1_vRNA	372	2015	0	0	1	2	0	82
PB1_vRNA	373	2014	2	6	1	2435	24	139
PB1_vRNA	373	2015	0	0	1	4	0	2
PB1_vRNA	373	2016	0	0	1	1	0	2
PB1_vRNA	373	2071	0	0	1	3	0	125
PB1_vRNA	373	2074	0	0	1	393	18	136
PB1_vRNA	373	2123	0	0	1	3	1	68
PB1_vRNA	376	1910	0	0	1	6	0	68
PB1_vRNA	376	2025	0	0	1	4	1	5
PB1_vRNA	377	1912	0	0	1	4	0	30
PB1_vRNA	378	1912	0	0	1	2712	1	143
PB1_vRNA	378	1913	0	0	1	2	0	2
PB1_vRNA	378	1915	0	0	1	3	1	104
PB1_vRNA	378	2042	0	0	1	0	2	11
PB1_vRNA	378	2093	0	0	1	1	0	22
PB1_vRNA	379	1913	0	0	1	5	0	52
PB1_vRNA	381	2178	0	0	1	3	0	71
PB1_vRNA	385	2055	0	0	1	4	0	67
PB1_vRNA	391	2102	0	0	1	1	0	98
PB1_vRNA	394	446	0	0	1	1	0	55
PB1_vRNA	394	2068	0	0	1	0	2	4
PB1_vRNA	394	2073	0	0	1	1	0	66
PB1_vRNA	396	1175	0	0	1	3	0	108
PB1_vRNA	396	2024	0	0	1	2	1	5
PB1_vRNA	398	2119	0	0	1	0	1	6
PB1_vRNA	399	1710	0	0	1	1	0	109
PB1_vRNA	401	1720	0	0	1	1	0	82
PB1_vRNA	404	2003	0	0	1	1	0	46
PB1_vRNA	406	2043	0	0	1	5	0	88
PB1_vRNA	407	2024	0	0	1	2	0	37
PB1_vRNA	408	2026	0	0	1	3	0	17
PB1_vRNA	408	2084	0	0	1	1	0	90
PB1_vRNA	410	2027	2	6	1	529	0	147
PB1_vRNA	410	2113	2	6	1	86	2	139
PB1_vRNA	411	2028	0	0	1	1	0	47
PB1_vRNA	416	1882	0	0	1	4	0	106
PB1_vRNA	416	1951	0	0	1	1	0	22
PB1_vRNA	416	2063	0	0	1	1	0	1
PB1_vRNA	416	2081	0	0	1	1	0	4
PB1_vRNA	417	2055	0	0	1	210	0	134
PB1_vRNA	418	1992	0	0	1	2	0	99
PB1_vRNA	423	1951	0	0	1	1	0	89
PB1_vRNA	425	2034	0	0	1	0	1	3
PB1_vRNA	427	2018	0	0	1	2	0	40
PB1_vRNA	428	1832	0	0	1	1	0	40
PB1_vRNA	429	1992	0	0	1	1	0	44
PB1_vRNA	431	1869	0	0	1	1	0	3
PB1_vRNA	433	2017	0	0	1	1	0	45
PB1_vRNA	433	2035	0	0	1	0	1	3
PB1_vRNA	433	2086	0	0	1	23	0	111
PB1_vRNA	434	1971	0	0	1	9	1	6
PB1_vRNA	436	481	0	0	1	5	0	95
PB1_vRNA	438	468	0	0	1	1	0	104
PB1_vRNA	438	2020	0	0	1	1	0	3
PB1_vRNA	438	2036	0	0	1	16	0	115
PB1_vRNA	439	1966	0	0	1	5	0	2
PB1_vRNA	440	1968	0	0	1	3	0	34
PB1_vRNA	440	1969	0	0	1	8	1	3
PB1_vRNA	442	1971	0	0	1	3	0	57
PB1_vRNA	443	2072	0	0	1	8	0	114
PB1_vRNA	444	1972	0	0	1	885	4	61
PB1_vRNA	445	1974	0	0	1	1	0	1
PB1_vRNA	446	2037	0	0	1	1	0	3
PB1_vRNA	447	1970	0	0	1	1	0	2
PB1_vRNA	447	1992	0	0	1	2	0	69
PB1_vRNA	448	1827	0	0	1	2	0	73
PB1_vRNA	448	1997	0	0	1	2	0	6
PB1_vRNA	449	1977	0	0	1	0	1	23
PB1_vRNA	452	2023	0	0	1	7	0	117
PB1_vRNA	457	1921	0	0	1	1	0	91
PB1_vRNA	460	2061	0	0	1	1	0	67
PB1_vRNA	461	1968	0	0	1	1	0	25
PB1_vRNA	463	1938	0	0	1	4	0	74
PB1_vRNA	466	1915	0	0	1	3	0	23
PB1_vRNA	467	2003	0	0	1	1	0	3
PB1_vRNA	467	2030	0	0	1	1	0	3
PB1_vRNA	468	2015	0	0	1	145	1	137
PB1_vRNA	468	2036	0	0	1	1	0	1
PB1_vRNA	468	2040	0	0	1	0	1	3
PB1_vRNA	473	2035	0	0	1	0	1	3
PB1_vRNA	473	2109	0	0	1	0	1	8
PB1_vRNA	474	1865	0	0	1	2	0	104
PB1_vRNA	478	514	0	0	1	1	0	3
PB1_vRNA	485	1725	0	0	1	1	0	33
PB1_vRNA	486	1786	0	0	1	3	0	101
PB1_vRNA	488	1684	0	0	1	0	1	6
PB1_vRNA	489	2012	0	0	1	1	0	9
PB1_vRNA	491	1901	0	0	1	119	0	142
PB1_vRNA	497	1913	0	0	1	15	0	119
PB1_vRNA	498	2278	0	0	1	18	0	64
PB1_vRNA	499	1431	0	0	1	1	0	86
PB1_vRNA	499	2136	0	0	1	0	1	5
PB1_vRNA	505	1986	0	0	1	3	0	90
PB1_vRNA	510	1441	0	0	1	1	0	77
PB1_vRNA	513	2017	0	0	1	1	0	4
PB1_vRNA	515	2048	0	0	1	0	1	10
PB1_vRNA	516	2053	0	0	1	1	0	91
PB1_vRNA	518	1228	2	6	1	3	0	62
PB1_vRNA	519	800	0	0	1	1	0	63
PB1_vRNA	525	616	0	0	1	1	0	4
PB1_vRNA	525	1714	0	0	1	5	0	120
PB1_vRNA	525	2035	0	0	1	0	1	3
PB1_vRNA	531	1984	0	0	1	3	0	64
PB1_vRNA	535	2071	2	4	1	1	9	131
PB1_vRNA	541	1607	0	0	1	1	0	100
PB1_vRNA	544	1928	0	0	1	2	0	70
PB1_vRNA	545	1917	0	0	1	1	0	88
PB1_vRNA	549	1885	0	0	1	1	0	56
PB1_vRNA	552	1888	0	0	1	458	0	142
PB1_vRNA	555	1897	0	0	1	8	0	106
PB1_vRNA	569	1932	0	0	1	13	0	110
PB1_vRNA	569	1955	0	0	1	7	0	78
PB1_vRNA	571	1820	0	0	1	59	0	138
PB1_vRNA	577	1808	0	0	1	6	0	95
PB1_vRNA	579	797	0	0	1	1	0	29
PB1_vRNA	591	2027	0	0	1	18	0	97
PB1_vRNA	593	1903	0	0	1	2	0	95
PB1_vRNA	596	1778	0	0	1	2	0	100
PB1_vRNA	609	1896	0	0	1	1	0	3
PB1_vRNA	615	1709	0	0	1	1	0	4
PB1_vRNA	615	1824	0	0	1	2	0	70
PB1_vRNA	619	1829	0	0	1	29	0	122
PB1_vRNA	622	2063	0	0	1	252	0	148
PB1_vRNA	637	1832	0	0	1	12	0	127
PB1_vRNA	637	1878	0	0	1	2	0	57
PB1_vRNA	644	666	0	0	1	4	0	105
PB1_vRNA	660	1761	0	0	1	241	0	148
PB1_vRNA	661	1762	0	0	1	1	0	3
PB1_vRNA	663	1750	0	0	1	4	0	84
PB1_vRNA	677	1903	0	0	1	8	0	100
PB1_vRNA	680	1789	0	0	1	2	0	31
PB1_vRNA	694	1820	0	0	1	3	0	57
PB1_vRNA	698	1615	0	0	1	2	0	117
PB1_vRNA	699	1784	0	0	1	1	0	5
PB1_vRNA	703	1707	0	0	1	1	0	67
PB1_vRNA	713	1447	0	0	1	1	0	59
PB1_vRNA	719	1453	0	0	1	6	0	83
PB1_vRNA	730	1220	0	0	1	1	0	121
PB1_vRNA	731	1762	0	0	1	1	0	93
PB1_vRNA	739	1013	0	0	1	1	0	58
PB1_vRNA	744	798	0	0	1	1	0	19
PB1_vRNA	759	1683	0	0	1	1	0	111
PB1_vRNA	762	1721	0	0	1	1	0	41
PB1_vRNA	768	1724	0	0	1	1	0	137
PB1_vRNA	777	1749	0	0	1	2	0	63
PB1_vRNA	778	1724	0	0	1	74	0	133
PB1_vRNA	796	823	0	0	1	1	0	74
PB1_vRNA	797	1602	0	0	1	2	0	77
PB1_vRNA	803	1195	0	0	1	1	0	117
PB1_vRNA	805	1710	0	0	1	22	0	128
PB1_vRNA	806	1169	0	0	1	2	0	117
PB1_vRNA	807	1563	0	0	1	1	0	64
PB1_vRNA	811	1446	0	0	1	1	0	88
PB1_vRNA	816	1251	0	0	1	1	0	24
PB1_vRNA	820	2077	0	0	1	2	0	114
PB1_vRNA	822	1473	0	0	1	1	0	73
PB1_vRNA	830	1347	0	0	1	1	0	52
PB1_vRNA	834	1543	0	0	1	3	0	90
PB1_vRNA	846	1732	0	0	1	3	0	97
PB1_vRNA	859	1593	0	0	1	1	0	9
PB1_vRNA	863	1551	0	0	1	3	0	99
PB1_vRNA	872	1386	0	0	1	1	0	54
PB1_vRNA	896	1655	0	0	1	1	0	134
PB1_vRNA	907	1693	0	0	1	6	0	87
PB1_vRNA	939	2169	0	0	1	9	0	91
PB1_vRNA	949	1261	0	0	1	13	0	117
PB1_vRNA	961	982	0	0	1	3	0	72
PB1_vRNA	972	1154	0	0	1	1	0	95
PB1_vRNA	972	1686	0	0	1	1	0	26
PB1_vRNA	983	1154	0	0	1	5	0	90
PB1_vRNA	986	1454	0	0	1	1	0	35
PB1_vRNA	1032	1271	0	0	1	1	0	86
PB1_vRNA	1039	2239	0	0	1	1	0	39
PB1_vRNA	1085	1177	0	0	1	1	0	59
PB1_vRNA	1096	2111	0	0	1	2	0	75
PB1_vRNA	1146	1355	0	0	1	1	0	23
PB1_vRNA	1156	1687	0	0	1	1	1	79
PB1_vRNA	1162	1682	0	0	1	0	1	4
PB1_vRNA	1225	1646	0	0	1	1	0	95
PB1_vRNA	1247	1271	0	0	1	1	0	134
PB1_vRNA	1264	1622	0	0	1	1	0	42
PB1_vRNA	1377	1498	0	0	1	1	0	42
PB1_vRNA	1451	1639	0	0	1	1	0	20
PB1_vRNA	1454	1723	0	0	1	1	0	115
PB1_vRNA	1457	1632	0	0	1	1	0	9
PB1_vRNA	1477	1502	0	0	1	1	0	121
PB1_vRNA	1547	1808	0	0	1	1	0	30
PB1_vRNA	1603	2133	0	0	1	1	0	46
PB1_vRNA	1606	2242	0	0	1	1	0	33
PB1_vRNA	1618	2051	0	0	1	1	0	111
PB1_vRNA	1769	1785	0	0	1	1	0	48
PB1_vRNA	1771	1880	0	0	1	1	0	30
PB1_vRNA	1797	2214	0	0	1	1	0	57
PB1_vRNA	1809	2045	0	0	1	1	0	23
PB1_vRNA	1812	2057	0	0	1	1	0	75
PB1_vRNA	1916	1964	0	0	1	11	0	89
PB1_vRNA	1962	2004	0	0	1	1	0	15
PB1_vRNA	2015	2081	0	0	1	1	0	87
PB1_vRNA	2054	2075	0	0	1	9	0	89
PB1_vRNA	2147	2192	0	0	1	15	5	7
PB1_vRNA	2150	2194	0	0	1	9	1	50
PB1_vRNA	2151	2194	0	0	1	2	0	2
PB1_vRNA	2153	2194	0	0	1	1423	21	82
PB1_vRNA	2174	2246	0	0	1	0	1	3
PB1_vRNA	2175	2191	0	0	1	8	0	61
PB1_vRNA	2196	2230	0	0	1	2	0	29
PB1_vRNA	2207	2267	0	0	1	1	0	21
PB1_vRNA	2251	2291	0	0	1	1	0	31
PB1_vRNA	2275	2285	0	0	1	14	2	57
PB1_vRNA	2275	2286	0	0	1	179	9	57
PB1_vRNA	2275	2288	0	0	1	5	0	54
PB2_vRNA	63	1141	0	0	1	1	0	47
PB2_vRNA	99	525	0	0	1	1	0	18
PB2_vRNA	101	311	0	0	1	1	0	7
PB2_vRNA	114	184	0	0	1	1	0	7
PB2_vRNA	122	682	0	0	1	2	0	95
PB2_vRNA	137	365	0	0	1	1	0	52
PB2_vRNA	140	297	0	0	1	1	0	57
PB2_vRNA	149	179	0	0	1	2	0	4
PB2_vRNA	150	375	0	0	1	1	0	93
PB2_vRNA	155	2120	0	0	1	1	0	22
PB2_vRNA	155	2172	0	0	1	1	0	4
PB2_vRNA	156	222	0	0	1	1	0	3
PB2_vRNA	160	1298	0	0	1	2	0	32
PB2_vRNA	160	1549	0	0	1	3	0	82
PB2_vRNA	163	2121	0	0	1	6	0	116
PB2_vRNA	165	309	0	0	1	1	0	72
PB2_vRNA	165	2068	0	0	1	0	17	7
PB2_vRNA	166	2227	0	0	1	4	0	94
PB2_vRNA	172	2246	0	0	1	1	0	35
PB2_vRNA	175	2156	0	0	1	9	0	112
PB2_vRNA	178	2102	0	0	1	1	0	71
PB2_vRNA	178	2233	2	6	1	3	0	80
PB2_vRNA	179	300	0	0	1	2	1	64
PB2_vRNA	182	1687	0	0	1	1	0	113
PB2_vRNA	182	2185	0	0	1	0	1	3
PB2_vRNA	190	301	0	0	1	0	1	5
PB2_vRNA	193	2163	0	0	1	1	0	1
PB2_vRNA	193	2203	0	0	1	2	0	72
PB2_vRNA	199	2058	0	0	1	1	0	36
PB2_vRNA	199	2187	0	0	1	2	0	35
PB2_vRNA	201	2248	0	0	1	1	0	78
PB2_vRNA	202	2149	0	0	1	3	1	3
PB2_vRNA	203	284	0	0	1	1	0	3
PB2_vRNA	203	2169	0	0	1	1	0	4
PB2_vRNA	205	2010	0	0	1	1	0	102
PB2_vRNA	205	2152	0	0	1	1	2	3
PB2_vRNA	205	2153	0	0	1	1	0	48
PB2_vRNA	205	2154	0	0	1	2	0	2
PB2_vRNA	206	2152	0	0	1	3769	11	95
PB2_vRNA	207	2149	0	0	1	3	4	88
PB2_vRNA	207	2151	0	0	1	2	0	3
PB2_vRNA	208	2148	0	0	1	1	0	54
PB2_vRNA	208	2149	0	0	1	1	1	41
PB2_vRNA	208	2156	0	0	1	1	1	5
PB2_vRNA	209	2149	0	0	1	11937	3	150
PB2_vRNA	209	2150	0	0	1	3	1	21
PB2_vRNA	209	2151	0	0	1	6	1	142
PB2_vRNA	209	2152	0	0	1	5	1	2
PB2_vRNA	209	2153	0	0	1	14	1	78
PB2_vRNA	210	2150	0	0	1	19	0	94
PB2_vRNA	211	279	0	0	1	22	0	127
PB2_vRNA	213	2117	0	0	1	4	0	94
PB2_vRNA	215	283	0	0	1	38	0	128
PB2_vRNA	216	2180	0	0	1	1	0	53
PB2_vRNA	217	2151	0	0	1	0	1	3
PB2_vRNA	217	2181	0	0	1	15	0	108
PB2_vRNA	219	2186	0	0	1	0	1	4
PB2_vRNA	221	2190	0	0	1	11	0	114
PB2_vRNA	227	300	0	0	1	1	0	6
PB2_vRNA	228	2178	0	0	1	1	0	7
PB2_vRNA	230	2196	0	0	1	7	0	70
PB2_vRNA	231	2211	0	0	1	3	0	115
PB2_vRNA	232	2117	0	0	1	5	0	122
PB2_vRNA	235	415	0	0	1	1	0	52
PB2_vRNA	235	2194	0	0	1	1	0	5
PB2_vRNA	236	2134	0	0	1	2	0	68
PB2_vRNA	242	2101	0	0	1	4	0	126
PB2_vRNA	243	265	0	0	1	1	2	5
PB2_vRNA	244	528	0	0	1	1	0	76
PB2_vRNA	247	1961	0	0	1	4	0	118
PB2_vRNA	247	2152	0	0	1	9	0	114
PB2_vRNA	251	2093	0	0	1	11	0	101
PB2_vRNA	252	423	0	0	1	3	0	71
PB2_vRNA	252	2066	0	0	1	0	1	5
PB2_vRNA	254	2208	0	0	1	5	0	81
PB2_vRNA	261	2179	0	0	1	1	0	86
PB2_vRNA	264	2025	0	0	1	0	1	3
PB2_vRNA	264	2137	0	0	1	1	1	112
PB2_vRNA	264	2182	1	3	1	0	1	3
PB2_vRNA	265	2200	0	0	1	3	0	74
PB2_vRNA	266	301	0	0	1	4	1	111
PB2_vRNA	267	2096	0	0	1	1	0	16
PB2_vRNA	268	2097	0	0	1	311	0	142
PB2_vRNA	268	2149	0	0	1	3	0	117
PB2_vRNA	268	2180	0	0	1	3	0	64
PB2_vRNA	269	2098	0	0	1	2	0	85
PB2_vRNA	269	2125	0	0	1	11	0	87
PB2_vRNA	269	2240	0	0	1	126	0	102
PB2_vRNA	271	2185	2	4	1	0	2	4
PB2_vRNA	271	2216	2	2	1	1	1	91
PB2_vRNA	272	2086	0	0	1	1	0	84
PB2_vRNA	273	1842	0	0	1	1	0	36
PB2_vRNA	274	2219	0	0	1	818	0	123
PB2_vRNA	274	2220	0	0	1	1	1	48
PB2_vRNA	274	2221	0	0	1	1	0	3
PB2_vRNA	275	1902	0	0	1	1	0	42
PB2_vRNA	275	2220	0	0	1	1	0	6
PB2_vRNA	278	2014	0	0	1	369	0	141
PB2_vRNA	280	2151	0	0	1	175	0	141
PB2_vRNA	281	2099	0	0	1	2	0	3
PB2_vRNA	284	2101	0	0	1	8	0	134
PB2_vRNA	292	2127	0	0	1	20	0	122
PB2_vRNA	292	2152	0	0	1	0	2	10
PB2_vRNA	293	2023	0	0	1	427	0	143
PB2_vRNA	295	2025	0	0	1	1	0	37
PB2_vRNA	307	2065	0	0	1	4	0	103
PB2_vRNA	307	2067	0	0	1	2	1	2
PB2_vRNA	308	2067	0	0	1	1	0	97
PB2_vRNA	309	2068	0	0	1	2	0	10
PB2_vRNA	310	1948	0	0	1	1	0	108
PB2_vRNA	310	1971	0	0	1	1	0	29
PB2_vRNA	310	2068	0	0	1	2388	24	148
PB2_vRNA	310	2070	0	0	1	1	0	1
PB2_vRNA	310	2072	0	0	1	0	2	3
PB2_vRNA	311	2069	0	0	1	5	0	17
PB2_vRNA	312	2056	0	0	1	485	3	149
PB2_vRNA	312	2061	0	0	1	1	0	2
PB2_vRNA	312	2076	0	0	1	1	0	5
PB2_vRNA	313	1974	0	0	1	21	0	125
PB2_vRNA	315	2059	0	0	1	1	0	33
PB2_vRNA	318	524	0	0	1	8	0	130
PB2_vRNA	318	2071	0	0	1	4	0	3
PB2_vRNA	321	1968	0	0	1	4	0	82
PB2_vRNA	322	2022	0	0	1	1	0	4
PB2_vRNA	324	1981	0	0	1	4	0	108
PB2_vRNA	329	339	0	0	1	1	0	3
PB2_vRNA	331	2035	0	0	1	92	0	144
PB2_vRNA	342	2141	0	0	1	159	0	144
PB2_vRNA	345	2148	0	0	1	1	0	3
PB2_vRNA	349	2090	0	0	1	3	0	129
PB2_vRNA	354	855	0	0	1	3	0	41
PB2_vRNA	358	1738	0	0	1	3	0	95
PB2_vRNA	360	1721	0	0	1	1	0	34
PB2_vRNA	366	1277	0	0	1	1	0	97
PB2_vRNA	367	969	0	0	1	1	0	98
PB2_vRNA	367	1085	0	0	1	1	0	79
PB2_vRNA	368	1048	0	0	1	1	0	124
PB2_vRNA	370	2077	0	0	1	117	0	134
PB2_vRNA	371	2078	0	0	1	1	0	75
PB2_vRNA	373	1959	0	0	1	1	0	5
PB2_vRNA	375	435	0	0	1	3	0	121
PB2_vRNA	377	389	0	0	1	1	0	28
PB2_vRNA	377	2227	0	0	1	3	0	62
PB2_vRNA	378	2034	0	0	1	5	0	86
PB2_vRNA	381	1744	0	0	1	1	0	128
PB2_vRNA	382	528	0	0	1	1	0	113
PB2_vRNA	383	1236	0	0	1	1	0	129
PB2_vRNA	384	869	0	0	1	1	0	79
PB2_vRNA	384	2054	0	0	1	1	0	96
PB2_vRNA	386	940	0	0	1	1	0	73
PB2_vRNA	386	1997	0	0	1	1	0	5
PB2_vRNA	387	2084	0	0	1	1	0	9
PB2_vRNA	388	744	0	0	1	0	1	3
PB2_vRNA	388	1578	0	0	1	1	0	39
PB2_vRNA	388	1644	0	0	1	1	1	79
PB2_vRNA	388	1953	0	0	1	0	1	3
PB2_vRNA	388	1954	0	0	1	0	1	3
PB2_vRNA	388	1974	0	0	1	0	1	3
PB2_vRNA	388	2025	0	0	1	1	0	4
PB2_vRNA	388	2168	0	0	1	12	0	9
PB2_vRNA	389	1268	0	0	1	1	0	120
PB2_vRNA	390	686	0	0	1	1	0	82
PB2_vRNA	390	1955	0	0	1	139	1	137
PB2_vRNA	390	1982	0	0	1	5	0	70
PB2_vRNA	390	2042	0	0	1	2	0	112
PB2_vRNA	392	523	0	0	1	1	0	98
PB2_vRNA	392	1153	0	0	1	1	0	10
PB2_vRNA	392	1247	0	0	1	2	0	43
PB2_vRNA	392	2062	0	0	1	8	0	104
PB2_vRNA	396	888	0	0	1	1	0	104
PB2_vRNA	396	1575	0	0	1	1	0	95
PB2_vRNA	399	530	0	0	1	4	0	107
PB2_vRNA	400	501	0	0	1	0	1	9
PB2_vRNA	400	898	0	0	1	1	0	70
PB2_vRNA	402	510	0	0	1	1	0	22
PB2_vRNA	408	2083	0	0	1	16	0	134
PB2_vRNA	409	1713	0	0	1	1	0	87
PB2_vRNA	409	2102	0	0	1	1	0	3
PB2_vRNA	412	1631	0	0	1	1	0	11
PB2_vRNA	424	452	0	0	1	1	0	25
PB2_vRNA	424	1941	0	0	1	1	0	1
PB2_vRNA	424	2022	0	0	1	3	0	99
PB2_vRNA	438	1954	0	0	1	1	0	5
PB2_vRNA	439	1981	0	0	1	1	0	4
PB2_vRNA	439	2046	0	0	1	4	0	142
PB2_vRNA	441	1875	0	0	1	1	0	3
PB2_vRNA	442	1939	0	0	1	10	0	85
PB2_vRNA	442	1940	0	0	1	7	1	109
PB2_vRNA	443	2158	0	0	1	1	0	3
PB2_vRNA	444	1941	0	0	1	1123	1	148
PB2_vRNA	449	2035	0	0	1	7	0	95
PB2_vRNA	453	1953	0	0	1	3	0	97
PB2_vRNA	453	1975	0	0	1	1	0	3
PB2_vRNA	453	2066	0	0	1	0	1	5
PB2_vRNA	455	1970	0	0	1	8	0	80
PB2_vRNA	456	1952	0	0	1	1	0	3
PB2_vRNA	456	1978	0	0	1	1	0	83
PB2_vRNA	457	2025	0	0	1	1	0	3
PB2_vRNA	458	2017	0	0	1	1	0	54
PB2_vRNA	459	2049	0	0	1	9	0	113
PB2_vRNA	461	1997	0	0	1	11	0	107
PB2_vRNA	463	1913	0	0	1	1	0	4
PB2_vRNA	469	1876	0	0	1	29	0	136
PB2_vRNA	471	543	0	0	1	1	0	71
PB2_vRNA	472	1889	0	0	1	5	0	131
PB2_vRNA	476	524	0	0	1	1	0	39
PB2_vRNA	476	1860	0	0	1	3	0	69
PB2_vRNA	477	2059	0	0	1	3	0	101
PB2_vRNA	478	1957	0	0	1	4	0	104
PB2_vRNA	479	1784	0	0	1	1	0	80
PB2_vRNA	481	2011	0	0	1	4	0	102
PB2_vRNA	482	1872	0	0	1	1	0	56
PB2_vRNA	488	1994	0	0	1	56	0	131
PB2_vRNA	492	1908	0	0	1	15	0	123
PB2_vRNA	494	1932	0	0	1	12	0	114
PB2_vRNA	498	525	0	0	1	1	0	9
PB2_vRNA	500	626	1	5	1	2	1	6
PB2_vRNA	500	1285	1	5	1	0	1	3
PB2_vRNA	501	2018	0	0	1	18	0	119
PB2_vRNA	504	1861	2	4	1	0	1	31
PB2_vRNA	506	750	0	0	1	1	0	42
PB2_vRNA	506	1992	0	0	1	1	0	3
PB2_vRNA	507	1923	0	0	1	25	0	134
PB2_vRNA	508	1865	0	0	1	36	1	135
PB2_vRNA	510	1807	0	0	1	3	0	128
PB2_vRNA	511	594	0	0	1	0	1	8
PB2_vRNA	511	1937	0	0	1	1	0	5
PB2_vRNA	512	1829	0	0	1	100	1	122
PB2_vRNA	513	1830	0	0	1	1	0	12
PB2_vRNA	514	1862	0	0	1	1	0	17
PB2_vRNA	516	1411	0	0	1	1	0	90
PB2_vRNA	517	545	0	0	1	1	0	120
PB2_vRNA	517	1856	0	0	1	2	0	60
PB2_vRNA	517	1865	0	0	1	143	0	135
PB2_vRNA	517	1889	0	0	1	2	0	37
PB2_vRNA	517	1917	0	0	1	16	0	119
PB2_vRNA	518	1959	0	0	1	64	0	136
PB2_vRNA	518	1961	0	0	1	1	0	41
PB2_vRNA	519	1821	0	0	1	5	0	97
PB2_vRNA	520	1867	0	0	1	1	0	3
PB2_vRNA	521	1869	0	0	1	1	0	78
PB2_vRNA	529	2030	0	0	1	4	0	58
PB2_vRNA	530	883	0	0	1	1	0	11
PB2_vRNA	537	970	0	0	1	2	0	57
PB2_vRNA	538	1781	0	0	1	67	0	141
PB2_vRNA	540	664	0	0	1	1	0	60
PB2_vRNA	541	1793	0	0	1	2	0	6
PB2_vRNA	543	1943	0	0	1	1	0	3
PB2_vRNA	551	1833	0	0	1	1	0	17
PB2_vRNA	555	1832	0	0	1	2	0	94
PB2_vRNA	559	1836	0	0	1	90	0	143
PB2_vRNA	562	1826	0	0	1	2	0	58
PB2_vRNA	564	1876	0	0	1	110	0	126
PB2_vRNA	569	1863	0	0	1	29	0	116
PB2_vRNA	581	600	0	0	1	6	0	128
PB2_vRNA	584	1509	0	0	1	1	0	11
PB2_vRNA	584	1777	0	0	1	36	0	121
PB2_vRNA	585	1847	0	0	1	7	0	133
PB2_vRNA	589	1888	0	0	1	4	0	112
PB2_vRNA	591	1843	0	0	1	1	0	105
PB2_vRNA	594	2011	0	0	1	1	0	51
PB2_vRNA	599	1901	0	0	1	2	0	99
PB2_vRNA	601	650	0	0	1	0	1	6
PB2_vRNA	601	1264	0	0	1	1	0	64
PB2_vRNA	601	1878	0	0	1	2	0	39
PB2_vRNA	601	1905	0	0	1	0	1	4
PB2_vRNA	602	629	0	0	1	1	1	4
PB2_vRNA	605	1870	0	0	1	1	0	92
PB2_vRNA	608	1601	0	0	1	1	0	35
PB2_vRNA	609	1947	0	0	1	1	0	75
PB2_vRNA	610	1809	0	0	1	1	0	3
PB2_vRNA	612	1820	0	0	1	1	0	6
PB2_vRNA	622	1808	0	0	1	3	0	43
PB2_vRNA	625	1921	0	0	1	1	0	105
PB2_vRNA	634	2155	0	0	1	1	0	27
PB2_vRNA	635	650	0	0	1	2	0	95
PB2_vRNA	636	650	0	0	1	1	0	3
PB2_vRNA	651	1870	0	0	1	14	0	112
PB2_vRNA	654	1854	0	0	1	3	0	108
PB2_vRNA	660	929	0	0	1	2	0	33
PB2_vRNA	661	1312	0	0	1	1	0	57
PB2_vRNA	681	1219	0	0	1	1	0	77
PB2_vRNA	686	1827	0	0	1	156	2	142
PB2_vRNA	687	1714	0	0	1	1	0	85
PB2_vRNA	690	1832	0	0	1	1	0	91
PB2_vRNA	691	1755	0	0	1	2	0	48
PB2_vRNA	698	893	0	0	1	1	0	5
PB2_vRNA	703	860	0	0	1	1	0	24
PB2_vRNA	706	854	0	0	1	1	0	4
PB2_vRNA	707	897	0	0	1	1	0	34
PB2_vRNA	708	792	1	5	1	2	0	6
PB2_vRNA	708	832	1	5	1	1	1	4
PB2_vRNA	708	1155	1	5	1	5	0	93
PB2_vRNA	711	859	0	0	1	3	0	85
PB2_vRNA	711	1469	0	0	1	1	1	33
PB2_vRNA	713	1087	0	0	1	1	0	99
PB2_vRNA	714	893	0	0	1	2	0	144
PB2_vRNA	715	746	0	0	1	1	0	88
PB2_vRNA	716	729	0	0	1	1	0	67
PB2_vRNA	716	1720	0	0	1	1	0	3
PB2_vRNA	719	1056	0	0	1	1	0	83
PB2_vRNA	722	1680	0	0	1	1	0	3
PB2_vRNA	729	808	0	0	1	1	0	48
PB2_vRNA	740	1591	0	0	1	1	0	3
PB2_vRNA	742	1782	0	0	1	3	0	134
PB2_vRNA	745	2058	0	0	1	3	0	89
PB2_vRNA	749	1933	0	0	1	1	0	3
PB2_vRNA	751	802	0	0	1	1	1	11
PB2_vRNA	752	2098	0	0	1	1	0	9
PB2_vRNA	753	1784	0	0	1	30	0	145
PB2_vRNA	789	2185	0	0	1	2	1	93
PB2_vRNA	790	2186	0	0	1	709	4	145
PB2_vRNA	790	2187	0	0	1	4	0	6
PB2_vRNA	792	1597	0	0	1	1	0	41
PB2_vRNA	793	832	0	0	1	1	0	42
PB2_vRNA	804	1049	0	0	1	1	0	9
PB2_vRNA	805	1699	0	0	1	20	0	122
PB2_vRNA	817	829	0	0	1	23	1	49
PB2_vRNA	832	1448	0	0	1	1	0	101
PB2_vRNA	833	2188	0	0	1	1	0	113
PB2_vRNA	834	918	0	0	1	1	0	7
PB2_vRNA	842	1364	0	0	1	1	0	82
PB2_vRNA	842	2108	0	0	1	1	0	91
PB2_vRNA	848	1533	0	0	1	1	0	3
PB2_vRNA	848	1691	0	0	1	6	0	111
PB2_vRNA	849	1346	0	0	1	1	0	32
PB2_vRNA	853	880	0	0	1	5	0	66
PB2_vRNA	861	1498	0	0	1	2	0	85
PB2_vRNA	862	964	0	0	1	1	0	63
PB2_vRNA	866	1599	0	0	1	2	0	35
PB2_vRNA	869	1599	0	0	1	15	1	130
PB2_vRNA	870	1491	0	0	1	2	0	8
PB2_vRNA	875	2186	0	0	1	1	0	44
PB2_vRNA	877	1730	0	0	1	22	1	47
PB2_vRNA	878	1499	0	0	1	1	0	79
PB2_vRNA	878	2042	0	0	1	2	0	64
PB2_vRNA	880	1957	0	0	1	1	1	87
PB2_vRNA	882	1096	0	0	1	1	0	87
PB2_vRNA	886	2052	0	0	1	1	0	47
PB2_vRNA	891	1296	0	0	1	1	0	69
PB2_vRNA	892	1011	0	0	1	1	0	4
PB2_vRNA	892	1535	0	0	1	2	0	54
PB2_vRNA	894	1591	0	0	1	1	0	3
PB2_vRNA	920	1008	0	0	1	2	0	96
PB2_vRNA	933	1074	0	0	1	1	0	3
PB2_vRNA	947	2050	1	5	1	1	0	97
PB2_vRNA	965	1262	0	0	1	1	0	117
PB2_vRNA	968	1115	0	0	1	1	0	70
PB2_vRNA	973	1577	0	0	1	1	0	52
PB2_vRNA	974	1121	0	0	1	1	0	9
PB2_vRNA	976	1475	0	0	1	1	0	6
PB2_vRNA	979	1351	0	0	1	1	0	3
PB2_vRNA	990	1635	0	0	1	8	0	52
PB2_vRNA	1006	1106	2	6	1	1	0	4
PB2_vRNA	1024	2111	0	0	1	1	0	29
PB2_vRNA	1050	1910	0	0	1	1	0	25
PB2_vRNA	1068	2085	0	0	1	3	0	15
PB2_vRNA	1080	1208	0	0	1	1	0	41
PB2_vRNA	1082	1502	0	0	1	3	0	126
PB2_vRNA	1090	1401	0	0	1	3	0	76
PB2_vRNA	1099	1290	0	0	1	1	0	30
PB2_vRNA	1099	1511	0	0	1	3	0	71
PB2_vRNA	1142	2278	0	0	1	1	0	26
PB2_vRNA	1158	1251	0	0	1	1	0	43
PB2_vRNA	1174	2118	0	0	1	3	0	80
PB2_vRNA	1180	1472	0	0	1	1	0	127
PB2_vRNA	1188	1208	0	0	1	1	0	17
PB2_vRNA	1189	1211	0	0	1	1	0	48
PB2_vRNA	1210	1259	0	0	1	1	0	44
PB2_vRNA	1236	1260	0	0	1	1	0	36
PB2_vRNA	1243	1254	0	0	1	1	0	3
PB2_vRNA	1248	1505	0	0	1	1	0	36
PB2_vRNA	1252	2052	0	0	1	1	0	140
PB2_vRNA	1255	1515	0	0	1	1	0	75
PB2_vRNA	1260	1887	0	0	1	1	0	25
PB2_vRNA	1289	1572	0	0	1	1	0	63
PB2_vRNA	1295	1565	0	0	1	1	0	10
PB2_vRNA	1297	1368	0	0	1	1	0	78
PB2_vRNA	1307	1854	0	0	1	1	0	24
PB2_vRNA	1339	1466	0	0	1	1	1	17
PB2_vRNA	1342	1449	0	0	1	1	0	28
PB2_vRNA	1342	1696	0	0	1	1	0	95
PB2_vRNA	1376	1518	0	0	1	1	0	61
PB2_vRNA	1431	2248	0	0	1	13	0	75
PB2_vRNA	1448	1488	0	0	1	1	0	25
PB2_vRNA	1449	1500	0	0	1	1	0	106
PB2_vRNA	1453	1484	0	0	1	1	0	5
PB2_vRNA	1455	1495	0	0	1	2	0	59
PB2_vRNA	1455	1861	0	0	1	0	1	67
PB2_vRNA	1477	1561	0	0	1	2	0	60
PB2_vRNA	1502	2044	0	0	1	1	0	43
PB2_vRNA	1510	1797	0	0	1	1	0	66
PB2_vRNA	1532	2065	0	0	1	1	0	37
PB2_vRNA	1549	2042	0	0	1	1	0	131
PB2_vRNA	1550	2061	0	0	1	1	0	55
PB2_vRNA	1562	2104	0	0	1	1	0	4
PB2_vRNA	1698	1742	0	0	1	4	0	110
PB2_vRNA	1698	1781	0	0	1	1	0	69
PB2_vRNA	1741	1766	0	0	1	1	0	4
PB2_vRNA	1763	1905	0	0	1	0	1	4
PB2_vRNA	1780	2124	0	0	1	1	0	18
PB2_vRNA	1827	1936	0	0	1	2	0	62
PB2_vRNA	1835	1858	0	0	1	1	0	47
PB2_vRNA	1891	1951	0	0	1	2	0	64
PB2_vRNA	1904	1968	0	0	1	3	0	39
PB2_vRNA	2078	2093	0	0	1	13	0	144
PB2_vRNA	2209	2243	0	0	1	2	0	33
PB2_vRNA	2212	2246	0	0	1	2887	14	63
PB2_vRNA	2213	2247	0	0	1	6	15	60
