HA_vRNA	75	115	0	0	1	1	0	25
HA_vRNA	83	149	0	0	1	1	0	32
HA_vRNA	91	658	0	0	1	2	0	12
HA_vRNA	94	158	0	0	1	7	0	47
HA_vRNA	94	452	0	0	1	3	0	38
HA_vRNA	95	1457	0	0	1	0	1	6
HA_vRNA	99	776	0	0	1	1	0	47
HA_vRNA	103	1384	0	0	1	1	0	37
HA_vRNA	107	171	0	0	1	1	0	6
HA_vRNA	165	1157	0	0	1	3	0	77
HA_vRNA	168	675	0	0	1	2	0	66
HA_vRNA	169	874	0	0	1	1	0	47
HA_vRNA	175	1168	0	0	1	1	0	114
HA_vRNA	179	644	0	0	1	1	0	96
HA_vRNA	184	707	0	0	1	1	0	120
HA_vRNA	190	561	0	0	1	2	0	94
HA_vRNA	190	1163	0	0	1	2	0	115
HA_vRNA	192	1070	0	0	1	1	0	50
HA_vRNA	194	706	0	0	1	3	0	130
HA_vRNA	200	664	0	0	1	6	0	113
HA_vRNA	206	245	0	0	1	0	1	104
HA_vRNA	210	249	0	0	1	0	1	108
HA_vRNA	213	631	0	0	1	5	0	126
HA_vRNA	218	1646	0	0	1	3	0	79
HA_vRNA	245	294	0	0	1	12	0	110
HA_vRNA	246	1542	0	0	1	1	0	103
HA_vRNA	259	516	0	0	1	1	0	3
HA_vRNA	259	523	0	0	1	1	0	81
HA_vRNA	262	515	0	0	1	2	0	139
HA_vRNA	266	883	0	0	1	1	0	75
HA_vRNA	270	520	0	0	1	1	0	112
HA_vRNA	276	883	0	0	1	2	0	109
HA_vRNA	276	1602	0	0	1	2	0	85
HA_vRNA	286	1637	0	0	1	1	0	20
HA_vRNA	288	1639	0	0	1	121	0	137
HA_vRNA	289	1640	0	0	1	1	0	6
HA_vRNA	301	1618	0	0	1	26	0	123
HA_vRNA	302	1157	0	0	1	1	0	119
HA_vRNA	304	915	0	0	1	1	0	31
HA_vRNA	306	454	0	0	1	1	0	68
HA_vRNA	311	1610	0	0	1	1	0	78
HA_vRNA	312	458	0	0	1	1	0	33
HA_vRNA	312	1249	0	0	1	1	0	81
HA_vRNA	313	330	0	0	1	1	0	36
HA_vRNA	328	1517	0	0	1	9	0	106
HA_vRNA	331	1546	0	0	1	1	0	132
HA_vRNA	332	1544	0	0	1	19	0	134
HA_vRNA	365	451	0	0	1	1	0	67
HA_vRNA	373	561	1	5	1	1	0	3
HA_vRNA	405	1516	0	0	1	11	0	110
HA_vRNA	445	709	2	6	1	0	1	4
HA_vRNA	451	1006	0	0	1	1	0	8
HA_vRNA	454	1457	0	0	1	0	1	6
HA_vRNA	489	678	0	0	1	2	0	53
HA_vRNA	514	1657	0	0	1	2	0	33
HA_vRNA	566	1049	0	0	1	1	0	47
HA_vRNA	616	939	0	0	1	1	0	71
HA_vRNA	637	731	0	0	1	1	0	77
HA_vRNA	640	1525	0	0	1	1	0	93
HA_vRNA	641	1159	0	0	1	1	0	120
HA_vRNA	646	1370	0	0	1	1	0	78
HA_vRNA	651	756	0	0	1	1	0	44
HA_vRNA	679	1518	0	0	1	1	0	87
HA_vRNA	682	1234	0	0	1	1	0	74
HA_vRNA	687	971	0	0	1	1	0	8
HA_vRNA	688	763	0	0	1	1	0	28
HA_vRNA	688	1381	0	0	1	1	0	133
HA_vRNA	688	1503	0	0	1	1	0	42
HA_vRNA	694	917	0	0	1	1	0	7
HA_vRNA	706	846	0	0	1	1	0	7
HA_vRNA	718	1436	0	0	1	1	0	46
HA_vRNA	751	1076	0	0	1	9	0	91
HA_vRNA	761	1021	0	0	1	1	0	122
HA_vRNA	763	914	0	0	1	1	0	24
HA_vRNA	763	971	0	0	1	5	0	124
HA_vRNA	765	1382	0	0	1	1	1	59
HA_vRNA	809	851	0	0	1	4	0	122
HA_vRNA	812	855	0	0	1	2	0	73
HA_vRNA	821	1022	0	0	1	2	0	29
HA_vRNA	878	900	0	0	1	2	0	77
HA_vRNA	878	913	0	0	1	1	0	32
HA_vRNA	941	1441	0	0	1	1	0	52
HA_vRNA	991	1044	0	0	1	2	0	137
HA_vRNA	992	1154	0	0	1	1	0	77
HA_vRNA	993	1057	0	0	1	1	0	4
HA_vRNA	1056	1094	0	0	1	4	0	101
HA_vRNA	1175	1212	0	0	1	1	0	3
HA_vRNA	1217	1246	0	0	1	1	0	100
HA_vRNA	1273	1528	0	0	1	1	0	73
HA_vRNA	1280	1432	0	0	1	1	0	117
HA_vRNA	1328	1516	0	0	1	1	0	7
HA_vRNA	1506	1590	0	0	1	1	0	86
HA_vRNA	1579	1677	0	0	1	1	0	95
HA_vRNA	1617	1645	0	0	1	3	0	87
M_vRNA	78	407	0	0	1	1	0	49
M_vRNA	100	133	0	0	1	4	0	71
M_vRNA	104	836	0	0	1	1	0	88
M_vRNA	110	264	0	0	1	1	0	69
M_vRNA	110	404	0	0	1	1	0	48
M_vRNA	112	378	0	0	1	1	0	94
M_vRNA	114	267	0	0	1	1	0	95
M_vRNA	126	962	0	0	1	2	0	57
M_vRNA	168	208	0	0	1	1	0	115
M_vRNA	182	540	0	0	1	1	0	129
M_vRNA	187	310	0	0	1	1	0	11
M_vRNA	189	389	0	0	1	1	0	60
M_vRNA	193	393	0	0	1	26	2	148
M_vRNA	198	761	0	0	1	1	0	55
M_vRNA	202	393	0	0	1	8	0	133
M_vRNA	209	637	0	0	1	3	0	108
M_vRNA	212	390	0	0	1	0	2	5
M_vRNA	217	395	0	0	1	5	0	58
M_vRNA	217	762	0	0	1	34	0	139
M_vRNA	220	721	0	0	1	12	0	148
M_vRNA	221	426	0	0	1	1	0	102
M_vRNA	223	342	0	0	1	4	0	97
M_vRNA	231	408	0	0	1	1	0	7
M_vRNA	236	852	0	0	1	1	0	105
M_vRNA	245	721	0	0	1	1	0	133
M_vRNA	259	734	0	0	1	4	0	131
M_vRNA	259	811	0	0	1	2	0	90
M_vRNA	266	408	0	0	1	0	1	8
M_vRNA	269	364	0	0	1	1	1	7
M_vRNA	269	367	0	0	1	15	0	128
M_vRNA	269	463	0	0	1	1	1	46
M_vRNA	269	639	0	0	1	5	0	83
M_vRNA	274	674	0	0	1	3	0	87
M_vRNA	276	470	0	0	1	1	0	34
M_vRNA	276	710	0	0	1	3	0	88
M_vRNA	279	813	0	0	1	3	0	56
M_vRNA	282	354	0	0	1	1	0	6
M_vRNA	283	404	0	0	1	1	0	147
M_vRNA	283	449	0	0	1	2	0	88
M_vRNA	285	486	0	0	1	1	0	144
M_vRNA	289	976	2	2	1	1	0	31
M_vRNA	291	401	0	0	1	1	0	105
M_vRNA	292	363	0	0	1	13	0	38
M_vRNA	292	381	0	0	1	3	0	127
M_vRNA	313	601	0	0	1	1	0	91
M_vRNA	325	426	0	0	1	2	0	39
M_vRNA	328	370	0	0	1	1	0	47
M_vRNA	336	388	0	0	1	10	0	92
M_vRNA	337	350	0	0	1	1	0	6
M_vRNA	346	524	0	0	1	1	0	84
M_vRNA	359	388	0	0	1	1	0	3
M_vRNA	359	405	0	0	1	0	1	5
M_vRNA	364	535	0	0	1	2	0	59
M_vRNA	369	640	0	0	1	1	0	28
M_vRNA	374	433	2	4	1	2	0	62
M_vRNA	376	415	0	0	1	2	0	56
M_vRNA	376	516	0	0	1	10	0	123
M_vRNA	376	541	0	0	1	1	0	138
M_vRNA	377	411	0	0	1	1	0	4
M_vRNA	391	543	0	0	1	3	0	111
M_vRNA	392	648	0	0	1	2	0	91
M_vRNA	397	438	0	0	1	15	0	139
M_vRNA	407	428	0	0	1	21	1	51
M_vRNA	409	657	0	0	1	1	0	98
M_vRNA	414	658	0	0	1	0	1	5
M_vRNA	415	435	0	0	1	2	0	29
M_vRNA	416	839	0	0	1	1	0	128
M_vRNA	419	537	0	0	1	1	0	26
M_vRNA	425	463	0	0	1	1	0	42
M_vRNA	426	641	0	0	1	10	0	147
M_vRNA	426	644	0	0	1	1	0	58
M_vRNA	429	631	0	0	1	3	0	75
M_vRNA	434	514	0	0	1	1	0	134
M_vRNA	434	636	0	0	1	1	0	78
M_vRNA	435	658	0	0	1	24	1	120
M_vRNA	438	552	0	0	1	1	0	6
M_vRNA	438	643	0	0	1	1	0	63
M_vRNA	441	654	0	0	1	1	0	43
M_vRNA	442	642	2	4	1	6	0	72
M_vRNA	464	522	0	0	1	1	0	128
M_vRNA	470	516	0	0	1	1	0	49
M_vRNA	476	549	0	0	1	2	0	80
M_vRNA	480	619	0	0	1	4	0	51
M_vRNA	489	537	0	0	1	2	0	22
M_vRNA	499	856	0	0	1	8	0	144
M_vRNA	500	526	0	0	1	1	0	44
M_vRNA	501	528	0	0	1	1	0	79
M_vRNA	526	607	0	0	1	2	0	51
M_vRNA	537	560	0	0	1	1	0	71
M_vRNA	565	623	0	0	1	1	0	81
M_vRNA	570	630	0	0	1	1	0	27
M_vRNA	573	632	0	0	1	1	0	3
M_vRNA	575	647	0	0	1	1	0	82
M_vRNA	589	614	0	0	1	1	0	144
M_vRNA	593	624	0	0	1	4	0	93
M_vRNA	594	628	0	0	1	7	0	142
M_vRNA	598	623	0	0	1	3	0	4
M_vRNA	599	618	0	0	1	6	0	127
M_vRNA	600	624	0	0	1	2	0	54
M_vRNA	600	631	0	0	1	1	0	73
M_vRNA	600	640	0	0	1	1	0	48
M_vRNA	601	621	0	0	1	4	0	140
M_vRNA	601	666	0	0	1	1	0	61
M_vRNA	622	674	0	0	1	1	0	83
M_vRNA	691	952	0	0	1	1	0	65
M_vRNA	693	924	0	0	1	3	0	5
M_vRNA	703	952	0	0	1	1	0	25
M_vRNA	723	735	0	0	1	1	0	3
M_vRNA	742	869	0	0	1	1	0	98
M_vRNA	749	802	0	0	1	5	0	28
M_vRNA	751	759	0	0	1	2	0	53
M_vRNA	819	878	0	0	1	1	0	72
M_vRNA	870	902	0	0	1	1	0	27
NA_vRNA	78	1306	0	0	1	1	0	44
NA_vRNA	122	154	0	0	1	1	0	73
NA_vRNA	123	316	0	0	1	1	0	49
NA_vRNA	126	1256	0	0	1	3	0	37
NA_vRNA	138	180	0	0	1	1	0	101
NA_vRNA	151	1323	0	0	1	3	0	74
NA_vRNA	160	1006	0	0	1	1	0	49
NA_vRNA	166	1303	0	0	1	1	0	69
NA_vRNA	173	695	0	0	1	1	0	84
NA_vRNA	174	691	0	0	1	6	0	97
NA_vRNA	174	1310	0	0	1	5	0	86
NA_vRNA	184	1224	0	0	1	27	0	136
NA_vRNA	185	1273	0	0	1	1	0	69
NA_vRNA	205	1349	0	0	1	4	0	23
NA_vRNA	206	1297	0	0	1	1	0	81
NA_vRNA	212	1038	0	0	1	11	0	109
NA_vRNA	213	601	0	0	1	1	0	35
NA_vRNA	213	1039	0	0	1	1	0	55
NA_vRNA	223	1204	0	0	1	5	0	97
NA_vRNA	224	261	0	0	1	1	0	33
NA_vRNA	234	1076	0	0	1	2	0	73
NA_vRNA	239	1213	0	0	1	9	0	137
NA_vRNA	250	276	0	0	1	1	0	125
NA_vRNA	252	1294	0	0	1	1	0	71
NA_vRNA	252	1349	0	0	1	117	0	63
NA_vRNA	258	442	0	0	1	1	0	27
NA_vRNA	259	553	0	0	1	1	0	146
NA_vRNA	261	436	0	0	1	1	0	51
NA_vRNA	261	567	0	0	1	3	0	39
NA_vRNA	268	660	0	0	1	1	0	28
NA_vRNA	269	671	0	0	1	1	0	88
NA_vRNA	273	295	0	0	1	2	0	126
NA_vRNA	276	1301	0	0	1	1	0	64
NA_vRNA	276	1334	0	0	1	4	0	32
NA_vRNA	277	1108	0	0	1	1	0	50
NA_vRNA	280	1302	0	0	1	1	0	50
NA_vRNA	287	343	0	0	1	1	0	76
NA_vRNA	298	563	0	0	1	2	0	98
NA_vRNA	301	357	0	0	1	1	0	29
NA_vRNA	304	697	0	0	1	1	0	44
NA_vRNA	326	610	0	0	1	1	0	28
NA_vRNA	326	1086	0	0	1	1	0	95
NA_vRNA	327	752	0	0	1	1	0	42
NA_vRNA	327	893	0	0	1	1	0	112
NA_vRNA	330	370	0	0	1	1	0	46
NA_vRNA	331	921	0	0	1	1	0	144
NA_vRNA	333	1114	0	0	1	6	0	142
NA_vRNA	334	536	0	0	1	1	0	53
NA_vRNA	334	882	2	6	1	1	0	80
NA_vRNA	336	540	0	0	1	1	0	14
NA_vRNA	342	554	0	0	1	1	0	112
NA_vRNA	346	1142	0	0	1	1	0	64
NA_vRNA	346	1247	0	0	1	10	0	48
NA_vRNA	350	530	0	0	1	1	0	117
NA_vRNA	365	499	0	0	1	1	0	32
NA_vRNA	367	496	0	0	1	1	0	97
NA_vRNA	371	920	0	0	1	1	0	11
NA_vRNA	377	1028	0	0	1	2	0	111
NA_vRNA	392	1181	0	0	1	1	0	91
NA_vRNA	392	1282	0	0	1	19	0	90
NA_vRNA	395	725	0	0	1	1	0	77
NA_vRNA	402	1032	0	0	1	10	0	144
NA_vRNA	407	1050	0	0	1	1	0	25
NA_vRNA	415	1037	0	0	1	1	0	39
NA_vRNA	417	1058	0	0	1	15	0	149
NA_vRNA	419	451	0	0	1	1	0	7
NA_vRNA	423	565	0	0	1	2	0	6
NA_vRNA	425	1054	0	0	1	4	0	90
NA_vRNA	436	471	0	0	1	1	0	66
NA_vRNA	443	552	0	0	1	1	0	3
NA_vRNA	452	946	0	0	1	1	0	57
NA_vRNA	461	1034	0	0	1	1	0	56
NA_vRNA	481	1016	0	0	1	2	0	76
NA_vRNA	492	1063	0	0	1	24	0	148
NA_vRNA	522	562	0	0	1	1	0	78
NA_vRNA	529	1045	0	0	1	4	0	94
NA_vRNA	534	877	0	0	1	1	0	8
NA_vRNA	575	649	0	0	1	1	0	36
NA_vRNA	619	1009	0	0	1	1	0	63
NA_vRNA	627	745	0	0	1	2	0	97
NA_vRNA	633	1057	0	0	1	1	0	56
NA_vRNA	657	946	0	0	1	1	0	94
NA_vRNA	660	1001	0	0	1	1	0	54
NA_vRNA	697	877	0	0	1	1	0	33
NA_vRNA	701	775	0	0	1	2	0	34
NA_vRNA	717	819	0	0	1	1	0	100
NA_vRNA	723	1269	0	0	1	1	0	35
NA_vRNA	732	1073	0	0	1	7	0	128
NA_vRNA	754	890	0	0	1	1	0	80
NA_vRNA	781	999	0	0	1	1	0	72
NA_vRNA	785	839	0	0	1	1	0	63
NA_vRNA	805	1341	0	0	1	4	0	66
NA_vRNA	880	1019	0	0	1	1	0	65
NA_vRNA	882	1059	0	0	1	1	0	80
NA_vRNA	887	1028	0	0	1	1	0	21
NA_vRNA	901	1235	0	0	1	1	0	68
NA_vRNA	926	1034	0	0	1	2	0	137
NA_vRNA	928	1008	0	0	1	2	0	134
NA_vRNA	950	1210	0	0	1	1	0	5
NA_vRNA	968	993	0	0	1	1	0	6
NA_vRNA	1222	1239	0	0	1	4	0	90
NA_vRNA	1230	1259	0	0	1	1	0	50
NA_vRNA	1297	1326	0	0	1	1	0	3
NP_vRNA	56	912	0	0	1	1	0	25
NP_vRNA	68	758	0	0	1	1	0	62
NP_vRNA	69	677	0	0	1	3	0	41
NP_vRNA	71	970	0	0	1	1	0	41
NP_vRNA	79	324	0	0	1	1	0	41
NP_vRNA	84	324	0	0	1	2	0	30
NP_vRNA	118	762	0	0	1	1	0	88
NP_vRNA	121	475	0	0	1	1	0	112
NP_vRNA	121	887	0	0	1	2	0	51
NP_vRNA	126	939	0	0	1	2	0	76
NP_vRNA	129	1066	0	0	1	1	0	91
NP_vRNA	137	546	0	0	1	1	0	107
NP_vRNA	139	923	0	0	1	1	0	36
NP_vRNA	139	1127	0	0	1	8	0	117
NP_vRNA	141	740	0	0	1	1	0	75
NP_vRNA	144	322	0	0	1	1	0	105
NP_vRNA	145	514	0	0	1	1	0	75
NP_vRNA	154	738	0	0	1	1	0	84
NP_vRNA	154	1126	0	0	1	1	0	32
NP_vRNA	156	738	1	5	1	2	0	118
NP_vRNA	159	1035	0	0	1	1	0	19
NP_vRNA	159	1071	0	0	1	1	0	52
NP_vRNA	159	1110	0	0	1	1	0	33
NP_vRNA	159	1113	0	0	1	3	0	97
NP_vRNA	164	480	0	0	1	1	0	126
NP_vRNA	166	1078	0	0	1	2	0	81
NP_vRNA	167	354	0	0	1	1	0	37
NP_vRNA	167	1016	0	0	1	1	0	19
NP_vRNA	167	1071	0	0	1	1	0	38
NP_vRNA	168	257	0	0	1	1	0	86
NP_vRNA	173	855	0	0	1	1	0	130
NP_vRNA	174	766	0	0	1	1	0	142
NP_vRNA	181	1220	0	0	1	2	0	119
NP_vRNA	182	1089	0	0	1	1	0	109
NP_vRNA	183	1025	0	0	1	3	0	103
NP_vRNA	184	770	2	4	1	1	0	4
NP_vRNA	187	1427	0	0	1	1	0	115
NP_vRNA	188	1339	0	0	1	4	0	126
NP_vRNA	192	210	0	0	1	1	0	34
NP_vRNA	195	274	0	0	1	4	0	127
NP_vRNA	198	1410	0	0	1	197	0	149
NP_vRNA	201	1401	0	0	1	1	0	96
NP_vRNA	202	274	0	0	1	1	0	47
NP_vRNA	202	276	0	0	1	4	0	95
NP_vRNA	203	1403	0	0	1	224	0	148
NP_vRNA	204	1404	1	1	1	1	0	31
NP_vRNA	208	1426	0	0	1	78	0	63
NP_vRNA	217	980	0	0	1	1	0	23
NP_vRNA	221	1037	0	0	1	1	0	118
NP_vRNA	225	1388	0	0	1	3	0	145
NP_vRNA	227	988	0	0	1	1	0	6
NP_vRNA	231	1368	0	0	1	1	0	8
NP_vRNA	232	1366	2	6	1	1	0	116
NP_vRNA	232	1367	0	0	1	3	0	118
NP_vRNA	233	1129	0	0	1	1	0	101
NP_vRNA	233	1374	0	0	1	167	0	147
NP_vRNA	234	367	0	0	1	2	0	77
NP_vRNA	235	1376	0	0	1	1	0	59
NP_vRNA	239	521	0	0	1	1	0	82
NP_vRNA	240	1127	0	0	1	3	0	88
NP_vRNA	246	1046	0	0	1	1	0	62
NP_vRNA	247	680	0	0	1	1	0	26
NP_vRNA	249	1366	0	0	1	2	0	4
NP_vRNA	256	308	0	0	1	1	0	3
NP_vRNA	260	1350	0	0	1	1	0	10
NP_vRNA	272	1286	0	0	1	1	0	51
NP_vRNA	274	1418	0	0	1	24	0	128
NP_vRNA	284	1272	0	0	1	1	0	94
NP_vRNA	287	1311	0	0	1	3	0	130
NP_vRNA	287	1483	0	0	1	1	0	70
NP_vRNA	288	1192	0	0	1	4	0	138
NP_vRNA	288	1340	0	0	1	1	0	69
NP_vRNA	289	1485	0	0	1	143	1	83
NP_vRNA	300	585	0	0	1	1	0	17
NP_vRNA	303	1262	0	0	1	2	0	75
NP_vRNA	309	1409	0	0	1	1	0	3
NP_vRNA	311	523	0	0	1	1	0	64
NP_vRNA	311	544	0	0	1	3	0	36
NP_vRNA	326	788	0	0	1	1	1	38
NP_vRNA	329	1239	0	0	1	10	0	93
NP_vRNA	336	1178	0	0	1	1	0	110
NP_vRNA	336	1395	0	0	1	2	0	100
NP_vRNA	341	910	0	0	1	7	0	138
NP_vRNA	342	1216	0	0	1	3	0	64
NP_vRNA	343	840	0	0	1	1	0	5
NP_vRNA	344	721	0	0	1	2	0	44
NP_vRNA	345	636	0	0	1	1	0	47
NP_vRNA	346	902	0	0	1	5	0	123
NP_vRNA	348	545	0	0	1	2	0	45
NP_vRNA	349	1214	0	0	1	1	0	56
NP_vRNA	360	1175	0	0	1	14	1	58
NP_vRNA	360	1277	0	0	1	0	1	6
NP_vRNA	377	1284	0	0	1	1	0	3
NP_vRNA	380	724	0	0	1	4	0	138
NP_vRNA	386	446	0	0	1	1	0	4
NP_vRNA	390	1075	0	0	1	1	0	98
NP_vRNA	391	611	0	0	1	1	0	127
NP_vRNA	400	437	0	0	1	1	0	5
NP_vRNA	400	496	0	0	1	1	0	4
NP_vRNA	401	466	0	0	1	1	0	38
NP_vRNA	402	1046	0	0	1	1	0	28
NP_vRNA	409	883	0	0	1	1	0	63
NP_vRNA	411	679	2	6	1	6	0	5
NP_vRNA	411	1046	2	6	1	1	0	69
NP_vRNA	412	1312	0	0	1	1	0	3
NP_vRNA	414	1123	0	0	1	2	0	89
NP_vRNA	417	1251	0	0	1	1	0	98
NP_vRNA	427	604	0	0	1	2	0	72
NP_vRNA	429	1233	0	0	1	14	0	144
NP_vRNA	433	844	0	0	1	1	0	118
NP_vRNA	434	601	0	0	1	1	0	72
NP_vRNA	434	832	0	0	1	1	0	102
NP_vRNA	437	767	0	0	1	2	0	81
NP_vRNA	440	900	0	0	1	1	0	105
NP_vRNA	441	1248	0	0	1	0	1	3
NP_vRNA	443	514	0	0	1	1	0	48
NP_vRNA	459	498	0	0	1	1	0	4
NP_vRNA	471	654	0	0	1	5	0	128
NP_vRNA	471	685	0	0	1	1	0	136
NP_vRNA	484	1177	0	0	1	1	0	58
NP_vRNA	488	603	0	0	1	1	0	103
NP_vRNA	507	761	0	0	1	1	0	10
NP_vRNA	510	650	0	0	1	1	0	125
NP_vRNA	518	699	0	0	1	1	0	5
NP_vRNA	520	1151	0	0	1	1	0	84
NP_vRNA	522	849	0	0	1	1	0	44
NP_vRNA	523	542	0	0	1	1	0	33
NP_vRNA	525	711	0	0	1	1	0	123
NP_vRNA	535	806	0	0	1	1	0	62
NP_vRNA	540	1129	0	0	1	2	0	65
NP_vRNA	542	827	0	0	1	5	0	133
NP_vRNA	548	642	0	0	1	1	0	29
NP_vRNA	548	790	0	0	1	1	0	32
NP_vRNA	551	1082	0	0	1	1	0	85
NP_vRNA	562	783	0	0	1	1	0	16
NP_vRNA	569	1017	0	0	1	0	1	3
NP_vRNA	569	1116	0	0	1	0	1	3
NP_vRNA	593	603	0	0	1	0	1	15
NP_vRNA	614	1166	0	0	1	1	0	50
NP_vRNA	622	693	0	0	1	12	0	130
NP_vRNA	638	770	0	0	1	2	0	114
NP_vRNA	645	790	0	0	1	1	1	48
NP_vRNA	654	681	0	0	1	1	0	64
NP_vRNA	655	762	0	0	1	1	0	6
NP_vRNA	662	806	0	0	1	3	0	87
NP_vRNA	664	939	0	0	1	13	0	113
NP_vRNA	679	805	0	0	1	1	0	85
NP_vRNA	708	938	0	0	1	6	0	131
NP_vRNA	717	1013	0	0	1	1	0	98
NP_vRNA	722	795	0	0	1	1	0	88
NP_vRNA	724	791	0	0	1	5	0	87
NP_vRNA	736	1391	0	0	1	1	0	84
NP_vRNA	741	778	0	0	1	1	0	60
NP_vRNA	742	853	0	0	1	1	0	5
NP_vRNA	748	905	0	0	1	1	0	5
NP_vRNA	756	1199	0	0	1	1	0	26
NP_vRNA	766	1058	0	0	1	1	0	50
NP_vRNA	770	1124	0	0	1	2	0	90
NP_vRNA	773	911	0	0	1	1	0	3
NP_vRNA	774	1047	0	0	1	1	0	4
NP_vRNA	777	910	0	0	1	1	0	69
NP_vRNA	780	938	0	0	1	3	0	100
NP_vRNA	798	895	0	0	1	4	0	117
NP_vRNA	805	922	0	0	1	2	1	105
NP_vRNA	806	1045	0	0	1	1	0	16
NP_vRNA	807	1033	0	0	1	1	0	60
NP_vRNA	811	1148	0	0	1	2	0	89
NP_vRNA	814	861	0	0	1	1	0	83
NP_vRNA	815	961	0	0	1	3	0	144
NP_vRNA	818	913	2	6	1	6	0	125
NP_vRNA	820	1186	0	0	1	1	0	52
NP_vRNA	837	871	0	0	1	0	1	6
NP_vRNA	855	1137	0	0	1	1	0	54
NP_vRNA	859	1395	0	0	1	1	0	128
NP_vRNA	884	1207	0	0	1	1	0	7
NP_vRNA	888	1361	0	0	1	1	0	56
NP_vRNA	894	1204	0	0	1	4	0	125
NP_vRNA	897	954	0	0	1	1	0	20
NP_vRNA	898	1017	0	0	1	2	0	103
NP_vRNA	899	989	0	0	1	1	0	61
NP_vRNA	900	927	0	0	1	2	0	150
NP_vRNA	902	974	0	0	1	1	0	75
NP_vRNA	910	1202	0	0	1	1	0	73
NP_vRNA	911	962	0	0	1	1	0	87
NP_vRNA	911	1044	0	0	1	2	0	94
NP_vRNA	922	942	0	0	1	3	0	36
NP_vRNA	939	954	0	0	1	8	0	118
NP_vRNA	940	1132	0	0	1	1	0	3
NP_vRNA	953	1089	0	0	1	1	0	89
NP_vRNA	955	983	0	0	1	1	0	35
NP_vRNA	958	1047	0	0	1	1	0	124
NP_vRNA	958	1148	0	0	1	1	0	57
NP_vRNA	962	1347	0	0	1	1	0	69
NP_vRNA	983	1136	2	4	1	1	0	26
NP_vRNA	992	1017	0	0	1	1	0	26
NP_vRNA	993	1016	0	0	1	1	0	35
NP_vRNA	1008	1040	0	0	1	1	0	3
NP_vRNA	1020	1051	0	0	1	1	0	46
NP_vRNA	1028	1069	0	0	1	1	0	40
NP_vRNA	1043	1276	0	0	1	3	0	140
NP_vRNA	1075	1243	0	0	1	1	0	53
NP_vRNA	1084	1141	0	0	1	1	0	50
NP_vRNA	1110	1166	0	0	1	1	0	67
NP_vRNA	1134	1359	0	0	1	1	0	106
NP_vRNA	1149	1326	0	0	1	1	0	81
NP_vRNA	1183	1284	0	0	1	1	0	98
NP_vRNA	1192	1368	0	0	1	1	0	49
NP_vRNA	1212	1245	0	0	1	1	0	75
NP_vRNA	1218	1251	0	0	1	1	0	19
NP_vRNA	1222	1486	0	0	1	1	0	64
NP_vRNA	1235	1292	0	0	1	2	0	123
NP_vRNA	1259	1288	0	0	1	1	0	133
NP_vRNA	1305	1329	0	0	1	1	1	23
NP_vRNA	1305	1331	0	0	1	3	0	80
NP_vRNA	1369	1381	0	0	1	5	0	81
NP_vRNA	1423	1476	0	0	1	1	0	53
NP_vRNA	1463	1492	0	0	1	4	0	69
NS_vRNA	120	535	0	0	1	1	0	3
NS_vRNA	145	235	0	0	1	4	0	65
NS_vRNA	172	716	0	0	1	1	0	43
NS_vRNA	181	205	0	0	1	1	0	101
NS_vRNA	183	213	0	0	1	1	0	45
NS_vRNA	193	402	0	0	1	1	0	69
NS_vRNA	196	702	0	0	1	1	0	109
NS_vRNA	197	670	0	0	1	1	0	28
NS_vRNA	218	653	0	0	1	2	0	96
NS_vRNA	228	415	0	0	1	1	0	96
NS_vRNA	238	328	0	0	1	1	0	90
NS_vRNA	240	503	0	0	1	1	0	56
NS_vRNA	243	513	0	0	1	1	0	90
NS_vRNA	244	790	0	0	1	2	0	62
NS_vRNA	246	555	0	0	1	1	0	71
NS_vRNA	248	674	0	0	1	1	0	4
NS_vRNA	254	543	0	0	1	2	0	74
NS_vRNA	256	652	0	0	1	1	0	118
NS_vRNA	257	279	0	0	1	3	0	145
NS_vRNA	259	443	0	0	1	1	0	127
NS_vRNA	264	689	1	5	1	1	0	100
NS_vRNA	307	509	0	0	1	12	0	140
NS_vRNA	310	651	0	0	1	1	0	8
NS_vRNA	311	545	0	0	1	2	0	91
NS_vRNA	319	363	0	0	1	1	0	51
NS_vRNA	321	543	0	0	1	2	0	32
NS_vRNA	338	799	0	0	1	2	0	77
NS_vRNA	344	540	0	0	1	1	0	6
NS_vRNA	348	573	0	0	1	3	0	146
NS_vRNA	351	556	0	0	1	3	0	5
NS_vRNA	352	408	0	0	1	1	0	82
NS_vRNA	353	533	0	0	1	1	0	82
NS_vRNA	357	647	0	0	1	6	0	124
NS_vRNA	361	525	0	0	1	1	0	74
NS_vRNA	364	404	0	0	1	1	0	33
NS_vRNA	366	531	0	0	1	2	0	3
NS_vRNA	366	837	0	0	1	1	0	12
NS_vRNA	393	471	0	0	1	1	0	8
NS_vRNA	411	672	0	0	1	5	0	115
NS_vRNA	422	528	0	0	1	2	0	126
NS_vRNA	429	517	0	0	1	1	0	84
NS_vRNA	443	502	0	0	1	1	0	83
NS_vRNA	458	487	0	0	1	1	0	3
NS_vRNA	466	839	0	0	1	1	0	31
NS_vRNA	467	841	0	0	1	1	0	25
NS_vRNA	478	552	0	0	1	1	0	95
NS_vRNA	479	548	0	0	1	1	0	5
NS_vRNA	490	653	0	0	1	1	0	40
NS_vRNA	505	541	0	0	1	1	0	144
NS_vRNA	506	546	0	0	1	2	0	16
NS_vRNA	569	744	0	0	1	1	0	23
NS_vRNA	573	848	0	0	1	4	0	43
NS_vRNA	580	803	0	0	1	1	0	57
NS_vRNA	581	643	0	0	1	1	0	7
NS_vRNA	581	674	0	0	1	1	0	8
NS_vRNA	589	630	2	6	1	1	0	15
NS_vRNA	594	601	0	0	1	1	0	20
NS_vRNA	612	647	1	1	1	2	0	135
NS_vRNA	616	683	0	0	1	1	0	33
NS_vRNA	671	685	0	0	1	1	0	100
NS_vRNA	711	799	0	0	1	1	0	92
NS_vRNA	736	796	0	0	1	1	0	78
NS_vRNA	828	842	0	0	1	1	0	5
PA_vRNA	52	103	0	0	1	1	0	34
PA_vRNA	54	145	0	0	1	2	1	8
PA_vRNA	54	1575	0	0	1	1	0	49
PA_vRNA	66	1965	0	0	1	1	0	38
PA_vRNA	67	888	0	0	1	2	0	39
PA_vRNA	69	142	0	0	1	4	0	27
PA_vRNA	69	1441	0	0	1	1	0	39
PA_vRNA	69	1609	0	0	1	1	0	51
PA_vRNA	73	261	2	6	1	690	4	9
PA_vRNA	77	103	0	0	1	0	1	4
PA_vRNA	78	1236	0	0	1	1	0	50
PA_vRNA	83	292	0	0	1	1	0	4
PA_vRNA	87	457	0	0	1	1	0	59
PA_vRNA	102	133	0	0	1	4	0	6
PA_vRNA	102	216	0	0	1	2	0	70
PA_vRNA	109	176	0	0	1	1	0	5
PA_vRNA	110	162	0	0	1	1	0	5
PA_vRNA	116	161	0	0	1	6	2	34
PA_vRNA	118	131	0	0	1	5	0	95
PA_vRNA	118	178	0	0	1	8	0	90
PA_vRNA	133	459	0	0	1	2	0	54
PA_vRNA	136	556	0	0	1	1	0	52
PA_vRNA	139	332	0	0	1	1	0	58
PA_vRNA	140	325	0	0	1	1	0	88
PA_vRNA	140	1656	0	0	1	3	0	89
PA_vRNA	140	1972	0	0	1	1	0	41
PA_vRNA	141	468	0	0	1	3	1	11
PA_vRNA	141	1160	0	0	1	1	0	93
PA_vRNA	143	424	0	0	1	1	0	82
PA_vRNA	143	1336	0	0	1	8	0	125
PA_vRNA	144	1014	0	0	1	1	1	88
PA_vRNA	147	1835	0	0	1	1	0	5
PA_vRNA	150	1607	0	0	1	2	0	30
PA_vRNA	150	1995	0	0	1	2	0	127
PA_vRNA	151	169	0	0	1	2	0	31
PA_vRNA	157	1664	0	0	1	1	0	127
PA_vRNA	157	1794	0	0	1	53	0	134
PA_vRNA	158	1107	0	0	1	3	0	84
PA_vRNA	159	323	0	0	1	1	0	25
PA_vRNA	160	175	0	0	1	1	0	9
PA_vRNA	160	1982	0	0	1	2	0	6
PA_vRNA	160	1983	0	0	1	2	3	119
PA_vRNA	162	1984	0	0	1	835	3	147
PA_vRNA	164	1102	0	0	1	1	0	91
PA_vRNA	165	180	0	0	1	1	0	30
PA_vRNA	168	183	0	0	1	789	1	100
PA_vRNA	170	1043	0	0	1	2	0	93
PA_vRNA	170	1932	0	0	1	1	0	25
PA_vRNA	173	1935	0	0	1	41	0	145
PA_vRNA	173	1976	0	0	1	3	0	102
PA_vRNA	176	1689	0	0	1	1	0	79
PA_vRNA	177	2106	0	0	1	102	0	128
PA_vRNA	181	187	0	0	1	3	1	34
PA_vRNA	189	2001	0	0	1	474	0	148
PA_vRNA	190	251	0	0	1	4	3	26
PA_vRNA	190	369	0	0	1	0	1	7
PA_vRNA	195	1953	0	0	1	2	0	139
PA_vRNA	196	1988	0	0	1	1	0	130
PA_vRNA	198	237	0	0	1	1	0	3
PA_vRNA	209	2143	0	0	1	41	0	91
PA_vRNA	210	1746	0	0	1	1	0	5
PA_vRNA	210	2090	0	0	1	6	0	102
PA_vRNA	214	1768	0	0	1	1	0	38
PA_vRNA	220	963	0	0	1	1	0	48
PA_vRNA	222	2033	2	2	1	1	0	5
PA_vRNA	222	2069	2	2	1	292	0	148
PA_vRNA	222	2070	0	0	1	1	0	67
PA_vRNA	222	2090	0	0	1	53	0	132
PA_vRNA	224	1788	0	0	1	0	1	3
PA_vRNA	224	2071	0	0	1	1	0	136
PA_vRNA	225	695	0	0	1	1	0	46
PA_vRNA	225	1716	0	0	1	1	0	114
PA_vRNA	225	1875	0	0	1	6	0	121
PA_vRNA	225	1976	0	0	1	1	0	37
PA_vRNA	225	2113	0	0	1	1	0	47
PA_vRNA	228	1878	0	0	1	1	0	4
PA_vRNA	229	2031	0	0	1	1	0	7
PA_vRNA	236	2025	0	0	1	3	0	74
PA_vRNA	238	1989	0	0	1	2	0	1
PA_vRNA	238	2090	0	0	1	6	0	127
PA_vRNA	239	2016	0	0	1	6	0	122
PA_vRNA	239	2074	0	0	1	12	0	126
PA_vRNA	241	929	0	0	1	1	0	107
PA_vRNA	243	324	0	0	1	1	0	5
PA_vRNA	243	1987	0	0	1	1	0	5
PA_vRNA	243	1998	0	0	1	3	0	111
PA_vRNA	243	2067	0	0	1	1	0	21
PA_vRNA	245	2074	0	0	1	1	0	96
PA_vRNA	246	923	0	0	1	1	0	89
PA_vRNA	246	2030	0	0	1	244	1	146
PA_vRNA	246	2063	0	0	1	1	0	78
PA_vRNA	246	2205	0	0	1	2	0	29
PA_vRNA	247	2039	0	0	1	1	0	6
PA_vRNA	247	2059	0	0	1	4	0	110
PA_vRNA	247	2070	0	0	1	1	0	79
PA_vRNA	248	1791	0	0	1	1	0	3
PA_vRNA	248	1972	0	0	1	5	0	114
PA_vRNA	250	1875	0	0	1	3	0	45
PA_vRNA	250	1985	2	6	1	0	2	73
PA_vRNA	251	1989	0	0	1	3	1	31
PA_vRNA	253	1988	0	0	1	31	0	111
PA_vRNA	253	2041	0	0	1	1	0	4
PA_vRNA	253	2082	0	0	1	1	0	43
PA_vRNA	254	1989	0	0	1	6637	6	150
PA_vRNA	254	1990	0	0	1	19	6	134
PA_vRNA	254	2061	0	0	1	2	0	97
PA_vRNA	254	2088	0	0	1	3	0	33
PA_vRNA	255	1822	0	0	1	9	0	130
PA_vRNA	255	1990	0	0	1	2	0	55
PA_vRNA	256	2012	0	0	1	1	0	2
PA_vRNA	256	2102	0	0	1	37	0	130
PA_vRNA	257	2103	0	0	1	1	0	40
PA_vRNA	261	2022	0	0	1	33	1	77
PA_vRNA	261	2023	0	0	1	1	0	66
PA_vRNA	262	801	0	0	1	1	0	3
PA_vRNA	262	1989	0	0	1	1	0	113
PA_vRNA	263	291	0	0	1	1	0	4
PA_vRNA	263	2052	0	0	1	263	0	148
PA_vRNA	263	2097	0	0	1	1	0	7
PA_vRNA	264	2026	0	0	1	1173	1	149
PA_vRNA	264	2033	0	0	1	0	1	1
PA_vRNA	264	2053	0	0	1	1	0	60
PA_vRNA	264	2088	0	0	1	1	0	3
PA_vRNA	266	2095	0	0	1	1	0	1
PA_vRNA	269	1992	0	0	1	4	0	4
PA_vRNA	269	2021	0	0	1	17	1	133
PA_vRNA	269	2108	2	6	1	2	0	1
PA_vRNA	274	2022	0	0	1	1	0	2
PA_vRNA	274	2035	0	0	1	1	0	6
PA_vRNA	276	2122	0	0	1	566	3	112
PA_vRNA	276	2145	0	0	1	39	0	89
PA_vRNA	276	2154	0	0	1	0	3	4
PA_vRNA	277	2009	0	0	1	1	1	90
PA_vRNA	277	2123	0	0	1	1	0	19
PA_vRNA	278	2023	0	0	1	2	0	3
PA_vRNA	278	2026	0	0	1	1	2	8
PA_vRNA	278	2089	0	0	1	15	3	50
PA_vRNA	279	2018	0	0	1	3	0	101
PA_vRNA	279	2089	0	0	1	3460	0	148
PA_vRNA	280	304	0	0	1	0	1	4
PA_vRNA	280	1985	0	0	1	4	0	102
PA_vRNA	280	2019	0	0	1	1481	2	148
PA_vRNA	280	2091	0	0	1	8	2	90
PA_vRNA	281	2020	0	0	1	2	0	92
PA_vRNA	282	2025	0	0	1	24	0	148
PA_vRNA	282	2073	0	0	1	1	0	73
PA_vRNA	282	2094	0	0	1	637	0	98
PA_vRNA	282	2096	0	0	1	2	0	3
PA_vRNA	284	2043	0	0	1	209	1	149
PA_vRNA	284	2096	0	0	1	1	0	43
PA_vRNA	285	2021	0	0	1	3	0	40
PA_vRNA	286	315	0	0	1	4	1	7
PA_vRNA	286	1940	0	0	1	1	0	33
PA_vRNA	286	2020	0	0	1	3	0	79
PA_vRNA	286	2031	0	0	1	3	0	61
PA_vRNA	287	2021	0	0	1	1586	2	150
PA_vRNA	288	310	0	0	1	109	0	149
PA_vRNA	288	1916	0	0	1	90	0	148
PA_vRNA	288	2022	0	0	1	1	0	27
PA_vRNA	288	2023	0	0	1	1	0	41
PA_vRNA	289	355	0	0	1	4	3	7
PA_vRNA	290	2022	0	0	1	1	0	2
PA_vRNA	290	2056	0	0	1	1	0	9
PA_vRNA	291	2046	0	0	1	1	0	115
PA_vRNA	292	314	0	0	1	1	0	8
PA_vRNA	292	355	0	0	1	4	1	124
PA_vRNA	292	1677	0	0	1	3	0	147
PA_vRNA	294	1997	0	0	1	1	0	97
PA_vRNA	295	2024	0	0	1	27	0	138
PA_vRNA	298	308	0	0	1	5	0	107
PA_vRNA	298	2044	0	0	1	323	0	146
PA_vRNA	299	2044	0	0	1	1	0	1
PA_vRNA	299	2045	0	0	1	1	0	60
PA_vRNA	300	363	0	0	1	1	0	107
PA_vRNA	301	1991	0	0	1	1	0	68
PA_vRNA	306	2076	0	0	1	8	0	149
PA_vRNA	307	1964	0	0	1	2	0	34
PA_vRNA	307	1976	0	0	1	43	0	137
PA_vRNA	307	2043	0	0	1	1	0	1
PA_vRNA	307	2051	0	0	1	3	0	41
PA_vRNA	308	2021	0	0	1	1	0	4
PA_vRNA	308	2051	0	0	1	1354	5	149
PA_vRNA	308	2072	0	0	1	0	4	3
PA_vRNA	309	319	0	0	1	1	0	3
PA_vRNA	309	433	0	0	1	1	0	5
PA_vRNA	309	1994	0	0	1	1	0	95
PA_vRNA	309	2011	0	0	1	112	0	149
PA_vRNA	309	2052	0	0	1	1	0	135
PA_vRNA	310	323	0	0	1	8	0	65
PA_vRNA	310	346	0	0	1	4	0	48
PA_vRNA	312	1297	0	0	1	1	0	5
PA_vRNA	312	1857	0	0	1	1	0	7
PA_vRNA	318	1970	0	0	1	480	0	148
PA_vRNA	319	2117	0	0	1	209	0	117
PA_vRNA	320	2011	0	0	1	1	0	2
PA_vRNA	321	2001	0	0	1	1	0	83
PA_vRNA	323	1918	0	0	1	1	0	34
PA_vRNA	323	1994	0	0	1	1	0	6
PA_vRNA	327	1938	0	0	1	1	0	149
PA_vRNA	327	2018	0	0	1	3	0	82
PA_vRNA	327	2020	0	0	1	2	1	86
PA_vRNA	328	2095	0	0	1	3	0	47
PA_vRNA	328	2097	0	0	1	8	2	3
PA_vRNA	329	1921	0	0	1	1	0	4
PA_vRNA	329	2021	0	0	1	1	0	3
PA_vRNA	329	2023	0	0	1	0	1	4
PA_vRNA	329	2096	0	0	1	7116	11	138
PA_vRNA	330	376	0	0	1	4	0	83
PA_vRNA	330	436	0	0	1	23	0	134
PA_vRNA	330	1940	0	0	1	99	0	149
PA_vRNA	330	2021	0	0	1	4470	2	150
PA_vRNA	330	2024	0	0	1	9	6	20
PA_vRNA	330	2097	0	0	1	3	0	76
PA_vRNA	330	2098	0	0	1	9	0	3
PA_vRNA	330	2099	0	0	1	2	3	4
PA_vRNA	331	343	0	0	1	1	0	6
PA_vRNA	331	2023	2	2	1	8	2	102
PA_vRNA	332	2023	0	0	1	4	0	70
PA_vRNA	337	1891	0	0	1	1	0	3
PA_vRNA	345	377	0	0	1	57	1	148
PA_vRNA	346	378	0	0	1	0	1	3
PA_vRNA	346	1957	0	0	1	149	0	141
PA_vRNA	350	1932	0	0	1	0	1	4
PA_vRNA	352	2033	0	0	1	1	0	1
PA_vRNA	353	2031	0	0	1	138	0	146
PA_vRNA	355	2035	0	0	1	1	0	3
PA_vRNA	356	1931	0	0	1	1	0	1
PA_vRNA	357	1940	0	0	1	258	0	149
PA_vRNA	357	1976	0	0	1	1	0	122
PA_vRNA	359	393	0	0	1	8	0	131
PA_vRNA	360	1093	0	0	1	1	0	98
PA_vRNA	362	1813	0	0	1	1	0	23
PA_vRNA	363	2105	0	0	1	2	0	129
PA_vRNA	369	1902	0	0	1	1	0	1
PA_vRNA	370	1893	0	0	1	260	1	149
PA_vRNA	377	1984	0	0	1	1	0	106
PA_vRNA	382	2018	0	0	1	0	1	20
PA_vRNA	383	1941	0	0	1	1	0	1
PA_vRNA	386	483	0	0	1	1	0	6
PA_vRNA	388	1928	0	0	1	2	0	20
PA_vRNA	389	1928	0	0	1	2257	4	149
PA_vRNA	389	1929	0	0	1	1	0	47
PA_vRNA	390	1929	0	0	1	3	0	56
PA_vRNA	390	1987	0	0	1	27	0	149
PA_vRNA	391	1931	0	0	1	1	0	2
PA_vRNA	391	1940	0	0	1	52	0	149
PA_vRNA	392	1875	0	0	1	37	1	146
PA_vRNA	396	2001	0	0	1	1	0	5
PA_vRNA	398	1844	0	0	1	4	0	67
PA_vRNA	402	925	0	0	1	1	0	51
PA_vRNA	403	1158	0	0	1	1	0	51
PA_vRNA	403	1332	0	0	1	1	0	68
PA_vRNA	404	2067	0	0	1	16	0	120
PA_vRNA	407	449	0	0	1	2	0	66
PA_vRNA	408	540	0	0	1	1	0	112
PA_vRNA	409	2042	0	0	1	1	0	26
PA_vRNA	410	2043	0	0	1	721	4	148
PA_vRNA	410	2049	0	0	1	0	1	18
PA_vRNA	410	2072	0	0	1	1	0	2
PA_vRNA	412	1652	0	0	1	9	0	109
PA_vRNA	418	1890	0	0	1	202	0	149
PA_vRNA	418	1959	2	4	1	5	0	130
PA_vRNA	420	923	0	0	1	1	0	67
PA_vRNA	421	1940	0	0	1	1	0	46
PA_vRNA	423	1861	0	0	1	1	0	36
PA_vRNA	425	1881	0	0	1	59	0	132
PA_vRNA	426	929	0	0	1	1	0	15
PA_vRNA	428	1825	0	0	1	11	0	130
PA_vRNA	431	2027	0	0	1	0	1	5
PA_vRNA	434	924	0	0	1	1	0	79
PA_vRNA	435	2036	0	0	1	1	0	56
PA_vRNA	436	1767	0	0	1	1	0	118
PA_vRNA	437	1765	0	0	1	247	0	142
PA_vRNA	438	1726	0	0	1	75	1	148
PA_vRNA	438	1943	0	0	1	0	1	7
PA_vRNA	439	1837	0	0	1	9	0	121
PA_vRNA	439	2124	0	0	1	1	0	18
PA_vRNA	441	1728	0	0	1	1	0	36
PA_vRNA	441	1801	0	0	1	1	0	3
PA_vRNA	442	1884	0	0	1	1	0	4
PA_vRNA	448	1877	0	0	1	55	0	128
PA_vRNA	449	1876	0	0	1	31	0	127
PA_vRNA	452	597	0	0	1	12	0	148
PA_vRNA	454	528	0	0	1	1	0	24
PA_vRNA	455	1950	0	0	1	1	0	3
PA_vRNA	460	1391	0	0	1	1	0	62
PA_vRNA	463	535	0	0	1	0	1	4
PA_vRNA	463	1693	0	0	1	1	0	43
PA_vRNA	471	1781	0	0	1	3	0	65
PA_vRNA	471	1823	0	0	1	1	1	81
PA_vRNA	471	1883	0	0	1	1	0	66
PA_vRNA	472	1780	0	0	1	3	0	1
PA_vRNA	472	1781	0	0	1	1449	1	149
PA_vRNA	472	1823	0	0	1	472	2	146
PA_vRNA	473	1782	0	0	1	1	0	64
PA_vRNA	473	1834	0	0	1	1	0	4
PA_vRNA	474	1893	0	0	1	1	0	89
PA_vRNA	474	1906	0	0	1	2	0	119
PA_vRNA	475	1790	0	0	1	1	0	3
PA_vRNA	475	1814	0	0	1	0	1	5
PA_vRNA	475	1815	0	0	1	3	1	127
PA_vRNA	476	1856	0	0	1	757	0	147
PA_vRNA	476	1857	0	0	1	1	1	47
PA_vRNA	476	1858	0	0	1	1	0	86
PA_vRNA	477	1857	0	0	1	1	0	6
PA_vRNA	478	1397	0	0	1	4	0	66
PA_vRNA	478	1511	0	0	1	1	0	129
PA_vRNA	478	1787	0	0	1	1	0	78
PA_vRNA	479	1789	0	0	1	2	1	29
PA_vRNA	480	1789	0	0	1	926	2	91
PA_vRNA	480	1808	0	0	1	1	0	3
PA_vRNA	480	1918	0	0	1	2	0	46
PA_vRNA	481	827	0	0	1	1	0	44
PA_vRNA	483	1395	0	0	1	2	0	111
PA_vRNA	485	509	0	0	1	2	0	94
PA_vRNA	485	1795	0	0	1	2	0	5
PA_vRNA	486	1669	0	0	1	5	0	87
PA_vRNA	487	2053	0	0	1	9	0	134
PA_vRNA	491	1778	0	0	1	15	0	119
PA_vRNA	491	1865	0	0	1	1	0	6
PA_vRNA	492	1822	0	0	1	1	0	3
PA_vRNA	493	1801	0	0	1	17	0	148
PA_vRNA	494	1801	0	0	1	1	0	2
PA_vRNA	496	1895	0	0	1	10	0	138
PA_vRNA	496	1981	0	0	1	8	0	5
PA_vRNA	501	1809	0	0	1	1	0	41
PA_vRNA	504	1875	0	0	1	31	0	146
PA_vRNA	506	1814	0	0	1	19	0	143
PA_vRNA	509	1580	0	0	1	7	0	117
PA_vRNA	512	1720	0	0	1	42	0	122
PA_vRNA	515	1702	0	0	1	1	0	53
PA_vRNA	521	1819	0	0	1	1	0	6
PA_vRNA	522	1929	0	0	1	2	0	44
PA_vRNA	524	1931	0	0	1	548	2	147
PA_vRNA	526	1746	0	0	1	45	0	123
PA_vRNA	526	1836	0	0	1	172	0	143
PA_vRNA	526	1942	0	0	1	4	0	117
PA_vRNA	527	1724	0	0	1	10	0	104
PA_vRNA	527	1884	0	0	1	7	0	147
PA_vRNA	529	1741	0	0	1	10	0	122
PA_vRNA	530	1742	0	0	1	1	0	29
PA_vRNA	533	1816	0	0	1	113	0	143
PA_vRNA	538	1783	0	0	1	38	0	141
PA_vRNA	538	1788	0	0	1	212	0	148
PA_vRNA	539	1677	0	0	1	4	0	75
PA_vRNA	539	1876	0	0	1	71	0	149
PA_vRNA	539	2009	0	0	1	71	0	139
PA_vRNA	548	1745	0	0	1	5	0	133
PA_vRNA	553	1820	0	0	1	26	0	148
PA_vRNA	555	1790	0	0	1	17	0	142
PA_vRNA	561	1858	0	0	1	4	0	112
PA_vRNA	562	1770	0	0	1	1	0	2
PA_vRNA	562	1782	0	0	1	1	0	96
PA_vRNA	563	1783	0	0	1	508	1	149
PA_vRNA	567	1904	0	0	1	64	0	140
PA_vRNA	569	1151	0	0	1	1	0	24
PA_vRNA	569	1783	0	0	1	4	0	142
PA_vRNA	571	1771	0	0	1	21	0	121
PA_vRNA	576	1158	0	0	1	1	0	71
PA_vRNA	577	1533	0	0	1	4	0	108
PA_vRNA	577	1858	0	0	1	1	0	10
PA_vRNA	582	626	0	0	1	1	0	12
PA_vRNA	582	1684	0	0	1	42	0	139
PA_vRNA	589	1966	0	0	1	1	0	31
PA_vRNA	592	1716	0	0	1	378	1	146
PA_vRNA	593	1717	0	0	1	1	0	5
PA_vRNA	593	1757	0	0	1	2	0	110
PA_vRNA	594	1883	0	0	1	2	0	46
PA_vRNA	596	1191	0	0	1	2	0	124
PA_vRNA	597	1196	0	0	1	1	0	40
PA_vRNA	598	1193	0	0	1	1	0	4
PA_vRNA	598	1609	0	0	1	2	0	91
PA_vRNA	599	1096	0	0	1	1	0	61
PA_vRNA	599	1165	0	0	1	1	0	149
PA_vRNA	600	1157	0	0	1	1	0	43
PA_vRNA	601	1897	0	0	1	1	0	22
PA_vRNA	603	1777	0	0	1	133	0	145
PA_vRNA	604	1688	0	0	1	1	0	47
PA_vRNA	605	1668	0	0	1	1	0	45
PA_vRNA	605	1901	0	0	1	565	2	147
PA_vRNA	607	1903	0	0	1	3	0	40
PA_vRNA	614	1720	0	0	1	52	1	142
PA_vRNA	615	1722	0	0	1	1	0	82
PA_vRNA	617	1607	0	0	1	1	0	3
PA_vRNA	619	1700	0	0	1	261	0	147
PA_vRNA	621	1807	0	0	1	1	0	116
PA_vRNA	623	1716	0	0	1	120	0	142
PA_vRNA	623	1718	0	0	1	3	0	121
PA_vRNA	625	1765	0	0	1	3	0	63
PA_vRNA	632	1818	0	0	1	2	0	102
PA_vRNA	636	1822	0	0	1	1	0	51
PA_vRNA	645	1091	0	0	1	1	0	61
PA_vRNA	650	1840	0	0	1	1	0	68
PA_vRNA	659	1059	0	0	1	1	0	104
PA_vRNA	666	1091	0	0	1	4	0	86
PA_vRNA	666	1723	1	1	1	1	0	103
PA_vRNA	676	1706	0	0	1	6	0	119
PA_vRNA	679	1727	0	0	1	1	0	140
PA_vRNA	680	1872	0	0	1	1	0	92
PA_vRNA	687	1582	0	0	1	11	0	135
PA_vRNA	691	1623	0	0	1	20	0	131
PA_vRNA	693	1598	0	0	1	25	0	148
PA_vRNA	696	1080	0	0	1	1	0	8
PA_vRNA	696	1611	0	0	1	51	0	126
PA_vRNA	708	1551	0	0	1	13	1	141
PA_vRNA	709	1552	0	0	1	1	0	50
PA_vRNA	715	1580	0	0	1	72	0	149
PA_vRNA	720	1501	0	0	1	2	0	130
PA_vRNA	720	1620	0	0	1	6	0	106
PA_vRNA	734	1483	0	0	1	1	0	131
PA_vRNA	736	1009	0	0	1	0	1	5
PA_vRNA	742	887	0	0	1	1	0	35
PA_vRNA	754	1761	0	0	1	1	0	4
PA_vRNA	759	1609	0	0	1	70	0	147
PA_vRNA	761	1720	0	0	1	1	0	64
PA_vRNA	763	772	0	0	1	3	0	46
PA_vRNA	770	1638	0	0	1	1	0	106
PA_vRNA	775	1748	0	0	1	5	0	102
PA_vRNA	776	1570	0	0	1	1	0	72
PA_vRNA	786	1194	0	0	1	1	0	114
PA_vRNA	790	798	0	0	1	1	0	4
PA_vRNA	791	1578	0	0	1	5	0	102
PA_vRNA	801	859	0	0	1	4	0	88
PA_vRNA	812	867	0	0	1	1	0	74
PA_vRNA	812	1572	0	0	1	1	0	5
PA_vRNA	821	911	0	0	1	1	0	4
PA_vRNA	823	837	0	0	1	2	0	117
PA_vRNA	861	1651	0	0	1	1	0	66
PA_vRNA	865	892	0	0	1	1	0	30
PA_vRNA	868	1471	0	0	1	1	0	63
PA_vRNA	870	1660	0	0	1	11	0	142
PA_vRNA	871	1764	0	0	1	1	0	4
PA_vRNA	874	1590	0	0	1	1	0	110
PA_vRNA	890	984	0	0	1	1	0	77
PA_vRNA	892	1281	0	0	1	1	0	61
PA_vRNA	897	946	0	0	1	1	0	27
PA_vRNA	935	1024	0	0	1	1	0	93
PA_vRNA	956	1585	0	0	1	1	0	84
PA_vRNA	957	1502	0	0	1	1	0	24
PA_vRNA	965	1180	0	0	1	1	0	44
PA_vRNA	999	1900	0	0	1	1	0	34
PA_vRNA	1008	1435	0	0	1	2	0	83
PA_vRNA	1025	1720	0	0	1	1	0	94
PA_vRNA	1041	1501	0	0	1	1	0	61
PA_vRNA	1043	1569	0	0	1	1	0	142
PA_vRNA	1045	1685	0	0	1	2	0	19
PA_vRNA	1046	1599	0	0	1	1	0	66
PA_vRNA	1049	2014	0	0	1	3	0	75
PA_vRNA	1050	1655	0	0	1	1	0	24
PA_vRNA	1064	1227	0	0	1	1	0	27
PA_vRNA	1064	1888	0	0	1	2	0	32
PA_vRNA	1080	1739	0	0	1	1	0	6
PA_vRNA	1088	1163	0	0	1	2	0	70
PA_vRNA	1091	1747	2	6	1	1	0	59
PA_vRNA	1118	1369	0	0	1	1	0	63
PA_vRNA	1119	1860	0	0	1	1	0	16
PA_vRNA	1123	1973	0	0	1	1	0	116
PA_vRNA	1123	2036	0	0	1	1	1	78
PA_vRNA	1144	1947	0	0	1	1	0	7
PA_vRNA	1148	1327	0	0	1	1	0	32
PA_vRNA	1170	1704	0	0	1	1	0	145
PA_vRNA	1232	1430	0	0	1	1	0	77
PA_vRNA	1264	1396	0	0	1	3	0	40
PA_vRNA	1319	1656	0	0	1	1	0	51
PA_vRNA	1343	1380	0	0	1	3	0	131
PA_vRNA	1371	1420	0	0	1	1	0	72
PA_vRNA	1479	1587	0	0	1	1	0	44
PA_vRNA	1606	1671	0	0	1	1	0	123
PA_vRNA	1625	1657	0	0	1	3	0	128
PA_vRNA	1665	1706	0	0	1	1	0	64
PA_vRNA	1687	1719	0	0	1	1	0	128
PA_vRNA	1740	1811	0	0	1	0	1	3
PA_vRNA	1845	2117	0	0	1	1	0	6
PA_vRNA	1866	1876	0	0	1	802	4	78
PA_vRNA	1941	1979	0	0	1	1	0	90
PA_vRNA	1973	2044	0	0	1	1	0	96
PA_vRNA	1976	2050	0	0	1	1	0	39
PA_vRNA	1981	2048	0	0	1	1	0	40
PA_vRNA	2003	2020	0	0	1	6	0	133
PA_vRNA	2023	2045	0	0	1	0	1	3
PA_vRNA	2031	2096	0	0	1	1	0	3
PA_vRNA	2036	2044	0	0	1	98	0	85
PA_vRNA	2070	2141	1	5	1	1	0	53
PB1_vRNA	67	108	0	0	1	1	0	6
PB1_vRNA	102	1978	0	0	1	1	0	27
PB1_vRNA	127	1842	0	0	1	3	0	88
PB1_vRNA	134	151	0	0	1	1	0	31
PB1_vRNA	166	2205	0	0	1	7	0	137
PB1_vRNA	167	2188	0	0	1	6	0	128
PB1_vRNA	168	1979	0	0	1	1	0	75
PB1_vRNA	173	2032	0	0	1	2	0	109
PB1_vRNA	174	2198	0	0	1	29	0	118
PB1_vRNA	175	1956	0	0	1	5	3	62
PB1_vRNA	175	1986	0	0	1	1	0	26
PB1_vRNA	175	2087	0	0	1	1	0	86
PB1_vRNA	176	1963	0	0	1	1	1	8
PB1_vRNA	177	1955	0	0	1	1	0	8
PB1_vRNA	177	1956	0	0	1	4	0	105
PB1_vRNA	178	1904	0	0	1	1	0	87
PB1_vRNA	178	1957	0	0	1	2	0	43
PB1_vRNA	179	1957	0	0	1	3870	13	149
PB1_vRNA	179	2216	0	0	1	0	5	4
PB1_vRNA	180	1958	0	0	1	7	0	105
PB1_vRNA	186	2227	0	0	1	46	0	114
PB1_vRNA	189	2179	0	0	1	3	0	83
PB1_vRNA	198	1911	0	0	1	1	0	26
PB1_vRNA	202	2241	0	0	1	2	0	101
PB1_vRNA	203	1865	2	6	1	1	0	70
PB1_vRNA	203	1866	0	0	1	5	2	102
PB1_vRNA	204	1868	0	0	1	4	0	131
PB1_vRNA	204	2097	0	0	1	1	0	101
PB1_vRNA	205	1867	0	0	1	2248	1	149
PB1_vRNA	205	2156	0	0	1	1	0	4
PB1_vRNA	206	1868	0	0	1	3	0	142
PB1_vRNA	206	1869	0	0	1	1	0	50
PB1_vRNA	215	2139	0	0	1	167	0	149
PB1_vRNA	217	2213	0	0	1	7	0	112
PB1_vRNA	218	2204	0	0	1	1	0	29
PB1_vRNA	218	2218	0	0	1	3	0	51
PB1_vRNA	220	2206	0	0	1	219	1	136
PB1_vRNA	221	2195	0	0	1	1	0	57
PB1_vRNA	222	2196	0	0	1	94	0	141
PB1_vRNA	229	2172	0	0	1	24	0	146
PB1_vRNA	230	2190	0	0	1	1	0	1
PB1_vRNA	230	2207	0	0	1	3	0	1
PB1_vRNA	231	2155	0	0	1	42	1	147
PB1_vRNA	231	2182	0	0	1	603	1	149
PB1_vRNA	233	1895	0	0	1	2	1	26
PB1_vRNA	234	851	0	0	1	4	0	126
PB1_vRNA	234	1188	0	0	1	2	0	124
PB1_vRNA	234	2028	0	0	1	18	0	140
PB1_vRNA	234	2143	0	0	1	3	0	117
PB1_vRNA	234	2151	0	0	1	3	0	57
PB1_vRNA	235	273	0	0	1	76	0	81
PB1_vRNA	235	2206	0	0	1	6	0	108
PB1_vRNA	236	2177	0	0	1	1	0	5
PB1_vRNA	239	2072	0	0	1	2	0	37
PB1_vRNA	239	2073	0	0	1	3	0	13
PB1_vRNA	239	2165	0	0	1	1	0	87
PB1_vRNA	240	2073	0	0	1	1183	0	150
PB1_vRNA	240	2074	0	0	1	3	1	63
PB1_vRNA	241	2126	0	0	1	1	0	63
PB1_vRNA	241	2167	0	0	1	116	0	137
PB1_vRNA	242	263	0	0	1	23	0	64
PB1_vRNA	242	1901	0	0	1	786	0	138
PB1_vRNA	242	1991	0	0	1	1	12	127
PB1_vRNA	242	2075	0	0	1	1	0	42
PB1_vRNA	242	2132	0	0	1	5	0	77
PB1_vRNA	243	1905	0	0	1	1	1	100
PB1_vRNA	244	258	0	0	1	54	6	101
PB1_vRNA	249	2224	0	0	1	1	0	5
PB1_vRNA	250	2152	0	0	1	8	0	132
PB1_vRNA	251	2189	0	0	1	1	0	8
PB1_vRNA	253	320	0	0	1	272	1	98
PB1_vRNA	253	2147	0	0	1	2	0	51
PB1_vRNA	253	2188	0	0	1	1	0	6
PB1_vRNA	255	2144	0	0	1	1	0	34
PB1_vRNA	256	2057	0	0	1	33	0	145
PB1_vRNA	256	2153	0	0	1	71	0	131
PB1_vRNA	257	2143	0	0	1	1	0	1
PB1_vRNA	258	2147	0	0	1	217	0	143
PB1_vRNA	259	2144	0	0	1	1	0	106
PB1_vRNA	259	2145	0	0	1	164	0	150
PB1_vRNA	259	2149	0	0	1	1	0	63
PB1_vRNA	260	1739	0	0	1	166	0	147
PB1_vRNA	262	1741	0	0	1	1	0	44
PB1_vRNA	265	2194	0	0	1	1	0	58
PB1_vRNA	267	2180	0	0	1	262	1	145
PB1_vRNA	267	2194	0	0	1	1030	0	150
PB1_vRNA	268	2181	0	0	1	1	0	71
PB1_vRNA	269	1457	0	0	1	1	0	133
PB1_vRNA	269	2160	0	0	1	1	1	49
PB1_vRNA	273	327	0	0	1	1	0	2
PB1_vRNA	273	328	0	0	1	12	1	73
PB1_vRNA	273	1523	0	0	1	1	0	96
PB1_vRNA	274	327	0	0	1	2	1	88
PB1_vRNA	276	329	0	0	1	2047	13	94
PB1_vRNA	276	331	0	0	1	7	4	79
PB1_vRNA	276	332	0	0	1	4	3	83
PB1_vRNA	279	2137	0	0	1	3	0	6
PB1_vRNA	282	468	0	0	1	1	0	51
PB1_vRNA	283	2137	0	0	1	1	0	1
PB1_vRNA	284	2136	1	3	1	2	23	100
PB1_vRNA	284	2148	0	0	1	1	0	109
PB1_vRNA	285	1635	0	0	1	1	0	97
PB1_vRNA	285	2137	0	0	1	11	0	83
PB1_vRNA	285	2150	0	0	1	1	0	92
PB1_vRNA	287	2081	0	0	1	12	0	117
PB1_vRNA	287	2139	0	0	1	5538	25	147
PB1_vRNA	287	2141	0	0	1	2	0	38
PB1_vRNA	287	2152	0	0	1	0	1	1
PB1_vRNA	289	2141	0	0	1	6	0	123
PB1_vRNA	290	1876	0	0	1	141	0	146
PB1_vRNA	290	2114	0	0	1	13	0	133
PB1_vRNA	290	2196	0	0	1	187	0	146
PB1_vRNA	291	2135	0	0	1	25	0	117
PB1_vRNA	292	1582	0	0	1	18	0	136
PB1_vRNA	293	307	0	0	1	23	0	126
PB1_vRNA	293	2137	0	0	1	1	0	110
PB1_vRNA	294	1487	0	0	1	24	0	126
PB1_vRNA	295	2140	0	0	1	2	0	1
PB1_vRNA	299	2014	0	0	1	1	0	11
PB1_vRNA	299	2149	0	0	1	1	0	18
PB1_vRNA	300	2090	0	0	1	2	0	144
PB1_vRNA	302	1994	0	0	1	130	0	149
PB1_vRNA	303	2138	0	0	1	26	0	133
PB1_vRNA	303	2148	0	0	1	1506	1	148
PB1_vRNA	303	2149	0	0	1	3	1	97
PB1_vRNA	303	2180	0	0	1	10	0	137
PB1_vRNA	304	2149	0	0	1	1	0	61
PB1_vRNA	307	2022	0	0	1	51	0	144
PB1_vRNA	308	375	0	0	1	149	2	148
PB1_vRNA	308	1957	0	0	1	1	0	4
PB1_vRNA	308	2028	0	0	1	2	0	71
PB1_vRNA	310	2153	0	0	1	12	0	128
PB1_vRNA	312	1877	0	0	1	2	0	24
PB1_vRNA	312	2152	0	0	1	251	0	140
PB1_vRNA	313	1877	0	0	1	3	0	101
PB1_vRNA	314	1877	0	0	1	770	0	150
PB1_vRNA	314	1879	0	0	1	3	0	49
PB1_vRNA	315	1878	0	0	1	1	0	45
PB1_vRNA	317	2060	0	0	1	1	0	11
PB1_vRNA	318	2061	0	0	1	293	0	148
PB1_vRNA	318	2152	0	0	1	1	0	37
PB1_vRNA	319	2152	0	0	1	1	0	2
PB1_vRNA	320	2020	0	0	1	7	0	106
PB1_vRNA	324	2151	0	0	1	11	0	69
PB1_vRNA	325	336	0	0	1	105	0	108
PB1_vRNA	325	2019	0	0	1	9	1	137
PB1_vRNA	325	2140	0	0	1	0	1	3
PB1_vRNA	325	2152	0	0	1	1887	1	150
PB1_vRNA	327	2070	0	0	1	5	0	118
PB1_vRNA	328	1982	0	0	1	0	1	4
PB1_vRNA	328	2020	0	0	1	28	0	64
PB1_vRNA	328	2048	0	0	1	371	1	148
PB1_vRNA	328	2062	0	0	1	1	0	106
PB1_vRNA	329	2144	0	0	1	48	0	142
PB1_vRNA	330	1996	1	1	1	2	0	76
PB1_vRNA	330	2072	0	0	1	1	0	5
PB1_vRNA	330	2189	0	0	1	1	0	44
PB1_vRNA	331	2073	0	0	1	170	0	149
PB1_vRNA	331	2114	0	0	1	1	0	86
PB1_vRNA	335	2114	0	0	1	14	0	127
PB1_vRNA	336	2090	0	0	1	1	0	77
PB1_vRNA	337	1996	0	0	1	103	0	144
PB1_vRNA	337	2127	0	0	1	7	0	137
PB1_vRNA	338	375	0	0	1	124	0	45
PB1_vRNA	338	1997	0	0	1	1	0	54
PB1_vRNA	338	2092	0	0	1	488	2	105
PB1_vRNA	338	2093	0	0	1	3	0	104
PB1_vRNA	338	2184	0	0	1	1	0	18
PB1_vRNA	339	1901	0	0	1	1	0	40
PB1_vRNA	341	2130	0	0	1	8	0	147
PB1_vRNA	351	2056	0	0	1	72	0	77
PB1_vRNA	354	2016	1	5	1	1	0	3
PB1_vRNA	356	1919	0	0	1	0	6	5
PB1_vRNA	356	1998	0	0	1	0	6	5
PB1_vRNA	357	2213	0	0	1	1	0	39
PB1_vRNA	358	2139	0	0	1	103	0	136
PB1_vRNA	360	2011	0	0	1	0	1	3
PB1_vRNA	360	2147	0	0	1	0	1	3
PB1_vRNA	363	2130	0	0	1	0	1	7
PB1_vRNA	373	2014	2	6	1	2	0	65
PB1_vRNA	373	2122	1	1	1	0	1	7
PB1_vRNA	375	1915	0	0	1	9	0	122
PB1_vRNA	375	2049	0	0	1	3	0	128
PB1_vRNA	375	2065	0	0	1	18	1	135
PB1_vRNA	376	1989	0	0	1	13	0	119
PB1_vRNA	384	1897	0	0	1	23	0	140
PB1_vRNA	385	2032	0	0	1	0	1	4
PB1_vRNA	385	2059	0	0	1	1	0	114
PB1_vRNA	386	2058	0	0	1	306	1	149
PB1_vRNA	386	2059	0	0	1	1	1	2
PB1_vRNA	390	2013	0	0	1	2	0	120
PB1_vRNA	391	2082	0	0	1	18	0	148
PB1_vRNA	393	2081	0	0	1	36	0	119
PB1_vRNA	394	2082	0	0	1	2	0	6
PB1_vRNA	395	2080	0	0	1	3	0	11
PB1_vRNA	396	1175	0	0	1	2	0	124
PB1_vRNA	396	1983	0	0	1	71	0	147
PB1_vRNA	396	2082	0	0	1	1	0	4
PB1_vRNA	399	1888	0	0	1	3	0	52
PB1_vRNA	399	1981	0	0	1	1	0	75
PB1_vRNA	403	1981	1	5	1	8	1	101
PB1_vRNA	403	2044	0	0	1	0	1	3
PB1_vRNA	406	1289	0	0	1	1	0	62
PB1_vRNA	407	2019	0	0	1	1	0	1
PB1_vRNA	408	2043	0	0	1	1	0	4
PB1_vRNA	408	2084	0	0	1	152	0	149
PB1_vRNA	410	1685	2	6	1	2	0	57
PB1_vRNA	411	2040	0	0	1	1	0	3
PB1_vRNA	414	1829	0	0	1	1	0	5
PB1_vRNA	414	1949	0	0	1	1	0	29
PB1_vRNA	415	1951	0	0	1	7	4	85
PB1_vRNA	415	2014	0	0	1	2	0	2
PB1_vRNA	416	1946	0	0	1	0	1	3
PB1_vRNA	416	1951	0	0	1	2619	3	114
PB1_vRNA	416	2002	0	0	1	0	4	3
PB1_vRNA	416	2061	0	0	1	1	0	40
PB1_vRNA	416	2081	0	0	1	862	4	148
PB1_vRNA	416	2139	0	0	1	3	0	98
PB1_vRNA	416	2273	0	0	1	0	1	3
PB1_vRNA	416	2286	0	0	1	0	1	3
PB1_vRNA	417	1952	0	0	1	1	0	87
PB1_vRNA	417	2015	0	0	1	324	0	97
PB1_vRNA	418	2044	0	0	1	1	0	3
PB1_vRNA	418	2075	0	0	1	43	1	140
PB1_vRNA	419	1954	1	1	1	80	5	91
PB1_vRNA	419	2023	0	0	1	117	0	43
PB1_vRNA	419	2036	0	0	1	1	0	3
PB1_vRNA	421	2022	0	0	1	2	1	60
PB1_vRNA	422	2014	0	0	1	2	2	3
PB1_vRNA	423	1953	0	0	1	1	0	56
PB1_vRNA	424	447	0	0	1	15	0	67
PB1_vRNA	425	1960	0	0	1	1	0	38
PB1_vRNA	426	2018	0	0	1	5	1	5
PB1_vRNA	426	2192	0	0	1	1	0	111
PB1_vRNA	428	1997	0	0	1	1	0	7
PB1_vRNA	428	2018	0	0	1	1780	3	149
PB1_vRNA	430	2020	0	0	1	3	0	67
PB1_vRNA	432	1941	0	0	1	1	0	60
PB1_vRNA	432	2024	0	0	1	1	0	3
PB1_vRNA	432	2025	0	0	1	1	0	6
PB1_vRNA	433	1938	0	0	1	2	0	23
PB1_vRNA	434	1938	0	0	1	1305	1	147
PB1_vRNA	434	1941	0	0	1	2	0	3
PB1_vRNA	434	2014	0	0	1	0	2	3
PB1_vRNA	435	2062	0	0	1	1	0	91
PB1_vRNA	436	1931	0	0	1	7	0	141
PB1_vRNA	437	1902	0	0	1	9	0	141
PB1_vRNA	437	2031	0	0	1	1	0	3
PB1_vRNA	438	1990	0	0	1	2	0	48
PB1_vRNA	438	1991	0	0	1	219	1	149
PB1_vRNA	438	2026	0	0	1	338	1	149
PB1_vRNA	438	2048	0	0	1	376	1	146
PB1_vRNA	438	2080	0	0	1	1	0	4
PB1_vRNA	439	2027	0	0	1	1	0	1
PB1_vRNA	439	2049	0	0	1	1	0	60
PB1_vRNA	440	2040	0	0	1	0	1	5
PB1_vRNA	441	1589	0	0	1	1	0	32
PB1_vRNA	443	2027	0	0	1	1	0	4
PB1_vRNA	444	1938	0	0	1	44	0	135
PB1_vRNA	444	1942	0	0	1	3	0	4
PB1_vRNA	445	1973	0	0	1	1	0	6
PB1_vRNA	445	1990	0	0	1	3	0	70
PB1_vRNA	445	2029	0	0	1	149	0	110
PB1_vRNA	446	490	0	0	1	36	0	44
PB1_vRNA	446	1595	0	0	1	1	0	31
PB1_vRNA	446	1992	0	0	1	3	1	45
PB1_vRNA	446	1994	0	0	1	2	0	1
PB1_vRNA	447	1967	0	0	1	1	0	76
PB1_vRNA	447	1992	0	0	1	4312	21	147
PB1_vRNA	447	2022	0	0	1	250	0	147
PB1_vRNA	447	2031	0	0	1	1	1	14
PB1_vRNA	448	1995	0	0	1	1	0	122
PB1_vRNA	448	2021	0	0	1	1	0	35
PB1_vRNA	448	2057	0	0	1	0	1	3
PB1_vRNA	450	1995	0	0	1	7	0	97
PB1_vRNA	455	1917	0	0	1	1	0	5
PB1_vRNA	461	1910	0	0	1	1	0	9
PB1_vRNA	461	1911	0	0	1	1	0	23
PB1_vRNA	463	1911	0	0	1	4	0	22
PB1_vRNA	463	2022	0	0	1	35	0	145
PB1_vRNA	465	1914	0	0	1	1235	4	148
PB1_vRNA	467	1916	0	0	1	1	0	14
PB1_vRNA	468	1901	0	0	1	3	0	21
PB1_vRNA	470	1965	0	0	1	1	0	3
PB1_vRNA	472	2058	0	0	1	1	0	7
PB1_vRNA	473	1971	0	0	1	4	0	66
PB1_vRNA	473	1972	0	0	1	4	0	4
PB1_vRNA	474	1972	0	0	1	1678	3	149
PB1_vRNA	475	1973	0	0	1	2	0	56
PB1_vRNA	480	1926	0	0	1	243	0	146
PB1_vRNA	481	1927	0	0	1	1	0	73
PB1_vRNA	481	2000	1	5	1	1	0	31
PB1_vRNA	482	1266	0	0	1	1	0	24
PB1_vRNA	486	1786	0	0	1	1	0	142
PB1_vRNA	486	2019	0	0	1	1	0	1
PB1_vRNA	487	1997	0	0	1	762	1	147
PB1_vRNA	488	1998	0	0	1	1	0	45
PB1_vRNA	492	2045	0	0	1	48	0	144
PB1_vRNA	495	762	0	0	1	2	0	64
PB1_vRNA	499	2012	0	0	1	1	0	61
PB1_vRNA	500	2002	0	0	1	8	0	112
PB1_vRNA	501	2003	0	0	1	1	0	28
PB1_vRNA	513	1915	0	0	1	80	0	149
PB1_vRNA	515	1929	0	0	1	18	0	67
PB1_vRNA	517	1890	0	0	1	2	0	66
PB1_vRNA	518	1228	2	6	1	1	0	15
PB1_vRNA	518	1663	2	6	1	0	1	4
PB1_vRNA	521	2005	0	0	1	23	0	145
PB1_vRNA	526	1992	0	0	1	0	1	3
PB1_vRNA	528	990	0	0	1	1	0	86
PB1_vRNA	528	1980	0	0	1	33	0	137
PB1_vRNA	528	2015	0	0	1	256	0	147
PB1_vRNA	529	2007	0	0	1	1	0	40
PB1_vRNA	530	1904	0	0	1	1	0	73
PB1_vRNA	533	1935	0	0	1	1	0	4
PB1_vRNA	535	1825	0	0	1	43	0	44
PB1_vRNA	553	1904	0	0	1	4	0	116
PB1_vRNA	553	1994	0	0	1	0	1	4
PB1_vRNA	555	1996	0	0	1	224	0	149
PB1_vRNA	558	1999	0	0	1	1	0	110
PB1_vRNA	559	1928	0	0	1	1	0	130
PB1_vRNA	569	1924	0	0	1	1	0	6
PB1_vRNA	578	1718	0	0	1	6	0	113
PB1_vRNA	579	1781	0	0	1	1	0	32
PB1_vRNA	579	1805	0	0	1	2	0	116
PB1_vRNA	593	664	0	0	1	3	0	91
PB1_vRNA	600	1574	0	0	1	1	0	33
PB1_vRNA	600	1918	0	0	1	1	0	142
PB1_vRNA	616	1817	0	0	1	20	1	135
PB1_vRNA	625	642	0	0	1	8	0	55
PB1_vRNA	625	648	0	0	1	1	0	3
PB1_vRNA	625	1808	0	0	1	7	0	128
PB1_vRNA	631	1984	0	0	1	1	0	58
PB1_vRNA	634	1783	0	0	1	4	0	107
PB1_vRNA	634	1828	0	0	1	39	0	132
PB1_vRNA	643	1715	0	0	1	1	0	5
PB1_vRNA	645	1810	0	0	1	9	0	126
PB1_vRNA	655	1741	0	0	1	1	1	101
PB1_vRNA	694	1808	0	0	1	16	0	127
PB1_vRNA	698	1803	0	0	1	6	0	55
PB1_vRNA	701	1702	0	0	1	2	0	57
PB1_vRNA	711	1445	0	0	1	1	0	72
PB1_vRNA	716	1975	0	0	1	132	0	148
PB1_vRNA	719	1453	0	0	1	1	0	22
PB1_vRNA	724	1740	0	0	1	1	0	28
PB1_vRNA	732	795	0	0	1	56	0	68
PB1_vRNA	745	1500	0	0	1	1	0	44
PB1_vRNA	748	2056	0	0	1	1	0	123
PB1_vRNA	800	2156	0	0	1	1	0	64
PB1_vRNA	824	1403	0	0	1	1	0	59
PB1_vRNA	833	1679	0	0	1	1	0	23
PB1_vRNA	845	872	0	0	1	2	0	30
PB1_vRNA	845	1624	0	0	1	1	0	100
PB1_vRNA	848	1583	0	0	1	9	0	145
PB1_vRNA	853	2082	0	0	1	5	0	97
PB1_vRNA	859	1740	0	0	1	1	0	7
PB1_vRNA	862	2214	0	0	1	1	0	19
PB1_vRNA	863	988	0	0	1	1	0	78
PB1_vRNA	863	1744	0	0	1	52	1	67
PB1_vRNA	890	1642	0	0	1	2	0	90
PB1_vRNA	899	1575	0	0	1	7	0	128
PB1_vRNA	906	1637	0	0	1	1	0	45
PB1_vRNA	949	1261	0	0	1	6	0	80
PB1_vRNA	950	1262	0	0	1	1	0	69
PB1_vRNA	983	1154	0	0	1	2	0	110
PB1_vRNA	1033	1808	0	0	1	1	0	70
PB1_vRNA	1066	1117	0	0	1	2	0	108
PB1_vRNA	1095	1128	0	0	1	1	0	37
PB1_vRNA	1177	1249	0	0	1	2	0	101
PB1_vRNA	1283	1681	0	0	1	1	0	70
PB1_vRNA	1293	1315	0	0	1	2	0	35
PB1_vRNA	1344	1426	0	0	1	1	0	6
PB1_vRNA	1495	2047	2	4	1	2	0	6
PB1_vRNA	1553	1754	0	0	1	1	0	23
PB1_vRNA	1554	1581	0	0	1	1	0	149
PB1_vRNA	1604	2134	0	0	1	1	0	113
PB1_vRNA	1774	2125	0	0	1	1	0	80
PB1_vRNA	1809	1846	0	0	1	1	0	104
PB1_vRNA	1906	1954	1	3	1	4	0	3
PB1_vRNA	1956	1993	0	0	1	0	1	3
PB1_vRNA	2052	2070	0	0	1	3	0	15
PB1_vRNA	2056	2074	0	0	1	1057	7	149
PB1_vRNA	2057	2075	0	0	1	3	1	65
PB1_vRNA	2069	2148	0	0	1	1	0	61
PB1_vRNA	2153	2194	0	0	1	2	0	32
PB1_vRNA	2155	2184	0	0	1	1	1	66
PB1_vRNA	2199	2209	0	0	1	6	0	43
PB1_vRNA	2230	2276	0	0	1	0	1	4
PB1_vRNA	2275	2286	0	0	1	1	2	5
PB2_vRNA	49	1925	0	0	1	1	0	22
PB2_vRNA	95	358	0	0	1	1	0	36
PB2_vRNA	101	311	0	0	1	1	0	24
PB2_vRNA	118	2046	0	0	1	1	0	102
PB2_vRNA	120	183	0	0	1	1	0	3
PB2_vRNA	122	682	0	0	1	4	0	109
PB2_vRNA	125	626	0	0	1	2	0	56
PB2_vRNA	135	174	0	0	1	1	0	50
PB2_vRNA	137	365	0	0	1	1	0	3
PB2_vRNA	141	2090	0	0	1	408	0	135
PB2_vRNA	141	2091	0	0	1	1	0	84
PB2_vRNA	150	698	0	0	1	1	0	135
PB2_vRNA	156	181	0	0	1	1	0	53
PB2_vRNA	158	2197	0	0	1	1	0	105
PB2_vRNA	162	211	0	0	1	1	0	8
PB2_vRNA	163	2252	0	0	1	29	0	86
PB2_vRNA	164	437	0	0	1	1	0	34
PB2_vRNA	165	242	0	0	1	1	0	4
PB2_vRNA	165	309	0	0	1	2	0	128
PB2_vRNA	176	2249	0	0	1	49	0	95
PB2_vRNA	177	1209	0	0	1	1	0	134
PB2_vRNA	178	2220	0	0	1	1	0	47
PB2_vRNA	179	300	0	0	1	1	0	102
PB2_vRNA	192	307	0	0	1	1	0	92
PB2_vRNA	199	2064	0	0	1	2	0	63
PB2_vRNA	202	284	0	0	1	1	0	89
PB2_vRNA	203	284	0	0	1	1	0	32
PB2_vRNA	205	2010	0	0	1	1	0	73
PB2_vRNA	205	2235	0	0	1	5	0	106
PB2_vRNA	207	2153	0	0	1	4	0	58
PB2_vRNA	209	2149	0	0	1	10	0	126
PB2_vRNA	210	451	2	4	1	1	0	64
PB2_vRNA	211	279	0	0	1	8	0	140
PB2_vRNA	212	285	0	0	1	2	0	34
PB2_vRNA	212	2193	0	0	1	1	0	62
PB2_vRNA	213	249	0	0	1	3	0	95
PB2_vRNA	215	283	0	0	1	37	0	134
PB2_vRNA	217	2145	0	0	1	1	0	7
PB2_vRNA	217	2242	2	2	1	9	0	65
PB2_vRNA	218	2205	0	0	1	2	0	102
PB2_vRNA	219	287	0	0	1	1	0	7
PB2_vRNA	225	2119	0	0	1	5	0	143
PB2_vRNA	227	300	0	0	1	1	0	65
PB2_vRNA	234	2116	0	0	1	1	0	5
PB2_vRNA	238	1668	0	0	1	1	0	106
PB2_vRNA	250	318	0	0	1	2	0	51
PB2_vRNA	252	423	0	0	1	1	0	64
PB2_vRNA	252	2272	0	0	1	1	0	27
PB2_vRNA	254	2213	0	0	1	3	0	94
PB2_vRNA	256	325	0	0	1	1	0	79
PB2_vRNA	258	2127	0	0	1	173	0	146
PB2_vRNA	261	2113	0	0	1	213	0	143
PB2_vRNA	263	305	0	0	1	1	0	76
PB2_vRNA	263	2181	0	0	1	3	0	108
PB2_vRNA	264	2127	0	0	1	1	0	5
PB2_vRNA	264	2182	1	3	1	4922	2	149
PB2_vRNA	265	2183	0	0	1	2	0	67
PB2_vRNA	266	301	0	0	1	4	0	106
PB2_vRNA	268	2187	0	0	1	1	1	7
PB2_vRNA	269	2084	0	0	1	1	0	3
PB2_vRNA	269	2182	1	3	1	1	0	1
PB2_vRNA	270	2019	0	0	1	6	0	109
PB2_vRNA	274	2219	0	0	1	4	0	104
PB2_vRNA	275	2140	0	0	1	20	0	109
PB2_vRNA	276	2068	0	0	1	1	0	112
PB2_vRNA	276	2205	0	0	1	34	0	136
PB2_vRNA	278	304	0	0	1	3	0	69
PB2_vRNA	278	2014	0	0	1	1	0	7
PB2_vRNA	279	2179	0	0	1	1	0	64
PB2_vRNA	284	2165	0	0	1	47	0	147
PB2_vRNA	291	2083	0	0	1	34	0	130
PB2_vRNA	294	2167	0	0	1	33	0	140
PB2_vRNA	296	1929	0	0	1	1	0	19
PB2_vRNA	300	2135	0	0	1	1	0	16
PB2_vRNA	302	2137	0	0	1	154	0	148
PB2_vRNA	310	2068	0	0	1	3	0	105
PB2_vRNA	311	2162	0	0	1	24	0	143
PB2_vRNA	312	2076	0	0	1	3	0	41
PB2_vRNA	318	2155	0	0	1	2206	2	149
PB2_vRNA	318	2169	0	0	1	1	0	1
PB2_vRNA	319	421	0	0	1	1	0	10
PB2_vRNA	327	2026	0	0	1	0	1	3
PB2_vRNA	327	2114	0	0	1	1	0	70
PB2_vRNA	329	2089	0	0	1	1	0	4
PB2_vRNA	330	375	0	0	1	1	0	4
PB2_vRNA	332	2048	0	0	1	29	0	145
PB2_vRNA	333	1983	2	6	1	45	0	145
PB2_vRNA	333	2049	0	0	1	2	0	39
PB2_vRNA	334	1931	0	0	1	38	0	130
PB2_vRNA	336	1933	0	0	1	1	0	12
PB2_vRNA	338	2088	1	1	1	1	0	4
PB2_vRNA	341	1938	0	0	1	1	0	4
PB2_vRNA	341	2101	0	0	1	6	0	59
PB2_vRNA	342	2141	0	0	1	1	0	96
PB2_vRNA	349	2127	0	0	1	207	0	149
PB2_vRNA	355	1267	0	0	1	1	0	57
PB2_vRNA	358	2259	0	0	1	99	0	83
PB2_vRNA	365	1249	0	0	1	1	0	135
PB2_vRNA	366	1277	0	0	1	1	0	124
PB2_vRNA	369	2055	0	0	1	149	1	147
PB2_vRNA	369	2119	0	0	1	4	0	118
PB2_vRNA	378	2039	0	0	1	1	0	83
PB2_vRNA	378	2042	0	0	1	15	0	140
PB2_vRNA	381	1689	0	0	1	1	0	3
PB2_vRNA	382	528	0	0	1	2	0	38
PB2_vRNA	382	2049	0	0	1	1	0	56
PB2_vRNA	384	2054	0	0	1	4	0	145
PB2_vRNA	387	1564	0	0	1	2	0	65
PB2_vRNA	387	2074	0	0	1	8	0	148
PB2_vRNA	388	1432	1	5	1	0	1	3
PB2_vRNA	388	1602	0	0	1	4	0	123
PB2_vRNA	388	2122	0	0	1	3	1	7
PB2_vRNA	390	2016	0	0	1	53	0	145
PB2_vRNA	390	2042	0	0	1	6	0	87
PB2_vRNA	390	2054	0	0	1	2	0	57
PB2_vRNA	390	2097	0	0	1	12	0	122
PB2_vRNA	390	2103	0	0	1	2	0	121
PB2_vRNA	390	2126	0	0	1	3	0	137
PB2_vRNA	390	2210	0	0	1	1	0	66
PB2_vRNA	392	1153	0	0	1	1	0	94
PB2_vRNA	392	2062	0	0	1	12	0	146
PB2_vRNA	393	504	0	0	1	1	0	36
PB2_vRNA	393	2027	0	0	1	1	0	91
PB2_vRNA	393	2045	0	0	1	2	0	106
PB2_vRNA	397	584	0	0	1	1	0	75
PB2_vRNA	398	529	1	5	1	24	6	73
PB2_vRNA	398	829	1	5	1	1	0	16
PB2_vRNA	399	2001	0	0	1	280	0	145
PB2_vRNA	399	2024	0	0	1	0	1	52
PB2_vRNA	401	2014	0	0	1	2	0	5
PB2_vRNA	401	2026	0	0	1	1	1	36
PB2_vRNA	402	2076	0	0	1	1	0	124
PB2_vRNA	403	2028	0	0	1	482	1	149
PB2_vRNA	404	1894	0	0	1	1	0	53
PB2_vRNA	406	2035	0	0	1	1	0	4
PB2_vRNA	409	1996	0	0	1	1	0	54
PB2_vRNA	413	2088	0	0	1	1	0	4
PB2_vRNA	416	1665	0	0	1	1	0	34
PB2_vRNA	421	2084	0	0	1	8	0	56
PB2_vRNA	423	2171	2	6	1	3	0	97
PB2_vRNA	425	1969	0	0	1	5	0	113
PB2_vRNA	433	1074	0	0	1	1	0	54
PB2_vRNA	438	1945	0	0	1	14	0	130
PB2_vRNA	439	1974	0	0	1	13	0	92
PB2_vRNA	439	1990	0	0	1	3	1	104
PB2_vRNA	439	2006	0	0	1	1	0	3
PB2_vRNA	439	2023	0	0	1	83	1	149
PB2_vRNA	439	2033	0	0	1	2	0	39
PB2_vRNA	439	2045	0	0	1	2	0	62
PB2_vRNA	439	2088	1	1	1	1	0	4
PB2_vRNA	441	2006	0	0	1	0	1	3
PB2_vRNA	444	2022	0	0	1	4	0	143
PB2_vRNA	446	1908	0	0	1	38	0	66
PB2_vRNA	449	556	0	0	1	1	0	7
PB2_vRNA	449	1923	0	0	1	648	0	146
PB2_vRNA	449	2161	0	0	1	1	0	4
PB2_vRNA	450	1924	0	0	1	1	0	76
PB2_vRNA	453	512	0	0	1	5	0	103
PB2_vRNA	453	1922	0	0	1	1	0	2
PB2_vRNA	454	1950	0	0	1	7	0	139
PB2_vRNA	454	2099	0	0	1	1	0	27
PB2_vRNA	455	1460	0	0	1	1	0	63
PB2_vRNA	455	1977	0	0	1	0	1	3
PB2_vRNA	456	1968	0	0	1	39	0	147
PB2_vRNA	457	1749	0	0	1	1	0	20
PB2_vRNA	460	1977	0	0	1	0	1	3
PB2_vRNA	461	2017	0	0	1	17	0	117
PB2_vRNA	462	1942	0	0	1	214	1	147
PB2_vRNA	465	1883	0	0	1	16	0	113
PB2_vRNA	468	1921	0	0	1	5	0	135
PB2_vRNA	471	1931	0	0	1	100	0	141
PB2_vRNA	476	1771	0	0	1	32	0	140
PB2_vRNA	477	2059	0	0	1	11	0	121
PB2_vRNA	478	774	0	0	1	1	0	52
PB2_vRNA	486	532	0	0	1	2	0	129
PB2_vRNA	487	532	0	0	1	493	10	150
PB2_vRNA	487	1730	0	0	1	0	9	3
PB2_vRNA	487	1975	0	0	1	1	0	5
PB2_vRNA	502	1954	0	0	1	39	0	145
PB2_vRNA	511	1780	0	0	1	1	0	75
PB2_vRNA	511	1892	0	0	1	1	0	108
PB2_vRNA	512	1847	0	0	1	83	0	148
PB2_vRNA	516	1907	0	0	1	26	0	144
PB2_vRNA	516	2017	0	0	1	10	0	121
PB2_vRNA	517	2015	0	0	1	1	0	75
PB2_vRNA	520	1862	0	0	1	1	0	4
PB2_vRNA	527	550	0	0	1	1	0	5
PB2_vRNA	529	2111	0	0	1	1	0	57
PB2_vRNA	540	1659	0	0	1	2	0	133
PB2_vRNA	541	2061	0	0	1	0	1	3
PB2_vRNA	544	576	0	0	1	8	0	108
PB2_vRNA	545	674	0	0	1	1	0	115
PB2_vRNA	547	1882	2	2	1	1	0	67
PB2_vRNA	550	1887	0	0	1	1	0	102
PB2_vRNA	551	1886	0	0	1	1078	1	148
PB2_vRNA	552	1887	0	0	1	1	0	69
PB2_vRNA	564	1830	0	0	1	5	0	105
PB2_vRNA	564	1917	0	0	1	3	0	122
PB2_vRNA	578	1003	0	0	1	1	0	107
PB2_vRNA	580	648	0	0	1	2	0	82
PB2_vRNA	583	1855	0	0	1	81	0	142
PB2_vRNA	583	1896	0	0	1	127	0	142
PB2_vRNA	584	1897	0	0	1	1	0	54
PB2_vRNA	585	1871	0	0	1	52	0	136
PB2_vRNA	587	812	0	0	1	1	0	106
PB2_vRNA	589	621	0	0	1	1	0	89
PB2_vRNA	589	1888	0	0	1	1	0	62
PB2_vRNA	592	646	0	0	1	1	0	9
PB2_vRNA	599	1870	0	0	1	62	0	131
PB2_vRNA	601	650	0	0	1	1	0	3
PB2_vRNA	601	1820	0	0	1	1	0	62
PB2_vRNA	609	1855	1	1	1	0	6	79
PB2_vRNA	611	1857	0	0	1	346	6	145
PB2_vRNA	613	1888	0	0	1	183	0	149
PB2_vRNA	613	1889	0	0	1	2	0	40
PB2_vRNA	625	1904	0	0	1	70	0	141
PB2_vRNA	626	1787	0	0	1	151	0	146
PB2_vRNA	634	1767	0	0	1	21	0	145
PB2_vRNA	640	1773	0	0	1	4	0	76
PB2_vRNA	643	1819	0	0	1	1	0	27
PB2_vRNA	643	1820	0	0	1	2	0	136
PB2_vRNA	645	1795	0	0	1	1	0	6
PB2_vRNA	657	1738	0	0	1	0	1	6
PB2_vRNA	667	686	0	0	1	1	0	117
PB2_vRNA	677	896	0	0	1	1	0	5
PB2_vRNA	689	1777	0	0	1	1	0	60
PB2_vRNA	689	1884	0	0	1	385	0	149
PB2_vRNA	692	1750	0	0	1	1	0	6
PB2_vRNA	704	888	0	0	1	1	0	91
PB2_vRNA	704	890	0	0	1	1	0	35
PB2_vRNA	704	2052	0	0	1	37	0	141
PB2_vRNA	706	854	0	0	1	1	0	97
PB2_vRNA	706	863	0	0	1	1	0	45
PB2_vRNA	708	792	1	5	1	1	0	7
PB2_vRNA	711	859	0	0	1	1	0	11
PB2_vRNA	713	2167	0	0	1	1	0	29
PB2_vRNA	721	1738	0	0	1	11	1	116
PB2_vRNA	744	1210	0	0	1	1	0	53
PB2_vRNA	745	2058	0	0	1	2	0	129
PB2_vRNA	752	2098	0	0	1	1	0	49
PB2_vRNA	757	1619	0	0	1	1	0	3
PB2_vRNA	796	1599	0	0	1	1	0	89
PB2_vRNA	805	1699	0	0	1	1	0	92
PB2_vRNA	811	891	0	0	1	1	0	49
PB2_vRNA	813	1677	0	0	1	27	0	148
PB2_vRNA	823	1551	0	0	1	1	0	61
PB2_vRNA	828	966	0	0	1	1	0	3
PB2_vRNA	849	875	0	0	1	2	0	73
PB2_vRNA	867	954	0	0	1	1	0	6
PB2_vRNA	869	1409	0	0	1	2	0	109
PB2_vRNA	878	1528	0	0	1	1	0	101
PB2_vRNA	886	2052	0	0	1	1	0	45
PB2_vRNA	901	1474	0	0	1	1	1	57
PB2_vRNA	908	1991	0	0	1	21	0	122
PB2_vRNA	947	2050	1	5	1	2	0	58
PB2_vRNA	967	2174	0	0	1	1	0	21
PB2_vRNA	974	1538	0	0	1	4	0	113
PB2_vRNA	1002	2059	0	0	1	2	1	54
PB2_vRNA	1007	1247	0	0	1	1	0	80
PB2_vRNA	1026	1547	0	0	1	1	0	91
PB2_vRNA	1040	1125	0	0	1	1	0	41
PB2_vRNA	1063	1097	0	0	1	3	0	116
PB2_vRNA	1077	1450	0	0	1	1	0	29
PB2_vRNA	1082	2113	0	0	1	1	0	4
PB2_vRNA	1094	1668	0	0	1	1	0	38
PB2_vRNA	1112	2047	0	0	1	1	0	105
PB2_vRNA	1143	1504	0	0	1	2	0	96
PB2_vRNA	1172	2116	0	0	1	2	0	74
PB2_vRNA	1216	2198	0	0	1	1	0	42
PB2_vRNA	1217	1241	0	0	1	3	0	71
PB2_vRNA	1255	1515	0	0	1	2	0	135
PB2_vRNA	1260	1744	0	0	1	1	0	143
PB2_vRNA	1292	2103	0	0	1	1	0	47
PB2_vRNA	1294	2207	0	0	1	1	0	100
PB2_vRNA	1300	1692	0	0	1	1	0	72
PB2_vRNA	1301	1511	0	0	1	1	0	102
PB2_vRNA	1301	1845	0	0	1	1	0	89
PB2_vRNA	1384	1495	0	0	1	1	0	81
PB2_vRNA	1448	1488	0	0	1	2	0	93
PB2_vRNA	1449	1710	0	0	1	1	0	8
PB2_vRNA	1455	1495	0	0	1	3	0	124
PB2_vRNA	1460	1491	2	6	1	1	0	55
PB2_vRNA	1566	1613	0	0	1	1	0	71
PB2_vRNA	1582	1609	0	0	1	1	0	135
PB2_vRNA	1650	1934	0	0	1	1	0	15
PB2_vRNA	1653	2023	0	0	1	1	0	54
PB2_vRNA	1721	1742	0	0	1	1	0	31
PB2_vRNA	1827	1936	0	0	1	6	0	142
PB2_vRNA	1829	2042	0	0	1	1	0	88
PB2_vRNA	1975	1988	0	0	1	34	0	67
PB2_vRNA	2212	2246	0	0	1	4	1	58
