HA_vRNA	367	1568	2	2	0	1	0	57
HA_vRNA	379	1462	1	1	0	1	0	53
HA_vRNA	411	1510	1	1	0	1	0	83
HA_vRNA	671	1215	1	1	0	1	0	13
HA_vRNA	770	1268	2	2	0	1	0	31
HA_vRNA	862	940	2	2	0	1	0	34
HA_vRNA	980	1052	1	1	0	1	0	114
HA_vRNA	990	1649	1	1	0	3	0	82
HA_vRNA	1001	1052	1	1	0	1	0	18
HA_vRNA	1032	1179	2	2	0	1	0	31
HA_vRNA	1053	1331	2	2	0	1	0	74
HA_vRNA	1131	1305	0	0	0	4	0	104
HA_vRNA	1382	1425	0	0	0	3	0	131
HA_vRNA	1501	1529	1	5	0	1	0	125
M_vRNA	107	912	2	2	0	2	0	78
M_vRNA	133	195	2	2	0	1	0	36
M_vRNA	227	882	2	2	0	1	0	49
M_vRNA	227	976	2	2	0	1	0	50
M_vRNA	276	888	1	1	0	1	0	67
M_vRNA	280	976	2	2	0	1	0	51
M_vRNA	289	416	2	2	0	1	0	26
M_vRNA	289	564	2	2	0	4	0	97
M_vRNA	289	706	2	2	0	1	0	87
M_vRNA	289	794	2	2	0	10	0	133
M_vRNA	289	882	2	2	0	1976	16	145
M_vRNA	289	976	2	2	0	4172	58	61
M_vRNA	289	984	2	2	0	9	0	43
M_vRNA	289	1016	2	2	0	735	7	22
M_vRNA	291	654	1	1	0	1	0	92
M_vRNA	291	755	1	1	0	1	0	87
M_vRNA	291	769	1	1	0	1	0	20
M_vRNA	379	399	2	4	0	1	0	101
M_vRNA	400	459	2	4	0	2	0	79
M_vRNA	416	465	2	2	0	1	0	125
M_vRNA	442	564	2	2	0	1	0	32
M_vRNA	480	521	1	1	0	1	0	63
M_vRNA	480	553	1	1	0	11	0	104
M_vRNA	489	535	1	1	0	1	0	27
M_vRNA	489	539	1	1	0	1	0	95
M_vRNA	497	553	1	1	0	1	0	77
M_vRNA	500	553	1	1	0	2	0	49
M_vRNA	554	584	1	1	0	1	0	92
M_vRNA	554	593	1	1	0	1	0	24
M_vRNA	680	708	1	1	0	1	0	71
M_vRNA	714	1016	2	2	0	1	0	19
M_vRNA	738	765	2	2	0	3	0	77
M_vRNA	784	827	0	0	0	7	0	134
M_vRNA	934	984	2	2	0	1	0	26
NA_vRNA	62	968	1	1	0	1	0	18
NA_vRNA	191	1226	1	1	0	4	0	124
NA_vRNA	334	1168	1	1	0	1	0	53
NA_vRNA	348	1219	2	2	0	1	0	93
NA_vRNA	357	459	2	2	0	1	0	37
NA_vRNA	361	383	2	2	0	1	0	105
NA_vRNA	403	683	2	2	0	1	0	133
NA_vRNA	427	597	2	2	0	1	0	105
NA_vRNA	427	699	2	2	0	3	1	127
NA_vRNA	427	849	2	2	0	2	0	88
NA_vRNA	442	564	2	4	0	1	0	22
NA_vRNA	512	995	1	1	0	1	0	100
NA_vRNA	561	1068	2	2	0	1	0	14
NA_vRNA	602	745	0	0	0	4	0	104
NA_vRNA	614	1197	1	1	0	7	0	119
NA_vRNA	699	1219	2	2	0	1	0	139
NA_vRNA	959	1080	1	3	0	1	0	15
NA_vRNA	969	1061	1	3	0	1	0	14
NA_vRNA	986	1046	1	1	0	1	0	41
NA_vRNA	1237	1342	2	2	0	1	0	21
NA_vRNA	1254	1301	1	1	0	1	0	49
NP_vRNA	76	996	2	2	0	1	0	56
NP_vRNA	111	1136	2	4	0	1	0	41
NP_vRNA	144	1270	2	2	0	1	0	64
NP_vRNA	164	755	1	1	0	1	0	87
NP_vRNA	172	1212	2	2	0	12	0	117
NP_vRNA	184	1223	2	2	0	24	1	143
NP_vRNA	204	755	1	1	0	1	0	40
NP_vRNA	211	1237	1	1	0	2	0	131
NP_vRNA	211	1286	1	1	0	1	0	15
NP_vRNA	219	683	2	2	0	1	0	123
NP_vRNA	250	292	1	1	0	1	0	39
NP_vRNA	250	380	1	1	0	1	0	46
NP_vRNA	254	1453	1	1	0	1	0	103
NP_vRNA	256	717	2	2	0	1	0	22
NP_vRNA	293	1286	1	1	0	1	0	77
NP_vRNA	293	1404	1	1	0	1	0	53
NP_vRNA	296	1355	1	1	0	1	0	133
NP_vRNA	301	391	2	2	0	2	1	144
NP_vRNA	334	1199	1	1	0	0	2	84
NP_vRNA	336	449	1	1	0	6	0	132
NP_vRNA	336	1153	1	1	0	1	0	111
NP_vRNA	346	1212	2	2	0	1	0	116
NP_vRNA	352	486	1	1	0	2	0	131
NP_vRNA	366	1341	1	1	0	1	0	28
NP_vRNA	380	1286	1	1	0	1	0	35
NP_vRNA	403	1237	1	1	0	1	0	38
NP_vRNA	405	434	2	2	0	1	0	41
NP_vRNA	437	464	2	2	0	1	0	58
NP_vRNA	442	578	1	1	0	1	0	116
NP_vRNA	496	1212	2	2	0	1	0	60
NP_vRNA	539	1124	1	1	0	1	0	30
NP_vRNA	582	1025	1	1	0	1	0	103
NP_vRNA	639	738	2	2	0	5	0	132
NP_vRNA	839	1144	2	2	0	1	0	46
NP_vRNA	849	1025	1	1	0	0	1	75
NP_vRNA	906	1025	1	1	0	10	0	112
NP_vRNA	983	1032	2	2	0	1	0	82
NP_vRNA	997	1126	2	2	0	1	0	43
NP_vRNA	1000	1032	2	2	0	1	0	102
NP_vRNA	1077	1237	1	1	0	1	0	94
NP_vRNA	1077	1312	1	1	0	1	0	55
NS_vRNA	268	834	2	2	0	6	0	55
NS_vRNA	270	369	1	1	0	1	0	40
NS_vRNA	270	378	1	1	0	1	0	12
NS_vRNA	312	356	1	1	0	0	1	62
NS_vRNA	363	782	2	2	0	3	0	94
NS_vRNA	363	834	2	2	0	2133	7	66
NS_vRNA	558	630	0	0	0	3	0	129
NS_vRNA	719	786	1	1	0	1	0	23
NS_vRNA	726	834	2	2	0	2	0	42
NS_vRNA	801	849	2	2	0	0	1	38
PA_vRNA	171	1070	1	1	0	2	0	132
PA_vRNA	241	318	2	2	0	1	0	64
PA_vRNA	244	2033	2	2	0	2	0	95
PA_vRNA	247	1517	1	1	0	1	0	13
PA_vRNA	247	2054	1	1	0	2	0	103
PA_vRNA	267	2026	2	2	0	15	0	133
PA_vRNA	267	2069	2	2	0	7	0	136
PA_vRNA	281	2023	2	2	0	12	0	126
PA_vRNA	294	2054	1	1	0	1	0	87
PA_vRNA	305	341	2	2	0	1	0	18
PA_vRNA	305	429	2	2	0	10	0	47
PA_vRNA	328	517	2	2	0	1	0	86
PA_vRNA	328	2080	2	2	0	4	0	112
PA_vRNA	343	1898	2	2	0	1	0	44
PA_vRNA	382	2026	2	2	0	2	0	75
PA_vRNA	418	517	2	2	0	1	0	130
PA_vRNA	513	1959	2	4	0	2	0	47
PA_vRNA	534	1846	2	2	0	3	0	129
PA_vRNA	605	1766	1	1	0	1	0	70
PA_vRNA	616	1920	1	1	0	1	0	22
PA_vRNA	653	1791	1	1	0	4	0	108
PA_vRNA	666	1723	1	1	0	90	0	134
PA_vRNA	757	1693	0	0	0	3	0	106
PA_vRNA	870	1446	1	1	0	2	0	96
PA_vRNA	1963	2026	2	2	0	1	0	24
PB1_vRNA	83	175	2	2	0	1	0	46
PB1_vRNA	196	1201	1	1	0	0	1	14
PB1_vRNA	210	650	2	2	0	2	0	111
PB1_vRNA	210	1701	2	2	0	1	0	25
PB1_vRNA	210	2016	2	2	0	2	0	82
PB1_vRNA	213	650	2	2	0	2	0	99
PB1_vRNA	213	699	2	2	0	1	0	18
PB1_vRNA	213	855	2	2	0	2	0	104
PB1_vRNA	213	2016	2	2	0	0	1	119
PB1_vRNA	245	2191	2	2	0	1	0	71
PB1_vRNA	277	2079	2	2	0	1	0	126
PB1_vRNA	388	2058	2	2	0	1	0	70
PB1_vRNA	400	2079	2	2	0	2	0	145
PB1_vRNA	419	2122	1	1	0	7	0	134
PB1_vRNA	431	2136	1	1	0	1	0	71
PB1_vRNA	436	1996	1	1	0	1	0	34
PB1_vRNA	440	1819	1	1	0	0	1	131
PB1_vRNA	521	1996	1	1	0	1	0	106
PB1_vRNA	535	1871	2	2	0	1	0	70
PB1_vRNA	553	793	1	1	0	1	0	16
PB1_vRNA	628	1720	2	2	0	1	0	84
PB1_vRNA	657	1758	0	0	0	34	2	134
PB1_vRNA	678	1923	1	3	0	1	0	39
PB1_vRNA	801	1701	2	2	0	1	0	142
PB1_vRNA	1207	1981	2	2	0	2	1	12
PB1_vRNA	1236	1256	2	2	0	3	0	113
PB1_vRNA	1851	1902	1	1	0	1	0	106
PB1_vRNA	2157	2191	2	2	0	1	0	12
PB1_vRNA	2256	2296	1	1	0	6	0	50
PB2_vRNA	81	226	1	1	0	1	0	62
PB2_vRNA	199	2182	1	1	0	1	0	63
PB2_vRNA	214	1995	2	2	0	3	0	106
PB2_vRNA	267	2112	1	1	0	1	0	67
PB2_vRNA	271	2216	2	2	0	12	0	111
PB2_vRNA	271	2242	2	2	0	13	0	99
PB2_vRNA	316	2050	2	2	0	1	0	22
PB2_vRNA	341	2031	1	1	0	1	0	89
PB2_vRNA	344	2112	1	1	0	2	0	78
PB2_vRNA	385	2044	2	2	0	0	1	64
PB2_vRNA	448	829	2	2	0	77	0	119
PB2_vRNA	448	985	2	2	0	1	0	125
PB2_vRNA	473	1866	2	2	0	1	0	35
PB2_vRNA	504	2021	2	2	0	8	1	140
PB2_vRNA	522	668	1	1	0	1	0	12
PB2_vRNA	547	1819	2	2	0	1	0	67
PB2_vRNA	549	2002	2	2	0	2	0	124
PB2_vRNA	572	1866	2	2	0	1	0	145
PB2_vRNA	585	1847	0	0	0	4	0	94
PB2_vRNA	749	784	2	2	0	1	0	114
PB2_vRNA	1229	1285	2	2	0	1	0	112
PB2_vRNA	1451	1654	2	4	0	1	0	93
PB2_vRNA	1589	1636	2	2	0	1	0	63
